0.566125
0.030197
0.029828
0.030702
0.029653
0.029697
0.029808
0.029845
0.029846
0.033912
0.034841
0.029967
0.029926
0.030456
0.030263
0.030100
0.029896
0.030472
0.037613
0.030365
0.053217
0.029965
0.029874
0.029991
0.030002
0.029909
0.029870
0.030005
0.037099
0.030126
0.029927
0.029958
0.030017
0.029839
0.029935
0.029752
0.029858
0.029811
0.029873
0.029846
0.059063
0.029812
0.029937
0.029790
0.029839
0.029908
0.030180
0.029893
0.029805
0.036866
0.037589
0.030783
0.030678
0.030817
0.030682
0.037505
0.037815
0.037106
0.039959
0.038982
0.058974
0.038081
0.042048
0.044719
0.051504
0.029813
0.029869
0.031574
0.038615
0.029852
0.029920
0.029762
0.029954
0.029885
0.029872
0.029783
0.029845
0.057217
0.029828
0.038165
0.067945
0.040235
0.038427
0.039073
0.064974
0.039627
0.057647
0.047431
0.030059
0.030215
0.030110
0.030091
0.030202
0.030762
0.030054
0.029873
0.029727
0.030179
0.029818
0.038034
0.067688
0.063549
0.039337
0.038953
0.038912
0.038766
0.038911
0.038841
0.038862
0.061568
0.042649
0.067832
0.034428
0.030297
0.030151
0.030183
0.030133
0.030162
0.030162
0.029929
0.059186
0.030005
0.029987
0.030130
0.029960
0.029936
0.029821
0.029950
0.051219
0.034098
0.030162
0.064397
0.057995
0.032957
0.030122
0.030031
0.030070
0.030118
0.030143
0.029810
0.058668
0.029853
0.029863
0.029873
0.029778
0.029846
0.029873
0.029820
0.030123
0.029879
0.029998
0.029883
0.029794
0.033483
0.031945
0.029937
0.029826
0.029844
0.029847
0.029851
0.059299
0.029912
0.029932
0.031877
0.033115
0.029931
0.029966
0.029819
0.029817
0.029935
0.029883
0.029975
0.029832
0.029862
0.029848
0.029878
0.029885
0.029977
0.030057
0.029784
0.058637
0.029824
0.029876
0.029889
0.029859
0.042610
0.030178
0.029863
0.029857
0.029807
0.029790
0.029751
0.029738
0.029946
0.029865
0.029861
0.057159
0.033537
0.029877
0.029829
0.059266
0.029878
0.029999
0.029904
0.029853
0.029904
0.029839
0.029961
0.029815
0.029974
0.029900
0.029894
0.029906
0.029954
0.029859
0.029867
0.029917
0.033699
0.029953
0.029898
0.058880
0.029855
0.029931
0.029870
0.029824
0.029855
0.030793
0.035914
0.030130
0.029957
0.030282
0.029900
0.029929
0.030079
0.030056
0.029946
0.029957
0.029873
0.029893
0.029978
0.058979
0.029906
0.030104
0.029953
0.030071
0.030018
0.029960
0.029929
0.048613
0.038402
0.038443
0.030102
0.030136
0.030111
0.030138
0.030414
0.029982
0.029962
0.049213
0.034075
0.058858
0.029954
0.030057
0.029953
0.029995
0.029929
0.029993
0.030001
0.030008
0.029906
0.030072
0.029981
0.029928
0.030028
0.030083
0.029946
0.029978
0.029969
0.050678
0.030960
0.059547
0.030110
0.030067
0.030073
0.030079
0.037946
0.035957
0.030534
0.043002
0.038258
0.038481
0.041175
0.042245
0.042310
0.042523
0.042576
0.026328
0.026289
0.026441
0.026290
0.071815
0.042347
0.042277
0.042390
0.057517
0.045959
0.065064
0.044032
0.037983
0.020275
0.020342
0.020267
0.020372
0.046512
