0.497977
0.031974
0.031618
0.033267
0.030214
0.030375
0.030562
0.030226
0.036566
0.039517
0.038134
0.030544
0.030511
0.030560
0.030571
0.030558
0.030577
0.033965
0.030550
0.030534
0.075055
0.037135
0.030509
0.030603
0.030629
0.030521
0.019876
0.033192
0.030494
0.030505
0.019831
0.019864
0.019801
0.019836
0.020224
0.019890
0.020075
0.019849
0.019885
0.019801
0.019816
0.019800
0.019821
0.019905
0.019805
0.019800
0.019824
0.020447
0.026004
0.035140
0.030531
0.030442
0.030396
0.030468
0.030483
0.030481
0.030626
0.030656
0.030610
0.049364
0.062505
0.030617
0.030672
0.030592
0.030662
0.030553
0.030590
0.030823
0.030472
0.030459
0.030592
0.030614
0.030485
0.030474
0.030652
0.030510
0.030507
0.030517
0.030569
0.030491
0.081994
0.029685
0.029736
0.029905
0.029757
0.029615
0.029718
0.029673
0.029635
0.029676
0.029638
0.033974
0.031003
0.029936
0.029868
0.029719
0.029737
0.029716
0.029627
0.029894
0.058329
0.029668
0.029650
0.029646
0.029728
0.029682
0.029788
0.029706
0.029635
0.029625
0.029728
0.029634
0.029622
0.031952
0.038951
0.030634
0.030127
0.029736
0.029781
0.029613
0.058471
0.029792
0.029703
