0.522635
0.043513
0.038885
0.038661
0.038917
0.038749
0.038880
0.038661
0.038948
0.038809
0.038510
0.041770
0.042042
0.067107
0.041872
0.042136
0.041885
0.041801
0.041729
0.053887
0.094574
0.042225
0.051978
0.030215
0.031080
0.029999
0.030136
0.030041
0.029970
0.030049
0.043674
0.029705
0.029904
0.029824
0.029727
0.029777
0.029750
0.029780
0.029849
0.030815
0.070146
0.029976
0.029734
0.029770
0.029778
0.030102
0.029971
0.029859
0.029802
0.029915
0.039182
0.033795
0.029777
0.029811
0.029761
0.029724
0.029749
0.029850
0.029752
0.029722
0.059639
0.029764
0.029723
0.029809
0.029817
0.029949
0.029896
0.038007
0.029877
0.040200
0.037946
0.037929
0.041879
0.044481
0.041889
0.041985
0.041911
0.055278
0.038197
0.041847
0.071712
0.041593
0.041690
0.042478
0.040132
0.037322
0.037321
0.037505
0.030668
0.030652
0.030493
0.030506
0.030550
0.038213
0.030487
0.030435
0.030476
0.030511
0.030604
0.030522
0.059325
0.030624
0.051585
0.037730
0.030702
0.030696
0.030584
0.030617
0.030625
0.030619
0.030607
0.030610
0.030630
0.030633
0.030576
0.030670
0.030650
0.030592
0.030721
0.030645
0.059625
0.030640
0.047244
0.037671
0.030568
0.030616
0.030564
0.030555
0.030714
0.030619
0.030613
0.030569
0.030689
0.042538
0.033442
0.029742
0.029745
0.029824
0.029778
0.029898
0.059093
0.029730
0.029727
0.029722
0.029781
0.029693
0.029692
0.029737
0.029831
0.029723
0.029965
0.029752
0.029702
0.029789
0.029824
0.041718
0.030038
0.029801
0.030025
0.029767
0.058817
0.029783
0.029773
0.029887
0.029765
0.044433
0.038091
0.037960
0.038032
0.042130
0.056617
0.065055
0.049751
0.029735
0.030277
0.030118
0.031747
0.029995
0.029923
0.029818
0.060072
0.029726
0.043930
0.038378
0.037918
0.038059
0.041967
0.041887
0.041745
0.064474
0.044658
0.039160
0.030865
0.030785
0.030869
0.030720
0.030153
0.029787
0.029732
0.029758
0.058933
0.029589
0.029667
0.029920
0.030689
0.030519
0.029717
0.029691
0.029774
0.058190
0.032064
0.029727
0.029876
0.029683
0.029823
0.029777
0.029790
0.029686
0.029932
0.029722
0.070123
0.029741
0.029639
0.029783
0.029655
0.029752
0.029674
0.029958
0.029747
0.029578
0.029736
0.029682
0.029934
0.029755
0.029938
0.029794
0.029784
0.030015
0.029853
0.029833
0.060128
0.038485
0.033369
0.029723
0.029823
0.029799
0.029765
0.029860
0.029783
0.029862
0.029723
0.029812
0.033593
0.030570
0.029830
0.029787
0.029814
0.029730
0.029877
0.029786
0.058840
0.029961
0.029777
0.030124
0.033195
0.032140
0.030438
0.030240
0.029906
0.029875
0.029829
0.029868
0.029840
0.031153
0.039258
0.036955
0.029857
0.029681
0.029776
0.029840
0.058744
0.029773
0.029886
0.035673
0.032844
0.029789
0.029761
0.029765
0.019843
0.030103
0.029868
0.029815
0.029748
0.029803
0.029798
0.029797
0.029844
0.029731
0.029755
0.029784
0.060170
0.029681
0.029798
0.029743
0.053816
0.030550
0.029802
0.029951
0.030012
0.029794
0.030407
0.029890
0.029743
0.029900
0.047552
0.035938
0.030002
0.030002
0.029874
0.029858
0.059135
0.029892
0.029934
0.029895
0.029979
0.029946
0.029973
0.029927
0.029922
0.030007
0.029932
0.029990
0.029992
0.029899
0.029986
0.030179
0.040845
0.033391
0.029909
0.029880
0.058941
0.030107
0.030001
0.029935
0.045644
0.052428
0.030343
0.029914
0.029890
0.029839
0.029922
0.029936
0.029806
0.029925
0.038126
0.038162
0.038065
0.047074
0.042229
0.042035
0.072267
0.042069
0.042071
0.048038
0.045521
0.045235
0.044994
0.045308
0.045337
0.045170
0.073711
0.042321
0.041941
0.042154
0.042122
0.042048
0.048976
0.042253
0.042238
0.042011
0.073087
0.042358
0.042315
0.042006
0.042231
0.053913
0.064694
0.038477
0.045887
0.030293
0.032890
0.046398
0.030245
0.050791
0.031448
0.030223
0.030165
0.030253
0.030092
0.030065
0.060117
0.029935
0.029997
0.030006
0.030180
0.030056
0.032063
0.030332
0.030314
0.030299
0.030288
0.030502
0.042017
0.042041
0.063414
0.033223
0.029792
0.029800
0.029875
0.029807
0.059157
0.029846
0.029990
0.054800
0.032910
0.030159
0.030031
0.030066
0.030226
0.030138
0.029978
0.029934
0.029929
0.029942
0.030056
0.030002
0.030065
0.030096
0.030053
0.029968
0.059740
0.029979
0.030006
0.049372
0.029975
0.029951
0.030017
0.030267
0.030941
0.033362
0.038226
0.038213
0.038336
0.054758
0.037742
0.036369
0.030231
0.032773
0.030057
0.030196
0.058844
0.030094
0.030135
0.030061
0.030037
0.030047
0.030301
0.030083
0.030039
0.030135
0.030059
0.030041
0.030101
0.041507
0.032221
0.030092
0.030056
0.030427
0.030048
0.030042
0.059414
0.030094
0.030091
0.031628
0.034048
0.030075
0.030211
0.030123
0.030114
0.030091
0.030224
0.030047
0.030135
0.030077
0.030165
0.030153
0.030061
0.030074
0.030052
0.030228
0.059314
0.030013
0.030055
0.030043
0.030079
0.046529
0.038535
0.030129
0.038464
0.038208
0.038719
0.042480
0.049085
0.070394
0.030373
0.030037
0.030027
0.030046
0.030050
0.030475
0.059242
0.030138
0.030093
0.030213
0.030190
0.029999
0.030031
0.030087
0.030030
0.030402
0.030305
0.030287
0.029930
0.030032
0.030200
0.039120
0.038371
0.036056
0.030154
0.030144
0.060624
0.030089
0.030138
0.030205
0.057858
0.030259
0.030130
0.030076
0.030079
0.030190
0.030041
0.030026
0.030094
0.030116
0.030112
0.030485
0.030205
0.030249
0.030085
0.030140
0.059310
0.030216
0.030185
0.030190
0.030140
0.050365
0.040843
0.039552
0.030295
0.030323
0.030277
0.030251
0.030149
0.030175
0.030165
0.038461
0.037418
0.030918
0.030909
0.031588
0.060330
0.030989
0.031054
0.030918
0.030892
0.030970
0.031127
0.030870
0.031438
0.031096
0.030974
0.031011
0.030986
0.030919
0.031190
0.030998
0.060525
0.039559
0.031007
0.031043
0.061403
0.030991
0.031030
0.030921
0.030922
0.055300
0.037978
0.031096
0.030926
0.030938
0.030962
0.031030
0.031015
0.030930
0.030160
0.030176
0.030082
0.030243
0.030119
0.030080
0.059821
0.030182
0.030162
0.030198
0.030270
0.020314
0.020344
0.022693
0.026311
0.020595
0.020392
0.020323
0.030277
0.030381
0.030678
0.020820
0.030736
0.030612
0.030831
0.030666
0.069153
0.030659
0.045897
0.030576
0.031020
0.031113
0.031357
0.031117
0.031276
0.031324
0.030734
0.030552
0.030683
0.030564
0.030666
0.030676
0.030533
0.030257
0.030160
0.030207
