0.509692
0.030165
0.030181
0.030101
0.030066
0.029969
0.029890
0.030031
0.029994
0.035786
0.034067
0.029851
0.029878
0.030258
0.030844
0.030169
0.029862
0.029888
0.029850
0.029917
0.053477
0.030085
0.029954
0.029946
0.029823
0.029865
0.030019
0.029972
0.029885
0.029919
0.029958
0.052474
0.030252
0.029782
0.029913
0.029978
0.029905
0.029807
0.029857
0.029825
0.059038
0.046607
0.039597
0.038040
0.030664
0.030861
0.030707
0.030736
0.030698
0.030924
0.030838
0.029910
0.029927
0.029911
0.029984
0.029918
0.029910
0.029875
0.030020
0.029863
0.058937
0.029912
0.032802
0.039271
0.038008
0.038060
0.038177
0.041991
0.057950
0.030039
0.029855
0.035281
0.037689
0.029862
0.029990
0.029877
0.029913
0.029896
0.029896
0.029932
0.059595
0.030122
0.029876
0.030926
0.029859
0.030015
0.029899
0.029808
0.029862
0.029866
0.029864
0.029921
0.050835
0.030806
0.029822
0.029945
0.029870
0.030082
0.029890
0.029847
0.058989
0.029905
0.036208
0.030189
0.029821
0.029840
0.029892
0.029871
0.029787
0.029835
0.029800
0.029928
0.029852
0.029897
0.029846
0.029833
0.029814
0.029976
0.029980
0.029819
0.059546
0.029882
0.029820
0.033758
0.036611
0.029919
0.037980
0.029802
0.029998
0.029788
0.029870
0.029698
0.029848
0.044702
0.030093
0.029831
0.029807
0.029872
0.029743
0.029769
0.059068
0.030222
0.030745
0.030157
0.029894
0.029808
0.029837
0.029801
0.029963
0.029950
0.029945
0.029799
0.029817
0.029841
0.048330
0.031345
0.029870
0.029871
0.029834
0.029834
0.059110
0.029842
0.029875
0.019905
0.019862
0.023829
0.022932
0.020103
0.019799
0.019800
0.019883
0.019840
0.019891
0.019889
0.025954
0.019874
0.019903
0.019889
0.019845
0.019874
0.019922
0.019931
0.019897
0.019905
0.019928
0.019918
0.019892
0.019849
0.019882
0.019910
0.019841
0.019912
0.019879
0.019867
0.019943
0.019840
0.019831
0.021428
0.025223
0.020204
0.019822
0.019942
0.020001
0.019830
0.019854
0.019831
0.019810
0.019922
0.019971
0.019896
0.019908
0.019855
0.019907
0.019939
0.025608
0.020236
0.019841
0.019867
0.020028
0.019893
0.019933
0.019972
0.019863
0.019803
0.019784
0.020205
0.019819
0.019859
0.019901
0.019782
0.019869
0.019761
0.019813
0.019850
0.019859
0.019812
0.019821
0.019827
0.019807
0.019801
0.019873
0.019814
0.019798
0.019902
0.019839
0.022963
0.020014
0.019901
0.019821
0.019869
0.019853
0.019827
0.019833
0.019853
0.020016
0.019814
0.019881
0.019890
0.019896
0.019918
0.022304
0.024317
0.021650
0.019859
0.019788
0.019851
0.019994
0.019727
0.019803
0.019854
0.019777
0.019726
0.019763
0.019836
0.019897
0.019798
0.019836
0.019907
0.019870
0.029677
