0.498341
0.030034
0.030218
0.029892
0.029925
0.029886
0.047871
0.030468
0.030247
0.030183
0.030114
0.030147
0.031181
0.030393
0.030306
0.020446
0.039251
0.038697
0.038367
0.030375
0.020417
0.030291
0.021323
0.025778
0.020383
0.020521
0.020425
0.020623
0.020468
0.020433
0.020806
0.020419
0.020416
0.020451
0.020561
0.020543
0.020342
0.020410
0.020383
0.020488
0.020713
0.037180
0.023057
0.030581
0.042610
0.029947
0.042778
0.030362
0.030598
0.030366
0.036834
0.029075
0.030507
0.030540
0.030529
0.030478
0.045019
0.045672
0.045758
0.045792
0.060111
0.030434
0.030435
0.030371
0.030819
0.028471
0.045949
0.030365
0.030449
0.040004
0.046279
0.030488
0.030537
0.030441
0.030514
0.030956
0.030794
0.030833
0.030753
0.035069
0.061374
0.030559
0.030719
0.030507
0.030578
0.030557
0.030858
0.030386
0.030595
0.030731
0.030771
0.030958
0.030722
0.030840
0.046736
0.030478
0.030537
0.045801
0.046082
0.033071
0.071159
0.039249
0.030862
0.030412
0.030384
0.030519
0.030491
0.030434
0.054685
0.035195
0.030641
0.030753
0.030988
0.030809
0.030906
0.030873
0.030936
0.030572
0.030626
0.030915
0.059842
0.030884
0.030790
0.030863
0.030955
0.031014
0.030754
0.030899
0.031511
0.043899
0.030800
0.030225
0.030411
0.030452
0.030471
0.030487
0.030504
0.030401
0.030490
0.030308
0.074589
0.030361
0.030381
0.030351
0.030463
0.030354
0.030467
0.030457
0.030383
0.030377
0.030416
0.030441
0.030398
0.030371
0.030828
0.030595
0.030526
0.030545
0.030486
0.030511
0.059582
0.038851
0.032235
0.030471
0.030287
0.030808
0.030746
0.030539
0.028695
0.030409
0.034479
0.030506
0.030335
0.030528
0.030479
0.030732
0.031009
0.030689
0.030769
0.041201
0.068604
0.031322
0.031298
0.031229
0.031399
0.031827
0.031820
0.032253
0.031842
0.031669
0.039342
0.032050
0.030681
0.030326
0.020509
0.020531
0.020518
0.020499
0.020542
0.020607
0.020464
0.020555
0.020504
0.020562
0.034843
0.020967
0.020468
0.020706
0.020583
0.020592
0.020465
0.020491
0.020549
0.020598
0.020583
0.020411
0.020470
0.020597
0.020556
0.020667
0.020537
0.020606
0.020576
