0.507522
0.030479
0.030492
0.030321
0.030334
0.030339
0.033268
0.030376
0.030804
0.031333
0.030968
0.030171
0.030284
0.030201
0.030108
0.030316
0.052964
0.030515
0.030121
0.030137
0.053437
0.030134
0.030147
0.030249
0.030138
0.030076
0.030172
0.030192
0.030201
0.030185
0.030221
0.030108
0.030056
0.030362
0.030127
0.030264
0.030283
0.030330
0.049510
0.030300
0.059675
0.030266
0.030275
0.030404
0.030139
0.030203
0.030445
0.030327
0.033521
0.030128
0.030195
0.030158
0.030154
0.030249
0.030443
0.030107
0.030348
0.030171
0.030187
0.030177
0.059322
0.030200
0.030290
0.030172
0.030248
0.030252
0.030247
0.030277
0.039346
0.031196
0.030417
0.030437
0.030255
0.030287
0.030281
0.030284
0.030198
0.030277
0.020446
0.021843
0.024330
0.033826
0.030437
0.030566
0.030549
0.030405
0.030597
0.030154
0.030311
0.030209
0.030188
0.030246
0.030215
0.045203
0.050160
0.045438
0.041296
0.035856
0.030134
0.035157
0.063324
0.030277
0.030209
0.030188
0.030203
0.030185
0.030297
0.030238
0.032796
0.034193
0.030200
0.020387
0.030285
0.030414
0.030181
0.030274
0.030219
0.030221
0.030357
0.030217
0.059720
0.030553
0.020693
0.020796
0.030512
0.030361
0.030419
0.030228
0.030116
0.030153
0.030292
0.042838
0.030464
0.020216
0.020288
0.020325
0.020214
0.020287
0.020261
0.020331
0.020278
0.020284
0.026416
0.027135
0.026678
0.027432
0.026524
0.026294
0.026503
0.026386
0.026325
0.026510
0.026459
0.044442
0.022381
0.020516
0.020333
0.020288
0.020310
0.020267
0.020282
0.020270
0.020327
0.020336
0.020188
0.020171
0.020449
0.020236
0.020289
0.020302
0.020244
0.025165
0.039685
0.038428
0.038322
0.038314
0.039106
0.042199
0.042784
0.043321
0.070997
0.039697
0.060465
0.031649
0.031104
0.031145
0.031204
0.031297
0.031136
0.031236
0.020381
0.020254
0.020299
0.020305
0.020179
0.020284
0.020420
0.020307
0.020263
0.020326
0.020274
0.020413
0.030064
0.026956
0.026330
0.026340
0.026443
0.026324
0.026526
0.024201
0.020723
0.020686
0.020277
0.020247
0.020214
0.026356
0.020731
0.020270
0.020192
0.020244
0.020127
0.020259
0.030051
0.030164
0.030012
0.030150
