0.533057
0.042111
0.042085
0.042077
0.042008
0.041955
0.042013
0.076530
0.042174
0.042044
0.041885
0.041942
0.042073
0.041883
0.063502
0.045549
0.060478
0.031202
0.030988
0.030912
0.054535
0.031111
0.030909
0.030660
0.030003
0.029903
0.030784
0.030827
0.030880
0.030828
0.030822
0.030869
0.039734
0.030595
0.029982
0.030153
0.030101
0.030144
0.020242
0.020240
0.020316
0.020300
0.020189
0.020322
0.040873
0.026463
0.026323
0.026221
0.026354
0.026260
0.030837
0.043072
0.030384
0.030473
0.030445
0.030450
0.020447
0.020561
0.020845
0.023054
0.020482
0.020314
0.030209
0.029984
0.030141
0.030041
0.029959
0.020010
0.026075
0.036742
0.030070
0.030056
0.020180
0.020203
0.020167
