0.543840
0.033793
0.039144
0.030117
0.030091
0.030215
0.030070
0.030018
0.030187
0.030045
0.030063
0.030108
0.030249
0.030048
0.030257
0.030139
0.030123
0.029977
0.030201
0.030137
0.053665
0.030131
0.030010
0.039414
0.038543
0.038468
0.038709
0.042872
0.042233
0.042169
0.042415
0.040158
0.045500
0.064338
0.031122
0.030953
0.031018
0.032140
0.033918
0.039832
0.068811
0.039453
0.039504
0.043439
0.061255
0.031074
0.031417
0.040518
0.032768
0.031141
0.031170
0.033168
0.030884
0.031090
0.030797
0.031018
0.031141
0.050856
0.034450
0.030247
0.059644
0.030260
0.030283
0.030266
0.030310
0.030839
0.030476
0.030393
0.030439
0.030522
0.030825
0.030551
0.030509
0.030481
0.030519
0.030617
0.030509
0.030419
0.038870
0.032458
0.060216
0.030512
0.030505
0.030459
0.030758
0.030427
0.030571
0.049498
0.032403
0.030490
0.030735
0.030529
0.030427
0.030387
0.030380
0.030668
0.030424
0.030682
0.030471
0.030409
0.059540
0.030545
0.030399
0.030387
0.030623
0.030486
0.030461
0.030534
0.043549
0.031162
0.030622
0.030491
0.030516
0.030631
0.030645
0.030524
0.030891
0.030519
0.030653
0.039847
0.068964
0.043020
0.042983
0.052687
0.055916
0.031006
0.030701
0.031264
0.033742
0.030564
0.031149
0.030551
0.030592
0.030592
0.030599
0.035929
0.036456
0.031157
0.030733
0.030647
0.059724
0.030520
0.030620
0.030657
0.030525
0.031160
0.040081
0.039160
0.039014
0.039079
0.043208
0.043317
0.043335
0.043604
0.043332
0.046506
0.043620
0.043035
0.043015
0.043206
0.084301
0.053383
0.030786
0.031029
0.031119
0.031199
0.030902
0.030958
0.031052
0.031318
0.037401
0.031140
0.030964
0.031095
0.031222
0.031043
0.031053
0.031227
0.031046
0.030904
0.060320
0.040102
0.040222
0.039862
0.035790
0.035409
0.031895
0.031859
0.031317
0.051597
0.031771
0.031615
0.031733
0.031368
0.031696
0.031568
0.031655
0.031217
0.030999
0.030967
0.072903
0.031154
0.031087
0.031084
0.031084
0.030948
0.030839
0.030953
0.030867
0.031037
0.031369
0.031055
0.031125
0.030877
0.031060
0.031199
0.031086
0.031229
0.031284
0.034472
0.063790
0.031165
0.031136
0.031005
0.031135
0.031159
0.031257
0.031157
0.031367
0.054431
0.031928
0.032011
0.032190
0.032435
0.032573
0.032553
0.032688
0.032347
0.032401
0.032706
0.062506
0.031969
0.031371
0.031785
0.031614
0.031555
0.031448
0.031657
0.043791
0.034876
0.031833
0.031759
0.031903
0.031954
0.031741
0.031828
0.031570
0.031900
0.032031
0.056525
0.060869
0.031826
0.031862
0.031932
0.031822
0.032084
0.032400
0.032014
0.032076
0.032091
0.031946
0.031920
0.032098
0.032350
0.032093
0.032620
0.033601
0.033154
0.033482
0.035625
0.068768
0.042712
0.051661
0.061133
