0.550384
0.042145
0.033288
0.033231
0.033216
0.032965
0.033082
0.033186
0.033099
0.033041
0.034010
0.033046
0.032760
0.032830
0.032912
0.032699
0.032601
0.053147
0.033386
0.032403
0.055737
0.032438
0.032375
0.032312
0.032361
0.032140
0.032222
0.036382
0.031972
0.031987
0.032121
0.032126
0.031940
0.031904
0.031823
0.032079
0.031998
0.032043
0.032008
0.032082
0.061155
0.031940
0.032045
0.031953
0.031849
0.031829
0.031796
0.046919
0.032038
0.030969
0.031055
0.030968
0.031277
0.031111
0.031097
0.030992
0.031025
0.051345
0.031489
0.031143
0.060133
0.030903
0.031002
0.030945
0.031183
0.030946
0.030877
0.030706
0.030931
0.030821
0.030798
0.030725
0.030869
0.030876
0.030755
0.030564
0.030597
0.030415
0.030935
0.036994
0.061433
0.030684
0.030622
0.030470
0.030360
0.030531
0.030482
0.030241
0.032282
0.036943
0.030520
0.030327
0.030519
0.030459
0.030395
0.030403
0.030343
0.030396
0.030399
0.030320
0.059613
0.030369
0.030306
0.030508
0.030449
0.030354
0.030488
0.030309
0.030431
0.030378
0.034959
0.032097
0.030528
0.030323
0.030224
0.030339
0.030380
0.030345
0.030356
0.030302
0.060004
0.036675
0.030555
0.030230
0.030453
0.030199
0.030270
0.030276
0.030327
0.030314
0.030235
0.030359
0.030232
0.030335
0.030194
0.030219
0.030210
0.030247
0.030174
0.030208
0.059569
0.030156
0.030196
0.032969
0.030349
0.030242
0.030328
0.030017
0.030072
0.030137
0.033076
0.030272
0.030102
0.033339
0.033254
0.030164
0.030227
0.030082
0.030250
0.030130
0.059729
0.030185
0.030061
0.030111
0.030158
0.030005
0.030547
0.030130
0.030172
0.030304
0.030096
0.030250
0.030200
0.030159
0.030197
0.042676
0.033392
0.030075
0.030106
0.030128
0.059563
0.029999
0.030062
0.030129
0.030367
0.047058
0.033868
0.030082
0.030005
0.030112
0.029970
0.030078
0.029966
0.030345
0.030326
0.030129
0.030047
0.030108
0.030142
0.030095
0.059718
0.030067
0.030066
0.030018
0.030111
0.030017
0.030012
0.036894
0.035238
0.030127
0.029981
0.030021
0.030024
0.030042
0.030782
0.030912
0.030636
0.030277
0.041824
0.037522
0.059683
0.030025
0.030024
0.030030
0.029987
0.030045
0.030173
0.030011
0.029927
0.029984
0.029970
0.030015
0.029938
0.030085
0.030387
0.030065
0.030232
0.030196
0.030094
0.031458
0.065989
0.030006
0.030101
0.030189
0.030012
0.030024
0.030045
0.030099
0.030034
0.030084
0.049899
0.038617
0.038316
0.038185
0.038859
0.042270
0.042012
0.046046
0.068189
0.049935
0.059725
0.030351
0.030204
0.030348
0.030062
0.029886
0.030094
0.061154
0.030353
0.030345
0.030068
0.030080
0.030045
0.030019
0.030092
0.029970
0.030088
0.029943
0.049388
0.030488
0.059775
0.029955
0.030037
0.029968
0.030000
0.030050
0.029962
0.030062
0.030046
0.029927
0.030128
0.030014
0.030030
0.030184
0.029985
0.029994
0.030337
0.030200
0.030069
0.038793
0.073024
0.030321
0.030203
0.030042
0.030248
0.030099
0.030058
0.029975
0.029882
0.044651
0.038440
0.038069
0.041960
0.042003
0.041945
0.042065
0.042193
0.042709
0.042101
0.042114
0.072225
0.041959
0.042123
0.041993
0.042164
0.053752
0.045336
0.045072
0.055566
0.030236
0.030211
0.030205
0.030373
0.030162
