0.609543
0.030448
0.030437
0.030324
0.030079
0.029826
0.029857
0.029821
0.029675
0.029860
0.029810
0.029884
0.029761
0.030037
0.029791
0.036680
0.035434
0.029787
0.029720
0.029791
0.053789
0.030236
0.031416
0.030288
0.039090
0.029904
0.029874
0.029812
0.029918
0.029843
0.029986
0.029790
0.029832
0.029757
0.029857
0.029823
0.029860
0.029994
0.029944
0.030077
0.059476
0.030103
0.029910
0.044797
0.031811
0.029986
0.029919
0.029936
0.029906
0.029992
0.030135
0.030103
0.029939
0.034879
0.039050
0.038420
0.031354
0.030116
0.029986
0.029938
0.059728
0.030177
0.029922
0.030066
0.030146
0.030021
0.029996
0.030187
0.030216
0.030074
0.030446
0.032215
0.039087
0.038219
0.039727
0.067106
0.056792
0.029899
0.029961
0.050314
0.069234
0.042239
0.042274
0.046268
0.040027
0.041808
0.042194
0.068057
0.036085
0.030266
0.030214
0.020365
0.020176
0.020237
0.020434
0.020201
0.019949
0.020096
0.030871
0.026777
0.026163
0.026076
0.026035
0.024647
0.020449
0.020573
0.020563
0.020573
0.020585
0.020495
0.020091
0.020058
0.020034
0.024923
0.024211
0.020005
0.019973
0.020067
0.020096
0.020233
0.020061
0.020131
0.020097
0.020134
0.019986
0.020065
0.020080
0.020023
0.020113
0.020067
0.020097
0.019999
0.020086
0.020104
0.020109
0.020063
0.020055
0.020052
0.020051
0.020096
0.020059
0.020119
0.020083
0.020100
0.020080
0.025436
0.022401
0.020147
0.020050
0.020118
0.020179
0.020102
0.020077
0.020122
0.020078
0.020107
0.020106
0.020081
0.020086
0.020091
0.020179
0.025978
0.020580
0.020083
0.020075
0.020147
0.020184
0.020550
0.020048
0.020088
0.020077
0.020053
0.020028
0.020134
0.020065
0.019939
0.019982
0.020062
