0.511395
0.034414
0.033996
0.034742
0.033186
0.032905
0.052546
0.032834
0.032722
0.032615
0.032756
0.032610
0.079422
0.051181
0.032511
0.032150
0.031845
0.031740
0.043541
0.032507
0.056044
0.031384
0.031555
0.031509
0.031530
0.044468
0.031229
0.031335
0.031410
0.040621
0.040802
0.040842
0.038767
0.031384
0.031492
0.031539
0.031369
0.031589
0.031330
0.041862
0.061527
0.031247
0.031071
0.031057
0.030990
0.030857
0.030917
0.030803
0.031430
0.031002
0.031151
0.031068
0.030853
0.030992
0.030856
0.030909
0.031058
0.030864
0.030936
0.046103
0.061340
0.030709
0.030473
0.030510
0.030511
0.030466
0.030462
0.030581
0.030574
0.043627
0.038928
0.038849
0.038739
0.038969
0.042775
0.045575
0.050068
0.031555
0.039386
0.030331
0.059934
0.030299
0.030168
0.030357
0.030285
0.030236
0.033956
0.033278
0.037087
0.030312
0.030478
0.030534
0.030414
0.030454
0.030314
0.030472
0.030427
0.042948
0.030732
0.020538
0.059950
0.030438
0.030278
0.030415
0.030350
0.030554
0.030255
0.030236
0.030267
0.020257
0.020203
0.020266
0.020249
0.020240
0.020290
0.020176
0.030238
0.030322
0.030464
0.030463
0.072952
0.030439
0.030562
0.030421
0.030401
0.030676
0.030315
0.030278
0.030308
0.030231
0.042634
0.030524
0.030095
0.030070
0.030083
0.030174
0.030064
0.030188
0.030030
0.030128
0.059927
0.030276
0.030155
0.030142
0.030143
0.040124
0.038864
0.038249
0.038545
0.057316
0.038491
0.042158
0.044594
0.057079
0.036905
0.045025
0.029995
0.042156
0.030343
0.030110
0.059704
0.030154
0.030047
0.030107
0.030016
0.030010
0.030011
0.030010
0.030025
0.029932
0.030127
0.030052
0.029997
0.030113
0.030035
