0.533301
0.032285
0.030458
0.030529
0.030475
0.030354
0.030408
0.030501
0.030591
0.030604
0.030477
0.033495
0.035497
0.030663
0.030568
0.030501
0.030470
0.030577
0.030546
0.030593
0.054710
0.030626
0.030587
0.031032
0.031155
0.031022
0.031335
0.031545
0.031333
0.031121
0.030903
0.020876
0.021027
0.037644
0.027905
0.021040
0.020916
0.030874
0.031090
0.021401
0.021518
0.021475
0.021471
0.021523
0.031313
0.050193
0.040907
0.028252
0.028113
0.028259
0.037327
0.027632
0.021252
0.021333
0.021316
0.021328
0.021381
0.021319
0.021426
0.021360
0.021384
0.021420
0.021318
0.021366
0.021522
0.021384
0.021327
0.021308
0.021358
0.021419
0.021591
0.026742
0.029188
0.025209
0.021809
0.021723
0.021829
0.021741
0.022099
0.021987
0.021837
0.021756
0.021791
0.021762
0.021767
0.021689
0.051141
0.022326
0.021638
0.021791
0.021712
0.021809
0.021671
0.021774
0.021806
0.021779
0.021743
0.021786
0.021811
0.021930
0.028252
0.047614
0.046952
0.021766
0.021509
0.021592
0.021547
0.021586
0.021516
0.021593
0.021476
0.021553
0.021608
0.029119
0.022497
0.021412
0.021351
0.021462
0.021467
0.021337
0.021399
0.021408
0.021359
0.021267
0.021247
0.021313
0.021263
0.021335
0.028779
0.028159
0.021330
0.021392
0.021371
0.021400
0.021338
0.021428
0.021345
0.021343
0.021389
0.021422
0.021409
0.021359
0.021406
0.021373
0.021570
0.021442
0.021392
0.021344
0.021395
0.021302
0.021408
0.021331
0.021305
0.021307
0.021421
0.021339
0.021365
0.021408
0.025406
0.028512
0.021530
0.021307
0.021544
0.021431
0.021361
0.021365
0.021407
0.021443
0.021343
0.021351
0.021389
0.021375
0.021401
0.028462
0.025965
0.021382
0.021454
0.021402
0.021328
0.021364
0.021372
0.021448
0.021316
0.021350
0.021369
0.021390
0.022011
0.021393
0.021331
0.021379
0.021360
0.021455
0.021410
0.021355
0.021345
0.021240
0.021356
0.021389
0.021359
0.021345
0.021306
0.021399
0.021272
0.024948
0.028314
0.021298
0.021353
0.021286
0.021413
0.021288
0.021609
0.021393
0.021253
0.021390
0.021316
0.021353
0.021371
0.021339
0.024388
0.029540
0.028495
0.021435
0.021382
0.021366
0.021293
0.021400
0.021378
0.021403
0.021452
0.021378
0.021327
0.021299
0.021313
0.021369
0.021450
0.021336
0.021349
0.021252
0.021373
0.021359
0.021374
0.021339
0.021356
0.021384
0.021375
0.021381
0.021316
0.039559
0.029279
0.021363
0.021355
0.021338
0.021259
0.025630
0.028370
0.025154
0.021351
0.021282
0.021365
0.021261
0.021273
0.022352
0.029299
0.024304
0.021339
0.021410
0.021366
0.021409
0.021310
0.021429
0.021468
0.021354
0.021385
0.021506
0.021443
0.021412
0.021489
0.021418
0.021361
0.021491
0.021470
0.021440
0.021333
0.021331
0.021394
0.021477
0.021452
0.021660
0.021388
0.021415
0.021360
0.025900
0.024783
0.021635
0.021425
0.021384
0.021417
0.021322
0.021496
0.021437
0.021377
0.021376
0.021311
0.021353
0.021498
0.021369
0.023552
0.026815
0.021979
0.021388
0.021385
0.021371
0.021421
0.021427
0.021410
0.021386
0.021336
0.021338
0.021385
0.021377
0.021378
0.021440
0.021374
0.021393
0.021310
0.021433
0.021384
0.021400
0.021420
0.021425
0.021364
0.021413
0.021289
0.024948
