0.522834
0.039508
0.038900
0.030356
0.030229
0.030336
0.030191
0.030213
0.030211
0.058517
0.031578
0.030894
0.030818
0.030888
0.030750
0.030811
0.030717
0.030703
0.034437
0.034793
0.058038
0.034563
0.034381
0.034107
0.034434
0.034196
0.034106
0.036764
0.049356
0.033148
0.033049
0.032905
0.033018
0.032850
0.032926
0.032889
0.033384
0.036351
0.036798
0.032834
0.062360
0.032799
0.032609
0.032521
0.032520
0.032566
0.032338
0.032334
0.032393
0.032191
0.032171
0.032263
0.032159
0.032170
0.032042
0.032161
0.032125
0.032086
0.035645
0.032098
0.062209
0.031873
0.031835
0.032025
0.031858
0.032081
0.032177
0.051473
0.032147
0.031739
0.031673
0.031846
0.031587
0.031824
0.031670
0.031834
0.031745
0.031544
0.031616
0.031443
0.061045
0.031438
0.031595
0.031536
0.031584
0.031632
0.031541
0.051818
0.031829
0.031452
0.031582
0.031507
0.031596
0.031413
0.031525
0.031537
0.031303
0.031381
0.053011
0.031420
0.060820
0.031235
0.031291
0.031313
0.031154
0.031314
0.031249
0.031199
0.031250
0.031094
0.031170
0.031293
0.031341
0.031420
0.031198
0.031117
0.031151
0.031198
0.031241
0.033551
0.060607
0.031271
0.031244
0.031120
0.031380
0.031065
0.031260
0.031360
0.033916
0.036684
0.031086
0.031023
0.031172
0.031308
0.031099
0.030967
0.031151
0.031012
0.031163
0.046459
0.060843
0.031232
0.031088
0.031055
0.031011
0.031179
0.031102
0.041821
0.031265
0.031035
0.031053
0.031026
0.046345
0.030958
0.030909
0.030883
0.030865
0.035505
0.040549
0.039683
0.063244
0.033778
0.031926
0.030838
0.031536
0.030953
0.031033
0.030918
0.031041
0.030914
0.031098
0.030884
0.030890
0.031035
0.030944
0.031001
0.052966
0.039455
0.031794
0.031824
0.062089
0.031692
0.031754
0.031656
0.031836
0.029586
0.056483
0.031696
0.031653
0.031718
0.031746
0.031747
0.031381
0.031405
0.029390
0.031545
0.031901
0.031635
0.031522
0.031162
0.060225
0.030923
0.030967
0.030790
0.030581
0.030479
0.030571
0.039602
0.030543
0.030612
0.030566
0.030739
0.030812
0.030682
0.030698
0.030549
0.030442
0.044548
0.030931
0.030660
0.060765
0.030557
0.030628
0.028545
0.030542
0.030557
0.030560
0.030516
0.030480
0.030620
0.030497
0.030549
0.030459
0.030527
0.030730
0.036973
0.030517
0.030509
0.033848
0.038849
0.060825
0.030566
0.030690
0.030557
0.030593
0.030634
0.030691
0.030574
0.054517
0.038459
0.031353
0.031331
0.031409
0.031401
0.031396
0.031322
0.031320
0.031408
0.031406
0.031227
0.061124
0.031024
0.030973
0.030933
0.030846
0.030881
0.031090
0.031434
0.030960
0.055756
0.031014
0.030706
0.030731
0.030776
0.030811
0.031132
0.030873
0.031012
0.030463
0.031437
0.065244
0.030653
0.030613
0.030481
0.030537
0.030689
0.030658
0.030559
0.040366
0.039871
0.038963
0.038136
0.030522
0.030594
0.030648
0.030582
0.030557
0.030578
0.030712
0.046238
