0.602938
0.050917
0.065240
0.040008
0.030857
0.030900
0.030825
0.030423
0.030197
0.029935
0.029954
0.031158
0.030089
0.029920
0.029893
0.029870
0.029862
0.029820
0.029788
0.029829
0.053977
0.029881
0.029885
0.046932
0.037573
0.030573
0.030634
0.030726
0.030571
0.030718
0.030691
0.030814
0.030663
0.031133
0.041077
0.031162
0.030690
0.030719
0.030631
0.030631
0.060732
0.030713
0.030613
0.030788
0.030793
0.030720
0.030691
0.030723
0.030663
0.030694
0.030737
0.030983
0.030720
0.030870
0.030981
0.044647
0.038123
0.030986
0.030936
0.031117
0.060668
0.030972
0.031451
0.031001
0.031058
0.043061
0.031492
0.029969
0.029915
0.029938
0.045175
0.029914
0.029902
0.029864
0.029867
0.029869
0.029965
0.029903
0.029932
0.030718
0.060385
0.030526
0.030510
0.030320
0.030418
0.067451
0.037258
0.038288
0.029886
0.029937
0.039725
0.029955
0.029999
0.029898
0.031683
0.038968
0.038280
0.042161
0.042078
0.042316
0.098745
0.039362
0.042150
0.041991
0.068055
0.068090
0.038166
0.030351
0.030299
0.053575
0.030363
0.030313
0.030210
0.029965
0.030035
0.029849
0.029898
0.030095
0.029990
0.030596
0.066525
0.030052
0.030101
0.030089
0.030243
0.030097
0.030151
0.030271
0.030065
0.030149
0.030030
0.029984
0.030024
0.030104
0.030095
0.030050
0.030077
0.030571
0.030157
0.030130
0.069167
0.030151
0.030129
0.030145
0.030115
0.030113
0.030103
0.030237
0.030159
0.030341
0.045052
0.030456
0.030185
0.030257
0.030384
0.030245
0.030272
0.030272
0.030189
0.030273
0.059828
0.030258
0.030296
0.030255
0.030225
0.030172
0.030365
0.030182
0.030303
0.030290
0.030292
0.032834
0.033463
0.030391
0.030303
0.030417
0.030311
0.030563
0.030330
0.030357
0.059624
0.032343
0.036600
0.030427
0.030528
0.030477
0.030365
0.030627
0.030449
0.030397
0.030368
0.030428
0.030566
0.030400
0.030516
0.030440
0.030451
0.030587
0.030585
0.030423
0.060564
0.040587
0.053726
0.038909
0.038895
0.042953
0.042712
0.043146
0.061909
0.057635
0.039746
0.039505
0.034487
0.037600
0.039838
0.031400
0.031106
0.031105
0.030882
0.030816
0.060647
0.030833
0.030939
0.030881
0.030965
0.030949
0.031783
0.031233
0.063807
0.033923
0.031080
0.031203
0.030907
0.031287
0.031173
0.031419
0.031854
0.031597
0.060915
0.033481
0.061025
0.031680
0.031679
0.032170
0.032332
0.032816
0.032404
0.032358
0.032310
0.047226
0.031861
0.032074
0.031717
0.031843
0.032152
0.051132
0.031436
0.031284
0.031705
0.031576
0.061074
0.031453
