0.605117
0.051498
0.032598
0.032241
0.032567
0.032371
0.032738
0.032442
0.032206
0.031976
0.031657
0.031408
0.031181
0.031118
0.030943
0.030783
0.030575
0.030499
0.030398
0.034561
0.053183
0.031291
0.031040
0.030548
0.030335
0.031347
0.030360
0.030393
0.032947
0.033094
0.030209
0.030317
0.020303
0.020215
0.020139
0.020348
0.020160
0.020210
0.020205
0.020243
0.020210
0.020295
0.020312
0.020154
0.020158
0.020485
0.020164
0.020239
0.020256
0.020204
0.020162
0.020218
0.030094
0.020314
0.020367
0.020364
0.020466
0.020490
0.027102
0.020850
0.020396
0.020355
0.020354
0.020332
0.020305
0.020328
0.020350
0.030133
0.030151
0.030425
0.030576
0.034285
0.034577
0.031039
0.031230
0.031196
0.031279
0.031164
0.031227
0.031147
0.060443
0.031184
0.031210
0.031089
0.031031
0.031049
0.031081
0.031022
0.031084
0.031003
0.031085
0.031025
0.039998
0.031119
0.030834
0.030953
0.030837
0.030753
0.030973
0.030618
0.060263
0.030936
0.042908
0.030835
0.030650
0.030496
0.030628
0.030507
0.030664
0.030416
0.030559
0.030336
0.030510
0.030410
0.030332
0.030340
0.030335
0.030251
0.020244
0.021791
0.026409
0.020780
0.032010
0.020814
0.020396
0.021384
0.026760
0.020904
0.020668
0.020759
0.020798
0.020868
0.020622
0.020290
0.020296
0.020229
0.020239
0.020294
0.020295
0.020239
0.020677
0.026292
0.023877
0.020319
0.020306
0.020297
0.020293
0.030286
0.030257
0.030194
0.030388
0.038786
0.038849
0.038877
0.038926
0.041147
0.032802
0.038953
0.030561
0.030483
0.059937
0.030372
0.039005
0.034382
0.030616
0.030396
0.030412
0.030296
0.030356
0.030335
0.036612
0.039465
0.051881
0.038271
0.031024
0.031352
0.031368
0.031173
0.031085
0.030896
0.060674
0.030463
0.030360
0.030199
0.030145
0.030288
0.030206
0.030076
0.030168
0.030314
0.030231
