0.506556
0.030672
0.029990
0.030957
0.040091
0.040066
0.043465
0.075021
0.043774
0.053407
0.061270
0.033642
0.043873
0.030340
0.030276
0.030477
0.030335
0.030169
0.030141
0.034418
0.057755
0.033440
0.033219
0.033040
0.032813
0.039647
0.033174
0.032549
0.032620
0.032257
0.032134
0.032134
0.032068
0.046583
0.047317
0.040901
0.034813
0.031805
0.031712
0.031751
0.061405
0.031729
0.031632
0.031616
0.031533
0.031659
0.031563
0.031430
0.031474
0.031330
0.031152
0.031023
0.031096
0.031562
0.021123
0.030984
0.021704
0.028524
0.027479
0.027480
0.020904
0.021017
0.020972
0.030831
0.031113
0.031821
0.032321
0.033092
0.069159
0.037183
0.032071
0.032031
0.031086
0.030855
0.031068
0.031627
0.031861
0.031497
0.035337
0.039697
0.069963
0.045393
0.074154
0.047042
0.034247
0.037821
0.037246
0.033487
0.033056
0.033096
