0.520620
0.035532
0.055470
0.039174
0.030225
0.030191
0.030113
0.030170
0.029960
0.030023
0.029907
0.030045
0.029862
0.030025
0.030059
0.030047
0.030027
0.029859
0.029894
0.029878
0.052784
0.029925
0.029988
0.051334
0.050841
0.030799
0.030756
0.030727
0.030896
0.030764
0.030778
0.030886
0.030864
0.052689
0.032900
0.030001
0.029937
0.030074
0.030182
0.030110
0.059859
0.030049
0.029981
0.029905
0.030015
0.030001
0.030063
0.030152
0.030138
0.030034
0.030028
0.030006
0.030293
0.029985
0.054586
0.034374
0.029984
0.029927
0.029958
0.029996
0.059703
0.029988
0.029966
0.029951
0.057042
0.039097
0.039116
0.034809
0.030726
0.030809
0.030760
0.030849
0.030500
0.029919
0.030044
0.029874
0.030025
0.030226
0.030057
0.029989
0.059828
0.030056
0.029918
0.029914
0.032084
0.040341
0.038320
0.038290
0.038289
0.042107
0.042130
0.042356
0.064319
0.026811
0.026140
0.026235
0.026011
0.026063
0.026066
0.026209
0.026248
0.026366
0.023493
0.020664
0.020606
0.020531
0.038984
0.037821
0.037054
0.042323
0.045457
0.055142
0.031895
0.047325
0.038174
0.042484
0.040874
0.030822
0.030781
0.030949
0.060730
0.030838
0.041090
0.042537
0.038495
0.042271
0.064731
0.042700
0.042515
0.042235
0.042268
0.042322
0.042208
0.042064
0.042007
0.042268
0.042050
0.065891
0.058141
0.030305
0.059833
0.030124
0.030195
0.030188
0.029951
0.045556
0.031053
0.030016
0.029985
0.029903
0.029990
0.030014
0.030001
0.029932
0.029923
0.029968
0.029939
0.029965
0.029912
0.029970
0.059913
0.029858
0.030005
0.029916
0.029947
0.029889
0.048392
0.031250
0.029950
0.030021
0.029909
0.029862
0.029933
0.029941
0.030027
0.030059
0.030016
0.043598
0.031025
0.030051
0.059812
0.029983
0.029845
0.029866
0.029947
0.019991
0.019928
0.029940
0.020024
0.019963
0.020003
0.038437
0.038808
0.026086
0.026070
0.025994
0.026028
0.030298
0.042168
0.026100
0.022153
0.020169
0.020093
0.020095
0.020094
0.020064
0.020152
0.020039
0.020088
0.020173
0.020113
0.020112
0.020159
0.020161
0.023491
0.023802
0.020334
0.020086
0.020129
0.020049
0.020047
