0.541246
0.031116
0.030462
0.030085
0.030243
0.030520
0.050664
0.035507
0.030737
0.031108
0.030942
0.031006
0.031242
0.031289
0.031289
0.031472
0.031386
0.031295
0.031537
0.031207
0.055000
0.031518
0.031371
0.031567
0.031959
0.031481
0.054113
0.041560
0.041446
0.042111
0.046736
0.048185
0.046914
0.048471
0.045855
0.043961
0.043707
0.042995
0.027582
0.043747
0.073914
0.044748
0.074212
0.049058
0.033582
0.033847
0.032727
0.034030
0.034285
0.038779
0.034341
0.030208
0.033491
0.032676
0.045226
0.044928
0.060425
0.056048
0.043024
0.054764
0.048230
0.033401
0.033273
0.035291
0.033672
0.034043
0.029828
0.033533
0.030222
0.030468
0.030272
0.031012
0.030727
0.030998
0.030803
0.030734
0.031826
0.037310
0.031807
0.034077
0.064189
0.033784
0.030042
0.029972
0.029837
0.029977
0.036252
0.036134
0.032808
0.032818
0.033454
0.029868
0.043097
0.040119
0.038707
0.038611
0.038534
0.053960
0.030084
0.030387
0.059816
0.030969
0.030567
0.031253
0.036867
0.030898
0.030583
0.030580
0.030862
0.030314
0.030349
0.030035
0.029530
0.030412
0.029845
0.035073
0.033685
0.029761
0.029691
0.029969
0.059149
0.030008
0.029840
0.030298
0.030267
0.030486
0.029860
0.030171
0.029558
0.029824
0.029709
0.029839
0.029645
0.029763
0.029613
0.029729
0.029831
0.033579
0.035457
0.029566
0.059640
0.029645
0.029572
0.029712
0.029598
0.029634
0.029902
0.029707
0.038966
0.030264
0.029741
0.029618
0.029664
0.029346
0.029724
0.029846
0.029633
0.029769
0.029745
0.029748
0.058611
0.029611
0.029565
0.029624
0.029558
0.029637
0.029651
0.029628
0.029665
0.029608
0.038393
0.030008
0.029700
0.030008
0.030234
0.030365
0.030304
0.030425
0.030481
0.030398
0.060417
0.033904
0.030253
0.030433
0.030481
0.030258
0.030376
0.030264
0.030257
0.030190
0.030442
0.030158
0.038928
0.039039
0.038938
0.038797
0.058227
0.060110
0.030302
0.055952
0.060589
0.033565
0.030311
0.030448
0.031433
0.030581
0.030789
0.030725
0.054696
0.030882
0.030248
0.030132
