0.524507
0.031859
0.031186
0.031003
0.030843
0.030851
0.030758
0.030927
0.030964
0.030959
0.030848
0.031017
0.031301
0.033542
0.039492
0.038334
0.038410
0.042456
0.042394
0.042214
0.067067
0.072014
0.042558
0.042575
0.042510
0.042561
0.064705
0.064203
0.035290
0.037859
0.030495
0.030521
0.030395
0.030447
0.030530
0.030292
0.030494
0.030449
0.058099
0.030700
0.061359
0.030312
0.030339
0.030318
0.030239
0.030235
0.030452
0.030308
0.035895
0.031070
0.030384
0.030263
0.030298
0.030301
0.030293
0.030381
0.030365
0.030280
0.030376
0.030326
0.060123
0.030386
0.030419
0.030461
0.030523
0.030410
0.030541
0.030360
0.030506
0.053203
0.031462
0.030528
0.030351
0.030549
0.030487
0.030479
0.030631
0.030324
0.030444
0.030488
0.064798
0.030647
0.030759
0.028645
0.030960
0.030756
0.030880
0.030773
0.030836
0.030917
0.030928
0.030992
0.030865
0.030859
0.030976
0.031013
0.031084
0.035400
0.036870
0.032025
0.062444
0.034028
0.032068
0.032131
0.032183
0.032186
0.032555
0.032078
0.032189
0.031521
0.031345
0.039680
0.031796
0.031649
0.031747
0.031847
0.031788
0.031828
0.031798
0.031861
0.060928
0.041572
0.042296
0.042881
0.046247
0.046671
0.046481
0.042506
0.036813
0.041944
0.037116
0.039121
0.076334
0.044586
0.033684
0.033824
0.049304
0.035020
0.030928
0.031011
0.061072
0.030793
0.030900
0.031030
0.031092
0.065923
0.031884
0.031079
0.030598
0.031224
0.030677
0.030805
0.030726
0.045487
0.031282
0.030949
0.030932
0.031091
0.029795
0.029790
0.059351
