245	132	16	45
245	133	15	43
246	134	15	43
247	133	15	42
249	134	15	44
250	135	14	43
252	137	15	40
252	138	17	39
250	139	18	37
251	137	17	36
252	138	17	38
252	137	18	40
252	136	17	41
253	139	18	39
254	137	18	40
255	134	17	44
255	131	17	45
256	133	17	44
256	133	17	43
257	136	17	40
257	138	16	40
258	141	16	38
256	138	16	42
254	137	16	41
254	135	16	43
251	138	18	41
254	138	11	41
254	138	12	43
252	137	14	42
250	137	11	41
250	136	11	41
247	135	13	44
248	136	12	44
245	136	15	42
242	135	17	44
242	139	17	40
241	136	17	44
243	135	15	45
240	137	15	43
238	134	15	44
237	135	14	44
239	135	12	45
237	139	14	39
237	141	14	39
234	139	14	39
236	140	14	39
233	139	16	39
234	136	17	41
234	138	16	41
234	137	15	42
234	135	15	44
234	135	16	43
234	136	15	44
233	135	16	44
234	136	17	45
232	132	19	47
230	134	22	44
232	137	19	41
233	140	19	39
234	139	17	39
234	144	18	37
233	141	20	38
224	142	20	36
224	140	16	40
216	139	15	40
212	137	17	43
205	138	17	42
201	136	15	42
197	136	15	43
184	141	19	38
180	139	20	41
180	139	20	41
169	137	17	44
167	137	13	42
158	137	13	43
150	137	14	43
145	138	16	42
141	142	14	39
133	142	15	39
128	138	18	41
126	136	17	44
117	136	18	43
113	137	16	43
106	140	15	42
100	145	18	36
96	141	17	40
87	141	19	41
82	141	21	39
75	143	16	39
73	141	16	39
73	141	16	40
73	140	17	40
73	142	17	40
75	142	16	41
75	142	15	42
76	142	17	42
76	141	17	42
77	142	17	41
79	146	17	37
79	146	16	36
78	147	18	37
79	148	19	35
81	148	19	38
82	143	19	41
84	143	19	43
84	139	16	49
85	136	16	50
86	137	17	49
86	137	17	49
87	140	16	50
86	139	18	50
90	143	15	49
91	142	15	45
93	141	14	47
92	142	15	49
92	141	15	48
94	141	16	47
94	142	18	48
95	143	19	48
95	141	17	49
95	140	17	50
98	139	18	52
99	139	17	52
99	135	17	53
99	136	17	54
101	137	16	53
101	138	16	53
103	140	17	51
101	139	19	52
101	134	22	55
101	132	25	57
101	131	24	60
100	131	26	58
100	132	24	59
103	138	19	52
105	143	21	50
105	143	20	49
105	140	20	52
106	142	19	49
111	141	14	50
112	141	15	52
113	140	14	52
113	141	15	50
113	140	15	52
113	140	15	51
113	139	15	54
113	138	16	55
114	137	16	55
114	137	15	58
113	135	15	58
114	141	15	54
115	138	15	55
115	139	14	56
114	143	15	52
114	140	16	52
116	138	14	57
115	138	15	57
117	137	14	58
116	136	16	59
115	133	16	59
116	130	16	65
117	131	15	65
117	131	16	64
118	131	16	64
118	130	16	66
118	133	16	62
116	135	18	60
118	138	18	58
118	139	18	57
120	141	18	54
122	144	18	52
122	141	17	52
122	141	16	54
123	142	15	52
124	144	16	52
125	141	16	55
126	139	15	57
126	135	16	60
127	131	14	65
128	132	15	65
128	132	17	65
128	132	18	65
131	131	18	68
131	131	18	66
130	131	19	66
133	132	17	64
132	132	17	67
133	130	17	67
135	133	15	65
136	129	15	67
135	128	16	69
137	131	17	66
135	139	18	59
138	141	17	55
140	145	19	52
140	145	18	51
141	145	17	51
142	144	17	53
142	147	18	51
144	146	19	52
144	147	18	52
146	149	19	50
145	145	18	55
146	147	16	52
150	149	15	52
150	149	16	49
150	153	16	48
151	152	17	49
149	157	18	43
150	160	20	39
151	158	19	39
151	158	18	42
152	158	20	42
153	160	19	43
153	162	22	41
153	160	20	42
154	161	20	42
156	162	20	41
156	162	20	43
158	162	20	43
159	165	19	41
160	165	18	40
161	166	20	45
165	167	20	43
164	165	18	47
167	170	18	42
168	173	17	41
168	171	17	41
169	171	18	44
171	170	18	43
172	174	17	42
172	173	18	43
173	172	18	45
173	173	17	43
173	175	20	43
173	174	21	43
176	174	20	47
177	173	19	46
180	176	19	46
180	174	18	45
180	176	18	43
180	178	20	42
180	177	20	42
178	179	22	38
180	180	19	37
181	180	20	38
180	179	20	40
183	180	19	40
183	178	19	43
183	177	19	46
185	179	17	42
186	179	15	38
187	179	18	35
187	183	19	31
187	181	16	33
188	181	16	32
188	182	13	33
189	188	11	29
187	186	13	31
190	189	15	32
188	187	16	28
187	189	18	24
187	189	18	24
189	189	14	23
189	189	14	23
190	190	13	21
190	190	13	21
190	190	13	21
190	190	13	21
190	190	13	21
190	190	13	21
190	190	13	21
190	190	13	21
190	190	13	21
190	190	13	21
190	190	13	21
190	190	13	21
190	190	13	21
190	190	13	21
190	190	13	21
181	161	9	20
181	161	9	20
181	161	9	20
181	161	9	20
181	161	9	20
181	161	9	20
181	161	9	20
181	161	9	20
183	163	8	17
185	163	8	18
185	163	8	18
185	162	7	18
184	163	8	16
184	163	8	16
184	162	8	16
184	162	8	16
185	164	8	16
185	164	8	16
185	164	8	16
185	164	8	16
185	164	8	16
185	164	8	16
185	164	8	16
185	164	8	16
185	164	8	16
185	164	8	16
184	162	7	17
184	162	7	17
184	162	7	17
183	163	8	17
183	163	8	17
183	163	8	17
183	163	8	17
183	163	8	17
183	163	8	17
183	163	8	17
183	163	8	17
183	163	8	17
183	163	8	17
183	163	8	17
184	163	8	17
183	162	8	17
184	162	8	16
185	164	8	17
184	163	7	16
183	162	9	16
184	161	8	16
183	164	8	15
184	164	8	16
184	163	8	16
183	162	8	16
183	162	8	17
183	163	8	17
184	163	8	16
185	162	8	16
184	162	8	17
184	163	7	17
182	162	8	16
184	164	8	17
184	164	8	16
184	163	8	15
183	162	9	16
183	162	8	17
184	162	8	16
183	163	8	16
184	163	8	16
184	162	8	16
184	162	8	16
182	161	8	16
183	163	8	17
184	163	8	15
184	164	8	15
184	163	7	16
184	163	8	16
184	163	7	15
184	162	7	17
183	162	8	17
183	162	8	17
184	162	8	16
183	163	8	15
183	164	8	15
184	163	8	16
183	164	8	15
183	162	8	15
183	164	8	14
184	164	8	14
184	163	7	16
185	162	7	16
184	163	8	17
183	162	7	16
184	162	8	17
184	161	8	17
183	162	8	17
184	162	8	18
184	162	7	18
183	163	7	17
184	162	8	16
184	163	7	15
182	162	9	17
184	162	8	17
183	163	8	17
183	163	7	17
183	162	8	17
183	162	8	18
184	161	8	17
182	160	8	18
184	162	7	16
185	162	8	17
184	162	8	16
183	162	7	16
183	163	7	16
183	162	8	17
184	163	9	16
183	163	8	17
184	162	9	17
183	163	8	17
183	163	8	16
184	162	8	15
183	162	7	16
185	162	7	17
183	161	8	16
183	163	9	17
183	163	8	17
184	163	8	16
184	163	8	15
183	163	8	16
182	162	8	16
183	162	8	16
183	163	8	17
184	162	8	17
183	163	7	17
183	163	8	16
184	163	8	15
183	163	8	16
182	162	8	16
184	162	8	16
183	162	8	15
184	161	8	17
183	163	8	17
183	163	8	17
183	161	8	18
183	162	7	17
184	163	8	16
184	162	7	16
184	163	9	17
183	163	8	17
183	161	8	17
183	163	7	16
185	162	8	16
184	163	8	16
184	164	8	17
183	162	8	16
184	163	7	16
184	164	7	16
184	163	8	16
184	163	7	17
184	163	8	16
184	162	7	16
184	162	7	16
184	163	8	17
184	163	8	17
183	161	7	17
183	162	8	16
183	163	8	16
183	163	8	16
184	163	8	16
184	162	8	17
183	163	8	16
183	162	8	16
184	162	8	16
184	163	7	16
184	162	8	17
184	162	8	17
183	162	8	17
183	162	8	16
183	162	7	14
183	164	8	15
185	163	8	17
184	163	8	16
184	163	8	16
184	163	8	18
183	163	9	16
183	162	7	16
183	162	8	17
184	162	7	17
183	162	8	16
183	163	8	16
184	162	9	17
183	162	8	16
184	163	7	16
183	162	8	16
183	163	7	17
184	162	8	16
183	162	8	17
183	163	8	17
183	161	8	18
184	162	8	18
184	162	8	17
184	160	8	18
184	163	7	17
184	161	8	17
185	162	8	16
190	162	9	15
192	162	9	16
197	163	9	15
206	161	8	16
213	162	9	15
220	162	9	15
220	162	9	15
233	162	6	14
240	165	7	14
246	164	8	15
250	162	8	17
256	159	8	18
263	160	9	16
268	162	9	16
274	162	8	14
281	162	7	15
290	159	7	16
296	161	8	16
302	161	9	13
307	162	8	15
317	161	8	14
322	162	7	14
329	160	8	15
339	160	7	15
344	162	7	16
348	162	7	16
357	162	7	15
360	161	7	15
372	161	6	15
375	161	6	16
379	160	7	15
386	161	7	15
391	162	9	15
400	160	8	14
405	162	8	15
405	162	8	15
418	159	7	16
424	159	6	15
431	160	8	14
439	161	8	14
443	160	8	14
454	161	8	15
458	161	7	15
462	161	8	14
469	159	9	15
474	160	9	14
483	160	8	14
489	160	8	14
493	159	8	13
501	159	7	13
516	159	7	14
524	161	8	14
532	158	8	15
541	159	7	14
550	159	7	15
554	158	6	17
565	160	8	16
568	160	7	14
573	159	7	14
582	160	8	15
590	159	7	16
595	159	7	14
597	158	8	15
606	159	8	14
611	160	7	12
621	158	7	14
621	158	7	14
621	158	7	14
621	158	7	14
621	158	7	14
621	158	7	14
621	158	7	14
621	158	7	14
621	158	7	14
621	158	7	14
621	158	7	14
621	158	7	14
621	158	7	14
621	158	7	14
621	158	7	14
621	158	7	14
621	158	7	14
621	158	7	14
621	158	7	14
621	158	7	14
621	158	7	14
621	158	7	14
621	158	7	14
621	158	7	14
621	158	7	14
621	158	7	14
621	158	7	14
616	160	8	15
616	160	8	15
616	160	8	15
616	160	8	15
610	159	10	16
610	159	10	16
610	159	10	16
610	159	10	16
610	159	10	16
610	159	10	16
610	159	10	16
610	159	10	16
610	159	10	16
610	159	10	16
610	159	10	16
610	159	10	16
610	159	10	16
610	159	10	16
610	159	10	16
610	159	10	16
610	159	10	16
610	159	10	16
610	159	10	16
610	159	10	16
610	159	10	16
610	159	10	16
610	159	10	16
610	159	10	16
603	166	11	16
602	160	13	19
602	163	14	21
602	163	14	21
