0.419778
0.073085
0.038234
0.029833
0.029791
0.029862
0.029845
0.029887
0.029877
0.030134
0.029959
0.029967
0.029863
0.029912
0.029845
0.030188
0.029888
0.029857
0.029925
0.029894
0.052590
0.029805
0.038594
0.040497
0.037469
0.030653
0.044072
0.030994
0.030970
0.031035
0.030700
0.030545
0.057220
0.034048
0.030656
0.030841
0.030664
0.030631
0.030729
0.030709
0.060225
0.030993
0.030669
0.030612
0.030669
0.030809
0.030645
0.030726
0.030754
0.030688
0.030619
0.030774
0.030765
0.046185
0.038311
0.030763
0.031003
0.030290
0.029891
0.030389
0.059268
0.029940
0.029840
0.054785
0.037557
0.030690
0.030789
0.030709
0.030712
0.030617
0.030672
0.020081
0.030906
0.030786
0.030746
0.030699
0.030667
0.030900
0.030746
0.030755
0.060164
0.030800
0.030817
0.030831
0.045896
0.031042
0.030898
0.030786
0.030672
0.030724
0.030715
0.030619
0.030752
0.030789
0.060064
0.031840
0.030756
0.030996
0.030791
0.030688
0.060021
0.030738
0.030682
0.030798
0.030713
0.030956
0.030756
0.058966
0.042722
0.030855
0.029929
0.029968
0.030101
0.029878
0.030374
0.030005
0.030030
0.029980
0.029954
0.030035
0.059503
0.029894
0.029926
0.041253
0.030275
0.029922
0.030003
0.029990
0.030606
0.030257
0.030108
0.030098
0.030125
0.030226
0.030058
0.030206
0.030125
0.030053
0.030024
0.029899
0.059409
0.029928
0.029914
0.030067
0.029892
0.040821
0.031194
0.030047
0.030096
0.030030
0.033587
0.039158
0.029991
0.030049
0.030010
0.029971
0.041804
0.038059
0.030001
0.030127
0.059551
0.030086
0.030111
0.030020
0.030002
0.030081
0.030014
0.030051
0.030095
0.030120
0.030061
0.029987
0.029970
0.030009
0.029873
0.029976
0.030259
0.038950
0.038395
0.038086
0.068351
0.042660
0.042233
0.042392
0.055707
0.041370
0.046797
0.030237
0.040197
0.030236
0.030305
0.030353
0.030374
0.030278
0.030251
0.030156
0.030001
0.029996
0.030008
0.029989
0.059539
0.029995
0.030076
0.030029
0.053791
0.038021
0.030905
0.030815
0.030763
0.030772
0.030859
0.030830
0.030745
0.030797
0.030833
0.057432
0.030832
0.030830
0.030734
0.030785
0.060269
0.030759
0.030703
0.030737
0.030784
0.030797
0.030689
0.030774
0.030650
0.030814
0.031312
0.031304
0.030774
0.030794
0.030863
0.030862
0.048932
0.032640
0.030190
0.030062
0.059816
0.030028
0.030119
0.030263
0.030132
0.031001
0.039035
0.038229
0.030053
0.030021
0.030082
0.029885
0.030198
0.030171
0.030036
0.029931
0.030507
0.030234
0.029985
0.030073
0.059575
0.030531
0.020011
0.029977
0.019900
0.030134
0.019982
0.019846
0.044854
0.026075
0.025744
0.025789
0.019949
0.019876
0.019911
0.019888
0.019857
0.019880
0.019910
0.020030
0.059971
0.027454
0.026750
0.025892
0.019891
0.019834
0.019908
0.019770
0.030187
0.029828
0.019713
0.030077
0.029770
0.019623
0.029872
0.019792
0.029802
0.019773
0.019694
0.019725
0.019631
0.019653
0.019746
0.019713
0.019706
0.019699
0.029771
0.019798
0.019879
0.036534
0.019980
0.019780
0.019853
0.019809
0.019772
0.019756
0.019828
0.019778
0.019802
0.019786
0.059576
0.029839
0.054243
0.038006
0.037786
0.037901
0.037978
0.036477
0.030804
0.030584
0.030463
0.030547
0.030626
0.030542
0.030609
0.030731
0.030859
0.030640
0.030632
0.030589
0.059919
0.030627
0.037798
0.030086
0.029789
0.029738
0.029832
0.029682
0.029814
0.030029
0.029698
0.029747
0.029810
0.038791
0.030071
0.029912
0.030183
0.029800
0.029680
0.029923
0.059153
0.029706
0.029692
0.029703
0.029827
0.029771
0.029677
0.029857
0.029744
0.029696
0.029836
0.029827
0.029661
0.029721
0.029868
0.035618
0.029883
0.029685
0.029786
0.029787
0.059550
0.029754
0.029828
0.029765
0.029791
0.051920
0.030092
0.029761
0.029794
0.029618
0.029822
0.029823
0.029772
0.029791
0.029697
0.029829
0.029841
0.029771
0.029846
0.029754
0.059295
0.029814
0.029852
0.033631
0.029720
0.029962
0.030334
0.037777
0.030142
0.029988
0.029802
0.029842
0.029805
0.029783
0.029917
0.029840
0.029859
0.029718
0.035691
0.031280
0.059651
0.029901
0.030086
0.030740
0.030201
0.029888
0.029768
0.030277
0.029998
0.029788
0.029783
0.029845
0.030052
0.029947
0.029792
0.029779
0.029808
0.029735
0.029816
0.035470
0.060138
0.029797
0.029794
0.029807
0.029769
0.029763
0.029858
0.029777
0.029798
0.033114
0.031531
0.029947
0.029760
0.029913
0.029892
0.029852
0.029996
0.029841
0.029801
0.029848
0.059235
0.029750
0.029808
0.029806
0.029842
0.029720
0.029807
0.029977
0.029850
0.029867
0.029948
0.047519
0.030222
0.029847
0.029864
0.029934
0.029845
0.029796
0.029636
0.029860
0.059546
0.052517
0.030078
0.029872
0.029781
0.029822
0.029785
0.029779
0.019816
0.029756
0.029934
0.029813
0.029745
0.029681
0.029814
0.029746
0.029909
0.029747
0.029931
0.029786
0.059433
0.029732
0.029976
0.033679
0.034045
0.029890
0.029893
0.029793
0.029930
0.029817
0.029819
0.029832
0.029838
0.029764
0.030599
0.036948
0.030024
0.019910
0.030396
0.029801
0.059613
0.029801
0.029822
0.029866
0.029815
0.029816
0.029795
0.029875
0.029833
0.029829
0.029885
0.029834
0.029897
0.029767
0.029782
0.029930
0.029757
0.041611
0.031038
0.029789
0.059821
0.029833
0.029842
0.029747
0.029888
0.029852
0.029812
0.056311
0.025792
0.025753
0.025771
0.025693
0.025665
0.025639
0.025699
0.025604
0.025583
0.025684
0.026222
0.026509
0.025855
0.025779
0.025737
0.025643
0.025933
0.025692
0.060007
0.033052
0.025934
0.026647
0.026555
0.026139
0.025791
0.025873
0.046327
0.043048
0.022403
0.020160
0.030885
0.038411
0.025314
0.020003
0.019932
0.020099
0.019992
0.019854
0.019815
0.019822
0.019928
0.019843
0.019925
0.019971
0.019883
0.019871
0.020227
0.020005
0.019908
0.019780
0.019738
0.019852
0.019902
0.019851
0.030696
0.030781
0.030738
0.020007
