0.379225
0.048972
0.062144
0.030254
0.029817
0.030380
0.030244
0.030326
0.029794
0.030026
0.029990
0.030004
0.030074
0.042340
0.030080
0.029883
0.029840
0.030124
0.029902
0.029962
0.053904
0.029920
0.030006
0.030092
0.029960
0.029881
0.030068
0.029982
0.029884
0.030060
0.030013
0.029980
0.030062
0.030084
0.043364
0.030126
0.030264
0.030149
0.030334
0.030020
0.059816
0.030203
0.030103
0.052701
0.030268
0.030098
0.030215
0.030366
0.030210
0.030173
0.030527
0.030320
0.030259
0.030457
0.030417
0.030672
0.030697
0.030675
0.036065
0.041638
0.070142
0.030923
0.031104
0.042289
0.030084
0.029911
0.029942
0.030110
0.029929
0.029998
0.030197
0.029930
0.029967
0.030300
0.037314
0.030176
0.029987
0.030233
0.030108
0.030129
0.060086
0.030252
0.030091
0.030084
0.030188
0.030010
0.029995
0.030038
0.029894
0.030041
0.030054
0.029887
0.029933
0.030005
0.030007
0.029816
0.041572
0.030065
0.029838
0.029861
0.059689
0.029874
0.029841
0.031213
0.031041
0.030679
0.046702
0.032246
0.030908
0.030789
0.030999
0.030851
0.031007
0.030630
0.030772
0.030617
0.031083
0.030693
0.030519
0.030651
0.060442
0.030529
0.030640
0.030462
0.030615
0.030549
0.030363
0.035173
0.038290
0.030412
0.030363
0.030405
0.030331
0.030218
0.030424
0.030189
0.030252
0.030315
0.047305
0.030501
0.059562
0.030720
0.030290
0.030169
0.030021
0.029858
0.030097
0.029876
0.029858
0.030042
0.030033
0.029747
0.029987
0.033559
0.033428
0.033313
0.033221
0.033155
0.033233
0.038128
0.065495
0.033183
0.033224
0.033194
0.033005
0.032761
0.032781
0.032583
0.032906
0.040952
0.032986
0.032498
0.032180
0.031712
0.032139
0.032206
0.032411
0.031877
0.032063
0.031974
0.061276
0.031943
0.032344
0.032142
0.032040
0.031721
0.031848
0.031524
0.036603
0.065645
0.041043
0.040117
0.031783
0.031549
0.031700
0.031385
0.031687
0.031644
0.031907
0.040331
0.062788
0.032634
0.032743
0.033009
0.032716
0.041525
0.041374
0.040888
0.045435
0.045586
0.047489
0.035455
0.033260
0.033593
0.029967
0.030157
0.031602
0.039842
0.039020
0.038705
0.065713
0.045006
0.034530
0.035136
0.056657
0.045405
0.044469
0.042525
0.041700
0.041204
0.041269
0.040995
0.040832
0.040992
0.041190
0.044653
0.044132
0.044150
0.052730
0.080108
0.066327
0.031459
0.031463
0.031851
0.031655
0.031672
0.031215
0.031094
0.054698
0.037609
0.031173
0.031049
0.030605
0.030419
