0.409916
0.048872
0.030437
0.030092
0.029955
0.030149
0.030027
0.032317
0.030155
0.030035
0.029972
0.030092
0.030041
0.030007
0.030020
0.038708
0.030005
0.030035
0.039645
0.036371
0.054103
0.029889
0.030226
0.032714
0.033375
0.030041
0.030019
0.030118
0.030089
0.030024
0.030161
0.030144
0.029986
0.030092
0.030085
0.030122
0.030230
0.030204
0.030125
0.030071
0.059868
0.030204
0.030118
0.030138
0.052680
0.030521
0.030208
0.030288
0.030706
0.030464
0.030259
0.030235
0.030208
0.030203
0.030190
0.051288
0.030326
0.030193
0.030241
0.030211
0.060578
0.030656
0.030188
0.030301
0.030191
0.030286
0.030419
0.030183
0.030259
0.030223
0.030315
0.030166
0.030327
0.030194
0.030264
0.030731
0.034976
0.033676
0.030431
0.030377
0.060149
0.030586
0.030574
0.030445
0.030393
0.030452
0.032703
0.032704
0.030489
0.030420
0.030480
0.030477
0.030464
0.030612
0.030439
0.030462
0.030542
0.030496
0.030540
0.030517
0.060827
0.030704
0.030640
0.030476
0.030598
0.030596
0.030515
0.036874
0.036936
0.030555
0.028600
0.030514
0.030560
0.030557
0.030650
0.030900
0.030554
0.030771
0.038064
0.030731
0.060704
0.030842
0.031080
0.031013
0.031040
0.031020
0.030926
0.030933
0.030960
0.031335
0.030981
0.031006
0.031071
0.030967
0.030994
0.031063
0.040910
0.031375
0.031016
0.031055
0.061577
0.031170
0.031075
0.032330
0.041972
0.053388
0.031502
0.031218
0.031915
0.031290
0.031304
0.031462
0.031414
0.031410
0.031548
0.031443
0.031418
0.031682
0.031542
0.031470
0.061397
0.031611
0.031932
0.031587
0.031599
0.049771
0.032091
0.031895
0.031858
0.031862
0.031824
0.032155
0.032039
0.031989
0.032504
0.035466
0.034791
0.032269
0.032179
0.032450
0.062595
0.032516
0.032389
0.032484
0.032652
0.032581
0.032632
0.032904
0.032874
0.033074
0.033087
0.033171
0.033004
0.033484
0.033230
0.038861
0.037270
0.033774
0.033886
0.034005
0.064019
0.029965
0.030352
0.030158
0.030013
0.037475
0.031062
0.030270
0.030131
0.030161
0.030363
