0.549580
0.033364
0.034486
0.046499
0.043739
0.033202
0.033222
0.033483
0.032966
0.033099
0.033061
0.033331
0.052533
0.033185
0.033270
0.033138
0.033175
0.033109
0.033127
0.033492
0.055462
0.043035
0.033732
0.033247
0.033024
0.033368
0.033184
0.033352
0.033380
0.033356
0.033605
0.033408
0.033295
0.033422
0.033005
0.032817
0.032881
0.032945
0.033226
0.032966
0.064571
0.033540
0.032851
0.033234
0.033581
0.033305
0.033666
0.033624
0.033358
0.033136
0.036231
0.036603
0.033424
0.033173
0.032625
0.032733
0.032935
0.033420
0.033183
0.033207
0.062426
0.032847
0.032992
0.033179
0.033233
0.033047
0.033052
0.033914
0.033834
0.034507
0.063606
0.042014
0.033255
0.033225
0.033131
0.033034
0.033441
0.033143
0.033263
0.043170
0.071713
0.032972
0.043572
0.043907
0.043834
0.047572
0.047524
0.048032
0.046873
0.047144
0.047441
0.046817
0.046903
0.047197
0.075647
0.060136
0.040034
0.035123
0.033168
0.033796
0.062950
0.033464
0.042619
0.032863
0.043783
0.042510
0.046571
0.047293
0.047642
0.047269
0.047659
0.053799
0.071579
0.037083
0.052633
0.064767
0.042826
0.034467
0.034770
0.034585
0.063644
0.034232
0.034234
0.034058
0.055750
0.034101
0.034237
0.034088
0.033442
0.033085
0.034082
0.033834
0.033361
0.033116
0.033538
0.033273
0.033304
0.033498
0.033147
0.033161
0.062697
0.033156
0.033299
0.033089
0.042221
0.033428
0.033371
0.032942
0.033035
0.033291
0.033236
0.033092
0.033083
0.033497
0.041686
0.032835
0.032254
0.032234
0.032133
0.032326
0.061939
0.032397
0.032295
0.032551
0.032096
0.032519
0.032036
0.032109
0.032303
0.032432
0.032405
0.032428
0.032573
0.032490
0.033301
0.039915
0.043729
0.038988
0.032609
0.032248
0.069972
0.032842
0.032523
0.033601
0.037207
0.032357
0.032561
0.035979
0.032798
0.032218
0.032339
0.032425
0.032408
0.032439
0.032316
0.032498
0.032470
0.032357
0.032244
0.032397
0.061531
0.032451
0.032259
0.035634
0.035083
0.032311
0.032121
0.032054
0.032038
0.031883
0.032374
0.031882
0.032057
0.032178
0.044194
0.032147
0.031875
0.031836
0.032063
0.031908
0.061360
0.031784
0.031829
0.031924
0.031689
0.031693
0.031705
0.031667
0.031995
0.031654
0.032028
0.031869
0.031666
0.031729
0.034906
0.034446
0.031791
0.031739
0.031849
0.031626
0.061190
0.031659
0.031847
0.032231
0.044031
0.041172
0.040766
0.033799
0.031862
0.031654
0.031552
0.031814
0.031987
0.031700
0.031827
0.031905
0.031734
0.031720
0.031653
0.031752
0.061937
0.032091
0.031954
0.040038
0.031933
0.031850
0.031932
0.031944
0.032062
0.032181
0.031828
0.031683
0.031777
0.045385
0.033548
0.031733
0.031953
0.032075
0.031686
0.031824
0.061492
0.032142
0.032214
0.032124
0.032281
0.032054
0.031805
0.032071
0.031991
0.032072
0.032336
0.031889
0.032146
0.034519
0.038945
0.032161
0.032053
0.032271
0.032554
0.032481
0.063197
0.032251
0.032636
0.053238
0.032997
0.032612
0.032587
0.032157
0.032540
0.032806
0.032605
0.032751
0.032870
0.032800
0.032863
0.032814
0.032567
0.032630
0.032818
0.032660
0.062122
0.032740
0.033403
0.040039
0.033005
0.033072
0.033412
0.033384
0.033134
0.033465
0.033510
0.033347
0.033496
0.043341
0.033476
0.033492
0.033332
0.033863
0.033581
0.033542
0.063346
0.033631
0.033895
0.033646
0.033756
0.034029
0.030291
0.033912
0.030032
0.030213
0.030179
0.030048
0.030286
0.035371
0.032309
0.030421
0.030424
0.030217
0.030232
0.030538
0.059590
0.030305
0.030468
0.054024
0.030924
0.030395
0.030365
0.030161
0.030356
0.030329
0.030272
0.030496
0.030416
0.030691
0.030772
0.030772
0.030571
0.030564
0.030712
0.030297
0.059998
0.030808
0.030698
0.030814
0.033962
0.036031
0.030881
0.030419
0.030302
0.030571
0.030648
0.030764
0.031200
0.031123
0.033399
0.041761
0.040073
0.030699
0.030810
0.031051
0.060435
0.031147
0.031104
0.030829
0.030924
0.030863
0.031112
0.031015
0.030990
0.030539
0.030764
0.030902
0.030414
0.030318
0.030357
