0.351542
0.055423
0.033119
0.032959
0.033097
0.033044
0.033256
0.033113
0.032916
0.033298
0.032996
0.032854
0.032925
0.032706
0.032994
0.032938
0.032600
0.057493
0.032804
0.032651
0.056280
0.032730
0.033273
0.033130
0.032981
0.032769
0.033195
0.041675
0.033243
0.033188
0.033189
0.033338
0.032948
0.033157
0.033148
0.033531
0.033493
0.033364
0.033461
0.033511
0.063259
0.033498
0.033408
0.033465
0.033756
0.033852
0.040076
0.034495
0.033578
0.033864
0.034084
0.030260
0.029976
0.030101
0.030220
0.030088
0.030473
0.036852
0.030295
0.030059
0.060147
0.030225
0.030156
0.030276
0.030356
0.030179
0.030130
0.030068
0.030114
0.030277
0.030113
0.030177
0.030196
0.030060
0.030186
0.020390
0.030157
0.030140
0.030541
0.037045
0.060238
0.030329
0.030167
0.030303
0.030350
0.030163
0.030486
0.030498
0.032341
0.036448
0.030370
0.030543
0.030310
0.030489
0.030558
0.030298
0.030376
0.030207
0.030263
0.030355
0.059667
0.030214
0.030339
0.030157
0.030264
0.030280
0.034033
0.040555
0.055507
0.039824
0.039342
0.043365
0.043019
0.058221
0.036766
0.064036
0.030646
0.030222
0.030190
0.030346
0.060444
0.030253
0.030270
0.030364
0.030499
0.030760
0.030603
0.030529
0.030439
0.030548
0.030540
0.030298
0.030611
0.030436
0.030421
0.030493
0.046015
0.030890
0.030613
0.030574
0.059811
0.030867
0.030369
0.030385
0.030362
0.030386
0.054122
0.034640
0.030495
0.030360
0.030418
0.030526
0.030566
0.030550
0.030307
0.030283
0.030664
0.030244
0.030278
0.030442
0.060183
0.030654
0.030368
0.030516
0.030411
0.030334
0.030669
0.038561
0.035538
0.030598
0.030384
0.030571
0.030448
0.030763
0.030865
0.030598
0.030529
0.030680
0.041456
0.034526
0.060079
0.030799
0.030446
0.030360
0.030172
0.030446
0.030689
0.050143
0.048101
0.031390
0.030166
0.023566
0.023473
0.023669
0.023543
0.023455
0.023476
0.023536
0.023561
0.023551
0.023540
0.027637
0.028747
0.023500
0.023798
0.023496
0.023623
0.023449
0.023401
0.023559
0.023527
0.023622
0.023459
0.023529
0.023562
0.043558
0.034361
0.033818
0.030175
0.030166
0.020115
0.020220
0.020148
0.020014
0.030015
0.033680
0.032705
0.033937
0.033776
0.033568
0.033422
