0.362475
0.034720
0.030947
0.029813
0.029980
0.029923
0.030560
0.033484
0.033936
0.030498
0.030261
0.029958
0.029938
0.030007
0.030405
0.030033
0.033301
0.042992
0.034412
0.034280
0.057660
0.039977
0.042443
0.048626
0.061489
0.044967
0.065175
0.046950
0.031082
0.034723
0.034335
0.033925
0.033667
0.033170
0.032951
0.032710
0.031997
0.032076
0.022050
0.032086
0.062199
0.031559
0.032019
0.059695
0.041004
0.041090
0.044567
0.044514
0.044054
0.043852
0.069277
0.040836
0.032292
0.051830
0.021166
0.031964
0.031478
0.020647
0.020672
0.031367
0.020559
0.020600
0.020491
0.020644
0.020494
0.020436
0.020361
0.020441
0.020444
0.020423
0.020357
0.020407
0.020433
0.020492
0.020428
0.020494
0.020335
0.024164
0.024757
0.020606
0.060107
0.030644
0.030632
0.030762
0.030915
0.030925
0.030982
0.031306
0.041586
0.041053
0.041885
0.047025
0.052138
0.063858
0.032153
0.035876
0.030643
0.030808
0.030708
0.030688
0.060497
0.030615
0.030576
0.030599
0.056029
0.032652
0.031529
0.031140
0.031137
0.031100
0.031144
0.031389
0.031263
0.031410
0.043101
0.035331
0.030843
0.030722
0.030529
0.030549
0.060503
0.030917
0.030859
0.030656
0.030861
0.030858
0.030820
0.030602
0.030377
0.030677
0.030583
0.030805
0.030774
0.030991
0.037923
0.038506
0.030578
0.030670
0.032155
0.030828
0.060501
0.030737
0.030642
0.030703
0.052568
0.031838
0.031560
0.031474
0.031332
0.031542
0.031372
0.031496
0.032505
0.033861
0.040845
0.040726
0.040750
0.046477
0.031577
0.031444
0.060885
0.030759
0.030285
0.032756
0.033730
0.030844
0.029860
0.030080
0.029996
0.030051
0.030120
0.029979
0.029795
0.029970
0.032689
0.032783
0.030003
0.030005
0.029957
0.030255
0.059664
0.029896
0.030277
0.030125
0.030056
0.030126
0.029780
0.029930
0.030069
0.029947
0.029912
0.030254
0.029774
0.030013
0.029958
0.030719
0.036586
0.030103
0.030035
0.029978
0.059430
0.030087
0.029950
0.029904
0.030057
0.029850
0.039023
0.030352
0.030487
0.030171
0.030460
0.030042
0.029966
0.029968
0.030032
0.030007
0.029988
0.029997
0.030210
0.029989
0.059678
0.029966
0.030035
0.030142
0.030080
0.030042
0.030002
0.054481
0.031085
0.030711
0.030683
0.030776
0.030945
0.030896
0.030965
0.031045
0.051409
0.035065
0.029902
0.030049
0.059733
0.030153
0.029900
0.029974
0.030017
0.029982
0.030068
0.029910
0.030069
0.030025
0.030069
0.030012
0.029995
0.030226
0.030044
0.030215
0.030119
0.047922
0.034932
0.031204
0.061147
0.031207
0.031094
0.031042
0.031102
0.058872
0.038877
