0.458294
0.031748
0.032152
0.031605
0.031465
0.047588
0.035473
0.031339
0.031578
0.031358
0.031699
0.031430
0.031683
0.031404
0.031969
0.032350
0.032464
0.040207
0.040444
0.042416
0.068727
0.044353
0.044143
0.042581
0.047699
0.064347
0.032622
0.032441
0.032379
0.032437
0.032866
0.049759
0.040251
0.032332
0.032156
0.032124
0.032551
0.032305
0.032252
0.032326
0.062027
0.032496
0.032243
0.032304
0.032351
0.032281
0.032789
0.032512
0.032442
0.032671
0.032248
0.050586
0.032045
0.031497
0.040759
0.040571
0.040641
0.040744
0.044583
0.044376
0.075240
0.037242
0.031867
0.031493
0.031515
0.031543
0.031641
0.031580
0.031574
0.031669
0.031442
0.031487
0.031464
0.031317
0.031348
0.031375
0.031484
0.031590
0.031540
0.031593
0.084578
0.040995
0.040451
0.041011
0.044638
0.044932
0.044737
0.061641
0.046820
0.044380
0.055691
0.031964
0.032347
0.031767
0.031882
0.031744
0.031816
0.031708
0.031327
0.031344
0.061147
0.031357
0.031348
0.031515
0.031421
0.031448
0.058114
0.031805
0.031675
0.031459
0.031574
0.031599
0.031820
0.031552
0.031605
0.031447
0.031452
0.037185
0.031629
0.031861
0.061670
0.031478
0.031598
0.031482
0.031666
0.031378
0.031656
0.031412
0.031427
0.031534
0.033119
0.032448
0.032046
0.032918
0.032377
0.032151
0.052597
0.031542
0.031660
0.031525
0.061174
0.031407
0.031433
0.031388
0.031485
0.042227
0.034329
0.030945
0.030912
0.030962
0.030543
0.020768
0.020771
0.030673
0.031065
0.031769
0.031961
0.032292
0.032211
0.032055
0.061018
0.031386
0.031448
0.031085
0.031310
0.031358
0.031303
0.047702
0.031853
0.031457
0.031253
0.031504
0.031476
0.031504
0.031458
0.031500
0.031516
0.044271
0.034149
0.031423
0.061209
0.031269
0.031399
0.031479
0.031354
0.031373
0.031150
0.031204
0.031865
0.032820
0.031295
0.031328
0.031353
0.031234
0.031028
0.031127
0.031281
0.031484
0.034673
0.034902
0.061345
0.031759
0.031419
0.031678
0.031642
0.031634
0.031598
0.031624
0.047152
0.032220
0.031399
0.031252
0.031417
0.031785
0.031832
0.031811
0.031654
0.031519
0.031735
0.031694
0.061152
0.031513
0.039246
0.037152
0.033720
0.032176
0.032207
0.031411
0.034770
0.035655
0.031482
0.031473
0.031465
0.031717
0.031564
0.031466
0.031602
0.031344
0.031453
0.042387
0.065937
0.031491
0.031343
0.031722
0.031631
0.031501
0.031522
0.031598
0.031447
0.031562
0.031519
0.031536
0.031646
0.031723
0.031494
0.031347
0.031626
0.031588
0.032001
0.039675
0.063654
0.031642
0.031455
0.031438
0.031804
0.031613
0.031637
0.031672
0.031624
0.043495
0.031956
0.031777
0.031588
0.031654
0.031666
0.031616
0.031775
0.031765
0.031548
0.031532
0.061456
0.031241
0.031413
0.031602
0.031564
0.031465
0.031685
0.031738
0.031770
0.036763
0.033502
0.031665
0.031645
0.031570
0.032197
0.031619
0.031690
0.031696
0.031619
0.038531
0.061672
0.031612
0.031574
0.031628
0.031509
0.031725
0.031553
0.031589
0.031455
0.031566
0.031507
0.031657
0.031666
0.031790
0.031544
0.031685
0.031611
0.031557
0.031469
0.034601
0.063749
0.031459
0.031519
0.031518
0.031418
0.031587
0.031613
0.031593
0.031627
0.035769
0.034973
0.031769
0.031528
0.031731
0.031751
0.031517
0.031737
0.031593
0.031684
0.031862
0.061457
0.031537
0.031748
0.031575
0.031749
0.031738
0.031595
0.031471
0.031456
0.031523
0.038574
0.032006
0.031456
0.031529
0.031676
0.031538
0.031553
0.031585
0.031495
0.031591
0.066570
0.031604
0.031609
0.031495
0.031697
0.031403
0.031597
0.031482
0.031500
0.031533
0.031533
0.031460
0.031357
0.031416
0.031538
0.031593
0.031653
0.031575
0.031497
0.031462
0.061079
0.038760
0.031921
0.031604
0.032032
0.032507
0.031969
0.031706
0.031561
0.031430
0.031903
0.045269
0.031985
0.031488
0.031597
0.031586
0.031694
0.031569
0.031635
0.031628
0.061583
0.031826
0.031456
0.031578
0.031589
0.031662
0.031635
0.031443
0.031478
0.031543
0.031306
0.031553
0.043913
0.031645
0.031539
0.031488
0.031616
0.031384
