0.393281
0.039811
0.034712
0.033503
0.055542
0.034107
0.033514
0.033660
0.033584
0.033536
0.033478
0.033736
0.033663
0.033673
0.046220
0.043915
0.044316
0.043609
0.033340
0.033594
0.057259
0.033532
0.033445
0.033418
0.033842
0.033401
0.033616
0.033417
0.033789
0.033769
0.033690
0.033417
0.033337
0.048386
0.034040
0.033392
0.033247
0.033755
0.033483
0.033658
0.062932
0.034055
0.051975
0.037421
0.034358
0.034421
0.034387
0.034220
0.034631
0.034317
0.034295
0.034446
0.034347
0.034367
0.034182
0.034268
0.034126
0.034292
0.034045
0.034380
0.064022
0.055171
0.038455
0.033656
0.033271
0.033784
0.033883
0.033983
0.033710
0.033823
0.033583
0.039929
0.034384
0.034098
0.033759
0.033651
0.034124
0.034049
0.033648
0.033818
0.063949
0.033664
0.033926
0.033940
0.033935
0.034020
0.033740
0.033866
0.033905
0.030053
0.052475
0.033737
0.033404
0.023550
0.033459
0.033465
0.024077
0.032142
0.031584
0.031377
0.031489
0.049156
0.033990
0.033547
0.023540
0.023513
0.023519
0.023418
0.023492
0.023456
0.023474
0.023637
0.023483
0.023504
0.023523
0.023524
0.023489
0.023498
0.023509
0.023618
0.023519
0.023478
0.031645
0.023544
0.023413
0.023444
0.023506
0.025584
0.028903
0.023554
0.023510
0.023442
0.023391
0.023535
0.023508
0.023497
0.023386
0.023457
0.023592
0.023391
0.024049
0.031144
0.023663
0.023476
0.023387
0.023637
0.023496
0.023479
0.023513
0.023558
0.023513
0.023371
0.023479
0.023490
0.023489
0.023546
0.030689
0.031688
0.032439
0.023480
0.023529
0.023477
0.023407
0.023525
0.023471
0.023545
0.023588
0.025844
0.030167
0.023737
0.023428
0.023404
0.023376
0.023689
0.023442
0.023454
0.023421
0.023459
0.023364
0.023620
0.023349
0.032646
0.023536
0.023456
0.023441
0.023456
0.023325
0.023275
0.031663
0.031671
0.036439
0.032239
0.032155
0.032104
0.032244
0.032241
0.032110
0.032050
0.032201
0.032141
0.032208
0.032243
0.074717
0.031499
0.040796
0.051021
0.023823
0.023590
0.023459
0.023412
0.023511
0.023515
0.028772
0.028519
0.033455
0.023665
0.023607
0.023529
0.023529
0.033445
0.059406
0.030268
0.030009
0.033690
0.030594
0.033733
0.033536
0.033958
0.033931
0.033770
0.033842
0.056911
0.033363
0.033478
0.034223
0.034006
0.047630
0.042528
0.069343
0.068731
0.061280
0.031091
0.031389
0.037970
0.031235
0.032412
0.041134
0.031217
0.031043
0.030990
0.030819
0.034734
0.034695
0.034595
0.034566
0.034497
0.046697
0.045262
0.045243
0.034719
0.064140
0.034498
0.043866
0.069831
0.045375
0.045452
0.060490
0.034683
0.034229
0.035453
0.046445
0.034617
0.051548
0.034265
0.034457
0.034542
0.044876
0.044805
0.060272
0.045958
0.077919
0.049337
0.050610
0.066804
0.061544
0.036693
0.033810
0.033707
0.033558
0.033284
0.033191
0.033351
0.033368
0.033323
0.033371
0.033384
0.033203
0.043586
0.043543
0.043797
0.091163
0.035687
0.049060
0.033751
0.033735
0.033520
0.033178
0.033340
0.033347
0.033449
0.033377
0.033373
0.053914
0.033714
0.033356
0.033171
0.033435
0.033328
0.033328
0.033237
0.074145
0.043309
0.047545
0.047427
0.063838
0.051304
0.047498
0.064798
0.056318
0.047063
0.055238
0.033208
0.033418
0.033380
0.033428
0.033284
0.042233
0.036438
0.033153
0.032768
0.063756
0.040464
0.032763
0.032899
0.032645
0.032979
0.032861
0.032427
0.032669
0.032369
0.032440
0.032655
0.032325
0.032699
0.032893
0.032861
0.041960
0.037187
0.032866
0.032899
0.063027
0.033305
0.033201
0.033601
0.033585
0.052098
0.038187
0.033673
0.033379
0.033541
0.030418
0.030164
0.033928
0.030027
0.030146
0.029984
0.030339
0.030167
0.030027
0.030199
0.059723
0.030116
0.030234
0.030177
0.030259
0.030252
0.038722
0.032445
0.030401
0.030339
0.030247
0.030268
0.042927
0.031123
0.031173
0.031219
0.051457
0.039630
0.031600
0.031333
0.061721
0.031366
0.031428
0.031419
0.031811
0.031452
0.031598
0.031577
0.031574
0.031490
0.031893
0.031576
0.031040
0.031049
0.031057
0.030891
0.031028
0.055045
0.031829
0.030034
