0.530932
0.084606
0.032822
0.040287
0.039644
0.052555
0.051947
0.043329
0.045164
0.063904
0.042963
0.043258
0.053758
0.043127
0.043218
0.052109
0.039069
0.042585
0.046264
0.046104
0.081275
0.040573
0.033403
0.030991
0.031010
0.031077
0.030584
0.030656
0.030576
0.030626
0.030708
0.030939
0.030584
0.030457
0.030438
0.030786
0.030520
0.031836
0.034430
0.031161
0.060873
0.033954
0.030891
0.030931
0.031062
0.030674
0.030978
0.051314
0.042596
0.031799
0.030642
0.049622
0.039732
0.044079
0.048800
0.043358
0.043238
0.043278
0.040563
0.043518
0.081380
0.080139
0.032649
0.030933
0.030884
0.031086
0.031119
0.031269
0.031228
0.031806
0.043413
0.031265
0.030955
0.030951
0.031269
0.030970
0.030909
0.030930
0.031031
0.030871
0.060976
0.030978
0.030878
0.031053
0.030942
0.031163
0.031407
0.031290
0.031235
0.033941
0.033901
0.031242
0.031240
0.031649
0.031426
0.031331
0.030939
0.031369
0.031333
0.031624
0.074706
0.031444
0.031399
0.031468
0.031496
0.031392
0.031493
0.031619
0.031641
0.031761
0.031771
0.031715
0.031495
0.031527
0.031464
0.031512
0.031774
0.031671
0.031943
0.032973
0.067504
0.034147
0.033002
0.033087
0.033946
0.033381
0.033328
0.034111
0.033324
0.033387
0.055304
0.032761
0.032637
0.032825
0.032605
0.032228
0.032649
0.032703
0.032428
0.033037
0.062383
0.033230
0.033269
0.033473
0.034047
0.033496
0.033547
0.033387
0.033613
0.034140
0.054717
0.038395
0.031197
0.030999
0.030930
0.031154
0.031022
0.030874
0.031022
0.030652
0.064101
0.031061
0.030744
0.032735
0.041448
0.033856
0.031120
0.029808
0.031102
0.031159
0.031026
0.030712
0.030681
0.030620
0.030894
0.030050
0.029909
0.031143
0.031147
0.029813
0.059515
0.052068
