0.457002
0.030014
0.029923
0.029945
0.029889
0.029905
0.029876
0.044625
0.037346
0.029338
0.029223
0.029315
0.029283
0.038946
0.019969
0.019944
0.019911
0.019953
0.020026
0.040478
0.026015
0.020000
0.019977
0.019979
0.030000
0.019989
0.020108
0.020390
0.020030
0.019945
0.020073
0.019976
0.019925
0.019925
0.019958
0.019932
0.019976
0.019919
0.019966
0.019944
0.019948
0.020131
0.019914
0.019938
0.019907
0.019909
0.029832
0.019944
0.020381
0.020020
0.026131
0.020823
0.020054
0.019985
0.020022
0.020012
0.029292
0.020008
0.019995
0.019932
0.020074
0.019995
0.020184
0.019951
0.021323
0.020741
0.020120
0.020076
0.020059
0.020087
0.020084
0.020073
0.020058
0.020064
0.020091
0.020111
0.020037
0.020041
0.020371
0.020098
0.020052
0.020045
0.020059
0.020030
0.020089
0.020032
0.020040
0.020047
0.020161
0.020071
0.020045
0.020054
0.020099
0.020094
0.020082
0.025554
0.022137
0.020080
0.019977
0.020014
0.020101
0.019979
0.020034
0.019978
0.020376
0.020110
0.019952
0.020042
0.020094
0.020020
0.020094
0.025330
0.021481
0.020125
0.020011
0.020013
0.020032
0.020363
0.020019
0.020033
0.020094
0.020134
0.020015
0.020055
0.020097
0.020059
0.030132
0.020059
0.019962
0.029914
0.020037
0.020080
0.029912
0.029954
0.019958
0.020148
0.019964
