0.471762
0.032640
0.030950
0.029979
0.030122
0.030130
0.030014
0.029951
0.030031
0.029907
0.030087
0.029985
0.029917
0.030072
0.030157
0.030066
0.030259
0.030453
0.030308
0.030196
0.053953
0.030232
0.037764
0.030866
0.030636
0.030901
0.031293
0.031140
0.031532
0.031473
0.031332
0.031193
0.031693
0.038659
0.031200
0.030543
0.030508
0.030615
0.030467
0.045962
0.060734
0.030498
0.030402
0.030474
0.030527
0.030653
0.040042
0.036775
0.030642
0.030467
0.046848
0.046757
0.052011
0.039003
0.031358
0.031208
0.031085
0.031076
0.030942
0.031284
0.061114
0.031168
0.048237
0.034351
0.031280
0.031285
0.031240
0.031284
0.031260
0.031333
0.031215
0.031144
0.031188
0.031178
0.031156
0.031195
0.031471
0.031205
0.031127
0.031023
0.060549
0.031042
0.031155
0.061533
0.031213
0.030990
0.031078
0.031096
0.030929
0.031141
0.031234
0.031090
0.031227
0.055111
0.038174
0.030832
0.031084
0.031145
0.031215
0.031202
0.061354
0.031732
0.031278
0.031358
0.031480
0.031129
0.035242
0.031154
0.031228
0.031226
0.031322
0.031293
0.031268
0.052281
0.034068
0.031259
0.031383
0.031294
0.031228
0.031244
0.060810
0.031076
0.031107
0.041164
0.030983
0.030863
0.031056
0.030568
0.052974
0.047162
0.036741
0.030712
0.032448
0.039173
0.048699
0.044160
0.030653
0.030834
0.030952
0.031070
0.060223
0.048094
0.039901
0.039776
0.039836
0.039886
0.049418
0.049802
0.031016
0.033231
0.040478
0.037760
0.032512
0.032651
0.031199
0.031457
0.031315
0.031185
0.031030
0.030867
0.060669
0.030505
0.045634
0.030284
0.029553
0.029821
0.030229
0.030896
0.031340
0.051248
0.035079
0.030522
0.030655
0.030551
0.030437
0.030538
0.030561
0.030391
0.030612
0.030473
0.074546
0.030539
0.020698
0.030611
0.029887
0.030393
0.045464
0.045470
0.030241
0.046140
0.030249
0.030244
0.045481
0.030154
0.030177
0.045456
0.030263
0.030192
0.030245
0.030187
0.072508
0.030149
0.030538
0.030210
0.030151
0.030279
0.030237
0.030070
0.030188
0.030301
0.044955
0.039494
0.054298
0.038309
0.038294
0.050028
0.030253
0.030091
0.030283
0.030282
0.059866
0.030136
0.030223
0.030234
0.030180
0.030214
0.030304
0.031055
0.031002
0.042562
0.030679
0.030205
0.030249
0.030333
0.030314
0.030273
0.045384
0.030245
0.030187
0.030199
0.069836
0.030253
0.030700
0.030195
0.030353
0.030251
0.030287
0.030437
0.030352
0.030507
0.030340
0.030309
0.030282
0.030243
0.030328
0.030307
0.030200
0.030281
0.030295
0.030179
0.059566
0.045824
0.030540
0.030176
0.030314
0.030259
0.030255
0.030324
0.030205
0.030244
0.030230
0.030277
0.055576
0.030483
0.030217
0.030338
0.030603
0.030253
0.030202
0.030306
0.059839
0.030332
0.030323
0.031067
0.030319
0.030280
0.030456
0.030208
0.030183
0.030160
0.030299
0.030338
0.030210
0.031188
0.037330
0.030487
0.031280
0.031484
0.050125
0.030596
0.045879
0.030580
0.030594
0.038562
0.040886
0.031380
0.031384
0.031389
0.031308
0.031253
0.031263
0.031182
0.031232
0.031112
0.031059
0.031076
0.031169
0.031169
0.031169
0.031153
0.062269
0.030346
0.030409
0.030521
0.049004
0.030640
0.030368
0.030678
0.030525
0.030378
0.030403
0.030262
0.030343
0.030655
0.030418
0.046973
0.030892
0.030548
0.030381
0.030273
0.060210
0.030603
0.030387
0.030352
0.030447
0.030318
0.030415
0.030340
0.030545
0.030438
0.030381
0.030563
0.030252
0.030273
0.030513
0.030373
0.030494
0.034461
0.030516
0.030420
0.060115
0.030465
0.030468
0.030579
0.030460
0.030434
0.030470
0.032709
0.030550
0.030435
0.030468
0.030453
0.030398
0.030431
0.030443
0.030391
0.030285
0.030388
0.030375
0.030402
0.060068
0.030451
0.030329
0.030270
0.030214
0.030249
0.030263
0.030251
0.047081
0.030509
0.030244
0.030243
0.030259
0.030256
0.030170
0.030166
0.030342
0.030156
0.030185
0.049838
0.060434
0.030325
0.030231
0.030165
0.030266
0.030228
0.030275
0.030361
0.030282
0.030173
0.030340
0.030334
0.030260
0.030314
0.030525
0.030311
0.030394
0.045500
0.030455
0.030455
0.049752
0.030911
0.030423
0.030458
0.030638
0.030751
0.030647
0.030614
0.031141
0.031639
0.031094
0.042562
0.031114
0.030895
0.030810
0.031642
0.041099
0.041345
0.058299
0.042442
0.083315
0.038353
0.030468
0.030418
0.045884
0.030455
0.030447
0.030534
0.047251
0.037565
0.046175
0.030315
0.029539
0.029448
0.030365
0.030657
0.030302
0.030658
0.030427
0.040338
0.060446
0.030689
0.030722
0.030583
0.030721
0.030512
0.030485
0.030681
0.030499
0.030366
0.030442
0.030389
0.030326
0.030188
0.030266
0.030451
0.030522
0.030501
0.030360
0.030322
0.065878
0.045660
0.046026
0.045533
0.030311
0.030314
0.030313
0.030250
0.030316
0.030261
0.037595
0.031957
0.030282
0.030156
0.030154
0.030198
0.030094
0.030224
0.030227
0.030169
0.061678
0.030227
0.030005
0.030048
0.030290
0.030157
0.030286
0.030217
0.030137
0.030397
0.030315
0.038958
0.038529
0.042315
0.042396
0.042150
0.041968
0.069601
0.038962
0.030381
0.060435
0.030365
0.030222
0.030057
0.030130
0.030149
0.030110
0.030157
0.030118
0.030141
0.030193
0.030164
0.030130
0.030091
0.030007
0.030134
0.030090
0.030243
0.030310
0.034407
0.060022
0.030211
0.030066
0.030285
0.030089
0.030141
0.030140
0.030212
0.033379
0.032243
0.030609
0.031059
0.030605
0.030139
0.030160
0.030258
0.030251
0.030364
0.030290
0.030162
0.059624
0.030175
0.030120
0.030120
0.030050
0.030187
0.030207
0.030112
0.030199
0.030055
0.050198
0.039380
0.030163
0.030244
0.030084
0.030116
0.030195
0.030111
0.030202
0.030091
0.063026
0.038650
0.038439
0.038149
0.038271
0.042251
0.042475
0.042683
0.042561
0.042448
0.042520
0.042550
0.058758
0.042377
0.058597
0.059685
0.083001
0.053229
0.030516
0.030651
0.060895
0.030817
0.030288
0.048589
0.034879
0.030622
0.030524
0.030672
0.030667
0.046904
0.030769
0.045033
0.030692
0.030878
0.031031
0.031006
0.030796
0.030785
0.030739
0.030680
0.061138
0.030405
