0.433777
0.032225
0.032300
0.031062
0.031049
0.031068
0.031150
0.031096
0.031105
0.051418
0.031067
0.030203
0.030117
0.030054
0.030188
0.030136
0.030115
0.030107
0.030454
0.030416
0.053406
0.030532
0.030263
0.030285
0.030157
0.030126
0.030133
0.030172
0.030142
0.030033
0.030176
0.038963
0.030551
0.020284
0.020176
0.030078
0.030631
0.030445
0.030197
0.045887
0.059497
0.034541
0.032793
0.030289
0.030020
0.030109
0.030089
0.030083
0.030067
0.030058
0.030070
0.030059
0.030056
0.030176
0.030014
0.029979
0.030205
0.030189
0.030131
0.030527
0.060603
0.030158
0.030932
0.041160
0.030298
0.030172
0.030157
0.030133
0.045524
0.030241
0.030241
0.045641
0.030092
0.036096
0.031197
0.030246
0.030267
0.030275
0.030360
0.030236
0.045425
0.030234
0.047230
0.030599
0.030341
0.030210
0.030232
0.030244
0.030232
0.030221
0.030072
0.030179
0.030074
0.030079
0.030072
0.038882
0.030442
0.030044
0.030084
0.030053
0.061732
0.029938
0.029982
0.029976
0.029896
0.039503
0.032404
0.029969
0.030058
0.030025
0.029859
0.029880
0.030026
0.029728
0.030089
0.030111
0.030140
0.030061
0.029993
0.029970
0.059747
0.029852
0.030011
0.029825
0.029950
0.029889
0.029971
0.049178
0.020299
0.020179
0.019873
0.019989
0.019979
0.019959
0.020017
0.019960
0.019971
0.019999
0.019946
0.019975
