0.465928
0.042533
0.063817
0.030978
0.029812
0.029740
0.029805
0.029784
0.019809
0.019767
0.019759
0.019813
0.019771
0.019852
0.023009
0.023961
0.020157
0.019776
0.019747
0.019748
0.019868
0.019788
0.019840
0.019803
0.019742
0.019925
0.019890
0.019864
0.019774
0.019821
0.019805
0.019822
0.019766
0.019865
0.019864
0.019855
0.019970
0.019845
0.019796
0.029687
0.047139
0.029817
0.029933
0.019988
0.025367
0.023136
0.019971
0.019859
0.019920
0.019875
0.019906
0.019825
0.019931
0.019881
0.019948
0.019972
0.029720
0.029769
0.030578
0.037265
0.051790
0.029827
0.019881
0.019845
0.019881
0.019891
0.019873
0.019871
0.019877
0.029963
0.029753
0.019884
0.019891
0.029874
0.019921
0.029786
0.019986
0.019830
0.019810
0.019934
0.020263
0.019911
0.019963
0.019809
0.019937
0.019816
0.023182
0.026210
0.019965
0.019925
0.019887
0.019884
0.022378
0.025884
0.025971
0.025820
0.025954
0.025789
0.025785
0.025811
0.026403
0.026270
0.039105
0.041826
0.041924
0.025966
0.026210
0.025951
0.025732
0.025882
0.026086
0.025881
0.025938
0.042347
0.041953
0.041911
0.044171
0.067593
0.080665
0.032766
0.020290
0.030923
0.020167
0.020134
0.020293
0.030921
0.030992
0.030900
0.030952
0.057302
0.031658
0.031030
0.038466
0.038082
0.038324
0.038295
0.030073
0.030107
0.030049
0.030217
0.059672
0.029985
0.029964
0.030005
0.030011
0.029941
0.029981
0.030002
0.029940
0.029976
0.043721
0.030557
0.029902
0.030003
0.030016
0.029968
0.030016
0.029981
0.029909
0.029991
0.069824
0.030704
0.029966
0.030131
0.030004
0.029939
0.029930
0.029925
0.029903
0.030059
0.029856
0.030053
0.029923
0.029974
0.030047
0.030048
0.029886
0.030013
0.029899
0.029949
0.059767
0.030001
0.047609
0.030317
0.030005
0.030016
0.030074
0.029990
0.030272
0.030097
0.030006
0.030080
0.029966
0.036331
0.031684
0.030097
0.030107
0.030094
0.030037
0.030114
0.060045
0.030118
0.030088
0.030048
0.029983
0.029952
0.045222
0.030035
0.030040
0.030056
0.030047
0.029996
0.030021
0.045689
0.039312
0.030695
0.020361
0.030427
0.020411
0.030365
0.046050
0.029566
0.030183
0.020275
0.030318
0.032388
0.026422
0.029830
0.029913
0.029894
0.029302
0.030014
0.030026
0.030010
0.029864
0.029842
0.019954
0.029928
0.029845
0.029976
