0.470913
0.039415
0.039258
0.043052
0.043504
0.043245
0.043247
0.043204
0.049372
0.046477
0.058198
0.031706
0.031545
0.034627
0.041117
0.038686
0.037364
0.031820
0.031557
0.031665
0.055005
0.031259
0.031374
0.031384
0.031216
0.031331
0.059655
0.032051
0.031046
0.031098
0.031138
0.031238
0.031345
0.031118
0.031246
0.031195
0.031345
0.039100
0.030668
0.030414
0.059960
0.030293
0.030350
0.030515
0.030658
0.030684
0.030534
0.030526
0.030471
0.030582
0.030350
0.030426
0.030425
0.030238
0.030374
0.030320
0.030242
0.030504
0.030326
0.038705
0.060437
0.030262
0.030397
0.030481
0.030324
0.030458
0.030441
0.030312
0.030416
0.035272
0.032517
0.030262
0.030479
0.030323
0.030503
0.030317
0.030367
0.030337
0.030698
0.030816
0.060310
0.030399
0.030475
0.030216
0.030286
0.030337
0.030264
0.030412
0.030459
0.030492
0.034567
0.033424
0.030304
0.030401
0.030323
0.030378
0.030266
0.030375
0.030395
0.030264
0.062570
0.030641
0.030523
0.030273
0.030295
0.030240
0.030290
0.030238
0.030178
0.030286
0.030329
0.030245
0.030217
0.030266
0.030234
0.030204
0.030375
0.030296
0.030253
0.030396
0.060234
0.030178
0.037287
0.030869
0.030252
0.030307
0.030309
0.030493
0.030423
0.030326
0.030405
0.030159
0.030253
0.048506
0.030545
0.030123
0.030333
0.030352
0.030425
0.030248
0.060087
0.030646
0.030618
0.030688
0.030582
0.031060
0.031442
0.031243
0.031100
0.030993
0.031040
0.031008
0.031118
0.031128
0.032881
0.042148
0.043063
0.042844
0.043928
0.042825
0.073088
0.043000
0.040368
0.042799
0.037146
0.031580
0.031656
0.031554
0.031589
0.031497
0.031526
0.031359
0.031265
0.030613
0.030851
0.030632
0.030509
0.030416
0.030443
0.030463
0.060087
0.030477
0.055361
0.038829
0.031318
0.031248
0.031235
0.031274
0.031248
0.031268
0.031150
0.031436
0.031499
0.039033
0.031341
0.031233
0.031395
0.031321
0.031291
0.031472
0.061335
0.031355
0.031228
0.031144
0.031771
0.031258
0.031081
0.031321
0.031476
0.031581
0.031117
0.031198
0.031286
0.058033
0.038325
0.031286
0.031390
0.031408
0.031261
0.031259
0.060581
0.031346
0.031327
0.040498
0.031660
0.031326
0.031360
0.031196
0.031128
0.031217
0.031246
0.031259
0.031278
0.031870
0.031068
0.030554
0.030547
0.030421
0.030440
0.030574
0.060379
0.039095
0.039237
0.046677
0.038615
0.031408
0.031313
0.031486
0.031404
0.031394
0.031777
0.031599
0.031487
0.050719
0.038229
0.031323
0.031194
0.031210
0.031230
0.031349
0.060893
0.031366
0.031230
0.030501
0.030458
0.030425
0.030484
0.030378
0.030546
0.030463
0.030397
0.040303
0.039272
0.038867
0.041071
0.038448
0.031287
0.031256
0.031210
0.031132
0.061032
0.030649
0.030528
0.030337
0.063173
0.030475
0.030402
0.030420
0.030320
0.030508
0.030383
0.045601
0.030208
0.030416
0.030421
0.030197
0.045539
0.030238
0.030441
0.030249
0.059995
0.030221
0.030364
0.030210
0.053187
0.030526
0.030328
0.030216
0.030205
0.030685
0.030302
0.030122
0.030241
0.030439
0.030172
0.033641
0.035209
0.030119
0.030275
0.030256
0.059815
0.030210
0.030160
0.030129
0.030302
0.030252
0.030291
0.030617
0.030233
0.030377
0.030175
0.030295
0.030316
0.030314
0.030313
0.030284
0.030206
0.041718
0.030644
0.030287
0.060125
0.030343
0.030406
0.030341
0.030344
0.030373
0.030552
0.050620
0.030510
0.030309
0.030267
0.030417
0.030360
0.030468
0.030816
0.030384
0.030519
0.030321
0.030347
0.030414
0.059750
0.030353
0.030393
0.030623
0.030379
0.030372
0.030596
0.030465
0.030485
0.035217
0.030383
0.030371
0.030383
0.030438
0.030423
0.030391
0.030376
0.030396
0.030480
0.031365
0.067469
0.030517
0.030623
0.030276
0.030382
0.030300
0.030459
0.030393
0.030261
0.030971
0.030608
0.030313
0.030210
0.030481
0.030240
0.030248
0.030282
0.030321
0.030412
0.030279
0.060638
0.035843
0.031329
0.030802
0.030499
0.030415
0.030473
0.030706
0.030314
0.030387
0.030287
0.038773
0.042062
0.031186
0.031072
0.030963
0.031037
0.031157
0.031031
0.031147
0.061014
0.031203
0.031149
0.031153
0.031223
0.031275
0.031160
0.030983
0.031161
0.031092
0.031115
0.031313
0.056755
0.030942
0.030420
0.030431
0.030294
0.030357
0.030423
0.030549
0.060169
0.030502
0.048137
0.030813
0.030404
0.030485
0.030321
0.030331
0.030296
0.030226
0.030156
0.030359
0.030435
0.030337
0.030316
0.030364
0.030374
0.030408
0.030395
0.030496
0.060685
0.030435
0.030527
0.030300
0.038850
0.030721
0.030360
0.030331
0.030404
0.030466
0.030397
0.030357
0.030397
0.030273
0.030355
0.038492
0.030529
0.030404
0.030355
0.030548
0.059939
0.030545
0.030365
0.030434
0.030539
0.030390
0.030380
0.030481
0.030298
0.030446
0.030341
0.030237
0.030473
0.030273
0.030267
0.030211
0.030265
0.037383
0.030433
0.030290
0.060220
0.030208
0.030254
0.030442
0.030286
0.030281
0.030590
0.035647
0.031895
0.030220
0.030292
0.030268
0.030264
0.030357
0.030327
0.030225
0.030277
0.030280
0.030249
0.030213
0.059983
0.030091
0.030301
0.030217
0.030159
