0.532702
0.030571
0.030320
0.030922
0.030009
0.029845
0.029881
0.029851
0.029866
0.029890
0.046036
0.037636
0.029851
0.029811
0.030007
0.030039
0.030109
0.030134
0.030276
0.030354
0.020351
0.020428
0.020489
0.030849
0.030458
0.020378
0.020390
0.030380
0.030315
0.020225
0.020419
0.020237
0.020330
0.020311
0.020314
0.020366
0.020485
0.026325
0.024802
0.020195
0.020232
0.030104
0.020343
0.020362
0.020504
0.020369
0.030273
0.030321
0.020483
0.020509
0.021451
0.036452
0.020663
0.020556
0.020479
0.020513
0.030427
0.030286
0.020488
0.020492
0.059063
0.030874
0.030200
0.030323
0.030337
0.030398
0.030306
0.030600
0.030394
0.030465
0.030360
0.030378
0.030322
0.049116
0.035590
0.030397
0.030470
0.030403
0.030351
0.030429
0.059863
0.030433
0.030354
0.042111
0.034627
0.050660
0.048892
0.036081
0.030281
0.030196
0.030293
0.030432
0.030251
0.030204
0.030044
0.030020
0.029953
0.030144
0.029946
0.019983
0.059414
0.030037
0.025849
0.034647
