0.539109
0.045022
0.042959
0.042679
0.054601
0.040873
0.043919
0.031912
0.031166
0.030993
0.031044
0.031140
0.031901
0.034943
0.030970
0.031068
0.030918
0.031045
0.030983
0.031563
0.055449
0.030906
0.030900
0.030965
0.055820
0.031164
0.031047
0.031006
0.031256
0.031072
0.030959
0.031059
0.030940
0.030269
0.044570
0.036835
0.030156
0.030411
0.030316
0.030168
0.059580
0.030282
0.030199
0.030263
0.030372
0.030345
0.030267
0.030219
0.030234
0.030128
0.030364
0.030178
0.030200
0.030229
0.030150
0.030337
0.042922
0.030393
0.030205
0.030191
0.059618
0.030362
0.030184
0.030149
0.030151
0.030098
0.049186
0.030412
0.030183
0.030249
0.030076
0.030416
0.030261
0.030161
0.030126
0.030245
0.030268
0.030221
0.030144
0.030233
0.059765
0.030272
0.030150
0.030161
0.030161
0.030178
0.030114
0.034220
0.033216
0.030214
0.030220
0.030120
0.030147
0.030159
0.030074
0.030309
0.030068
0.030100
0.053487
0.039081
0.068895
0.030103
0.030111
0.030080
0.030070
0.030073
0.030225
0.030369
0.030047
0.030077
0.030052
0.030282
0.030087
0.030049
0.030185
0.030120
0.030019
0.030274
0.030153
0.059743
0.066171
0.030057
0.030058
0.030241
0.030411
0.030179
0.030180
0.030150
0.030097
0.039023
0.030485
0.030157
0.030089
0.030128
0.030070
0.030144
0.030130
0.030133
0.030178
0.030486
0.059788
0.030216
0.030256
0.030079
0.030109
0.030136
0.030157
0.030142
0.030249
0.030070
0.030199
0.040883
0.030674
0.030540
0.030491
0.030427
0.030480
0.031720
0.030528
0.030483
0.059752
0.047324
0.036460
0.035169
0.035593
0.030960
0.031080
0.030938
0.030803
0.030881
0.030925
0.030869
0.030835
0.030847
0.031096
0.030918
0.030467
0.030401
0.030140
0.030283
0.059929
0.053764
0.039168
0.038467
0.037534
0.030227
0.030113
0.030205
0.030052
0.030038
0.029929
0.031928
0.039318
0.038451
0.038367
0.038604
0.042177
0.042309
0.042438
0.042325
0.072797
0.042433
0.042151
0.042155
0.042307
0.042329
0.042582
0.060669
0.045703
0.044230
0.031188
0.031260
0.031125
0.031174
0.039361
0.031069
0.046270
0.038224
0.031154
0.031005
0.060826
0.031073
0.030832
0.030839
0.030905
0.030946
0.030966
0.030835
0.030799
0.030885
0.030828
0.030866
0.030775
0.030798
0.031023
0.031000
0.030826
0.052516
0.037992
0.031104
0.060625
0.031937
0.031907
0.030941
0.031001
0.030865
0.030907
0.038537
0.030926
0.030459
0.030086
0.030137
0.030099
0.030134
0.030091
0.030588
0.030340
0.030109
0.030059
0.030133
0.060079
0.030109
0.030288
0.029994
0.030024
0.030169
0.030197
0.030141
0.042893
0.031709
0.030189
0.030060
0.030080
0.030400
0.030395
0.030035
0.030177
0.030014
0.030014
0.055691
0.059705
0.030102
0.030134
0.030164
0.030102
0.030176
0.030081
0.030138
0.030159
0.030236
0.029934
0.030298
0.030125
0.030158
0.030124
0.030178
0.029970
0.030213
0.030174
0.030168
0.079743
0.030064
0.030107
0.029936
0.030010
0.030121
0.030134
0.029973
0.030036
0.030080
0.032996
0.039660
0.038250
0.038151
0.038429
0.042401
0.042227
0.042079
0.042232
0.042344
0.072726
0.042365
0.042781
0.042239
0.042400
0.042306
0.075337
0.048632
0.030349
0.030330
0.030319
0.030259
0.030297
0.030442
0.030228
0.035944
0.032344
0.030170
0.030093
0.030036
0.059872
0.029988
0.030246
0.030027
0.030074
0.030052
0.030226
0.030059
0.030216
0.030214
0.029986
0.030173
0.030087
0.030073
0.030169
0.030028
0.029973
0.035892
0.030726
0.030028
0.059474
0.030069
0.030111
0.030813
0.030226
0.030050
0.030140
0.036080
0.036885
0.030705
0.030118
0.030120
0.030495
0.030290
0.030019
0.030013
0.030119
0.030059
0.030155
0.030040
0.059875
0.030056
0.030133
0.029969
0.030003
0.030108
0.029943
0.029982
0.030082
0.036976
0.034554
0.030259
0.029895
0.030027
0.030048
0.029938
0.029994
0.030249
0.030004
0.029984
0.066518
0.030065
0.029984
0.030024
0.030081
0.029999
0.030146
0.029991
0.030720
0.030058
0.030180
0.029998
0.029950
0.030068
0.030084
0.030077
0.030090
0.030027
0.029971
0.030281
0.059732
0.036818
0.042380
0.038173
0.038137
0.036319
0.030038
0.030113
0.029939
0.030314
0.031122
0.039586
0.030074
0.029988
0.030072
0.030016
0.029885
0.029972
0.030156
0.030043
0.059452
0.029882
0.030058
0.030067
0.029933
0.029987
0.029948
0.030002
0.030083
0.029932
0.029990
0.030307
0.044181
0.035375
0.030001
0.030069
0.030162
0.030136
0.030031
0.030068
0.059871
0.030032
0.057159
0.030499
0.030102
0.030003
0.030026
0.030009
0.030031
0.030111
0.030013
0.030107
0.030148
0.029928
0.030048
0.030074
0.029957
0.030445
0.030058
0.030027
0.059448
0.029990
0.032002
0.038966
0.038320
0.038296
0.038483
0.042190
0.042177
0.062277
0.059636
0.030774
0.030021
0.029967
0.030547
0.037185
0.038151
0.038138
0.038440
0.042544
0.072693
0.042197
0.042058
0.042185
0.064562
0.068052
0.057256
0.030382
0.038341
0.041345
0.042181
0.042217
0.042060
0.063553
0.054318
0.030219
0.030240
0.030508
0.030174
0.030157
0.059425
0.029965
0.030035
0.029932
0.029963
0.029825
0.029990
0.030168
0.029987
0.030025
0.029994
0.030104
0.030050
0.030005
0.029951
0.039171
0.034608
0.030046
0.029942
0.030048
0.059850
0.030247
0.029888
0.029929
0.030332
0.036189
0.030572
0.029989
0.030013
0.030125
0.029927
0.030056
0.029993
0.030072
0.030047
0.029965
0.030050
0.029935
0.030004
0.030004
0.059610
0.029972
0.030017
0.030040
0.030025
0.030080
0.030051
0.036443
0.030235
0.030041
0.029980
0.031344
0.030150
0.030177
0.030046
0.030051
0.030054
0.030138
0.041538
0.030333
0.059755
0.029948
0.029953
0.029955
0.029870
0.029932
0.029971
0.029969
0.029973
0.030123
0.029815
0.030107
0.029898
0.029821
0.029975
0.029892
0.029812
0.029997
0.040269
0.031981
0.059878
0.029997
0.029955
0.029887
0.029957
0.029962
0.030092
0.029947
0.051532
0.030174
0.030043
0.038249
0.038343
0.038455
0.042289
0.046112
0.038782
0.040342
0.041913
0.049004
0.100033
0.035290
0.031944
0.035816
0.030123
0.030203
0.030100
0.030130
0.030035
0.029981
0.029929
0.038162
0.037976
0.040329
0.037727
0.030743
0.030690
0.030554
0.030759
0.030748
0.060746
0.030766
0.030750
0.030708
0.030611
0.030642
0.030637
0.030812
0.030706
0.030794
0.030656
0.030019
0.029915
0.029916
0.034274
0.038873
0.037703
0.038013
0.037699
0.041828
0.072709
0.041898
0.048664
0.040302
0.039502
0.055893
0.042123
0.030714
0.030326
0.030352
0.030197
0.030212
0.030131
0.029979
0.030137
0.029962
0.029939
0.029979
0.029923
0.030045
0.059925
0.057790
0.038225
0.037919
0.030024
0.030016
0.029982
0.030226
0.029846
0.029949
0.030134
0.056845
0.033529
0.030680
0.030788
0.030836
0.030668
0.030760
0.030709
0.030923
0.060639
0.032800
0.031884
0.030837
0.030540
0.030859
0.030723
0.030744
0.030598
0.030644
0.030734
0.030721
0.047724
0.038375
0.037857
0.037982
0.042127
0.042417
0.067609
0.073031
0.069988
0.039147
0.038842
0.039051
0.045469
0.063629
0.031298
0.031086
0.030934
0.060498
0.038056
0.038511
0.038481
0.039520
0.034213
0.042172
0.031711
0.029942
0.029928
0.029891
0.059768
0.029982
0.030048
0.029861
0.029879
0.047701
0.038174
0.038016
0.038026
0.038058
0.038378
0.041800
0.041941
0.042092
0.042207
0.042096
0.042351
0.042301
0.041931
0.041972
0.121849
0.039726
0.042090
0.042101
0.041981
0.042129
0.042246
0.042145
0.052622
