0.491219
0.043497
0.047580
0.062821
0.043005
0.037813
0.030914
0.030685
0.030810
0.030771
0.030898
0.030833
0.030701
0.035382
0.034125
0.030400
0.030531
0.030451
0.030596
0.030430
0.054369
0.030491
0.030617
0.031959
0.040126
0.039094
0.039101
0.040562
0.054662
0.060331
0.030961
0.031148
0.030900
0.030792
0.030764
0.030915
0.030922
0.030650
0.030695
0.030741
0.061188
0.031764
0.036777
0.030585
0.030455
0.030812
0.030656
0.030562
0.030632
0.030616
0.030811
0.030556
0.048151
0.030833
0.030527
0.030470
0.030543
0.031961
0.030663
0.030493
0.060178
0.030668
0.030761
0.030566
0.030606
0.030695
0.030747
0.030563
0.030629
0.030551
0.030539
0.030827
0.030610
0.040494
0.030853
0.030422
0.030808
0.030481
0.030649
0.030666
0.060636
0.030555
0.030680
0.033624
0.030663
0.030400
0.030467
0.030537
0.030611
0.030696
0.030549
0.030518
0.030599
0.030576
0.030542
0.030517
0.030431
0.030666
0.030531
0.030448
0.060203
0.030772
0.030495
0.033902
0.039746
0.038993
0.030385
0.030509
0.030565
0.030629
0.030486
0.030572
0.030557
0.064755
0.039486
0.055583
0.053010
0.030406
0.030372
0.020340
0.060529
0.030205
0.030154
0.030077
0.030201
0.030263
0.030191
0.030417
0.030277
0.030097
0.030176
0.030329
0.030215
0.051447
0.030538
0.030317
0.030325
0.030336
0.030273
0.030414
0.059781
0.030399
0.030335
0.039197
0.030658
0.030344
0.030468
0.030582
0.030355
0.030401
0.030326
0.031142
0.030885
0.030265
0.030356
0.030263
0.030404
0.030498
0.030475
0.030353
0.060164
0.030357
0.030459
0.030399
0.042398
0.030652
0.030146
0.031054
0.031047
0.030195
0.030341
0.030086
0.030285
0.030402
0.054571
0.038909
0.030224
0.030493
0.030266
0.030331
0.060012
0.030297
0.030217
0.030296
0.030334
0.030321
0.030354
0.030161
0.030245
0.030328
0.030379
0.030298
0.030266
0.030502
0.030295
0.053687
0.038500
0.031000
0.030559
0.030346
0.060325
0.030412
0.030327
0.030525
0.030263
0.046753
0.030711
0.030258
0.030212
0.030169
0.030154
0.030250
0.030293
0.030192
0.030311
0.030281
0.030154
0.030263
0.030129
0.030183
0.059774
0.030195
0.030260
0.030230
0.030482
0.030330
0.054279
0.031305
0.031116
0.031188
0.030698
0.030214
0.030232
0.030272
0.030301
0.030286
0.050095
0.031751
0.030447
0.030282
0.060200
0.030288
0.030241
0.030404
0.030388
0.030284
0.030285
0.030365
0.030348
0.030433
0.030485
0.030516
0.030414
0.030391
0.030491
0.030344
0.031737
0.039708
0.038737
0.038810
0.070968
0.043034
0.042772
0.042856
0.051136
0.046056
0.054000
0.031568
0.031808
0.031400
0.031344
0.031389
0.031551
0.031033
0.030425
0.030309
0.030338
0.030334
0.030262
0.030163
0.060291
0.030245
0.030261
0.030224
0.039606
0.030249
0.030378
0.030328
0.030384
0.030484
0.030407
0.031743
0.035644
0.030876
0.053726
0.030431
0.030268
0.030231
0.030350
0.030364
0.060109
0.030296
0.030258
0.030319
0.030359
0.030285
0.030505
0.030310
0.030345
0.030292
0.030369
0.030602
0.030329
0.030333
0.030268
0.039747
0.030818
0.030339
0.030460
0.030269
0.060044
0.030206
0.030252
0.030473
0.030322
0.039664
0.030690
0.030394
0.030469
0.030366
0.030310
0.030925
0.031747
0.030549
0.030300
0.030337
0.030223
0.030235
0.030338
0.030365
0.059695
0.030213
0.030317
0.030245
0.030230
0.030257
0.030351
0.037889
0.030754
0.030781
0.030630
0.030246
0.030320
0.030237
0.030520
0.030437
0.030234
0.049581
0.031441
0.030431
0.060332
0.030265
0.030303
0.030280
0.030314
0.030300
0.030250
0.030185
0.030435
0.030334
0.030279
0.030307
0.030268
0.030205
0.030317
0.030225
0.030179
0.030165
0.020090
0.024915
0.023097
0.020251
0.020027
0.019920
0.020032
0.020046
0.020014
0.020034
0.030465
0.030179
0.030127
0.030019
0.031307
0.033170
0.030179
0.030204
0.030140
0.030260
0.030382
0.030412
0.059890
0.030618
0.030578
0.030848
0.030503
0.030608
0.030713
0.030591
0.030487
0.030493
0.030503
0.030474
0.030469
0.030568
0.044642
0.030746
0.030453
0.030362
0.030407
0.030512
0.060211
0.030352
0.030478
0.054932
0.034802
0.034617
0.041465
0.039031
0.030798
0.030519
0.030495
0.030586
0.030697
0.030578
0.030634
0.030644
0.030590
0.030578
0.030634
0.030542
0.060642
0.030596
0.030582
0.055405
0.038697
0.031272
0.031211
0.031152
0.031235
0.031150
0.031021
0.031194
0.031161
0.031238
0.040025
0.031346
0.030551
0.030596
0.030359
0.030198
0.060328
0.030362
0.030353
0.030380
0.030392
0.030425
0.030535
0.030276
0.030415
0.030304
0.030363
0.030305
0.030350
0.030475
0.030313
0.043927
0.033412
0.030286
0.030358
0.030432
0.060143
0.030294
0.030297
0.030339
0.035099
0.037343
0.030355
0.030531
0.030315
0.030329
0.030447
0.030535
0.030355
0.030285
0.030534
0.030349
0.030347
0.030354
0.030399
0.030493
0.060254
0.030307
0.030383
0.030256
0.030310
0.050754
0.035328
0.031263
0.031263
0.031290
0.031279
0.031150
0.031170
0.031204
0.031215
0.031139
0.051336
0.030944
0.030192
0.030244
0.059726
0.030408
0.030278
0.030270
0.030336
0.030358
0.030423
0.030323
0.030376
0.030237
0.030308
0.030341
0.030414
0.030327
0.030388
0.030464
0.030444
0.033833
0.033340
0.030317
0.060299
0.030293
0.030317
0.030995
0.030475
0.030304
0.030277
0.032583
0.033260
0.030274
0.030387
0.030320
0.030273
0.030455
0.030252
0.034420
0.039998
0.030728
0.030520
0.030343
0.060434
0.030349
0.030325
0.030398
0.030319
0.030381
0.030391
0.030332
0.034095
0.039601
0.038765
0.038893
0.038835
0.040112
0.042705
0.042859
0.042743
0.041399
0.039434
0.041757
0.077429
0.030630
0.030658
0.030866
0.030625
0.030621
0.030447
0.030445
0.030457
0.030409
0.030368
0.030411
0.030927
0.030535
0.030359
0.030444
0.030450
0.050885
0.032599
0.030389
0.059764
0.030468
0.030375
0.030285
0.030339
0.030286
0.030352
0.045078
0.031366
0.046802
0.030297
0.030333
0.030427
0.030337
0.030486
0.030295
0.030251
0.030436
0.030340
0.030396
0.060797
0.030361
0.037706
0.040527
0.038844
0.038743
0.030376
0.030496
0.030360
0.030390
0.030763
0.030403
0.059840
0.039132
0.037079
0.030418
0.030427
0.030266
0.030778
0.030512
0.059663
0.030269
0.030241
0.030387
0.030464
0.030320
0.030244
0.030272
0.030556
0.030372
0.030251
0.030380
0.030396
0.030254
0.032631
0.040729
0.031239
0.031209
0.031262
0.031338
0.061605
0.031354
0.031327
0.031204
0.057394
0.030929
0.030394
0.030307
0.030488
0.030496
0.030378
0.030423
0.030422
0.030507
0.030513
0.030742
0.031092
0.031511
0.039206
0.039059
0.069962
0.045051
0.052250
0.059588
0.039144
0.038998
0.062617
0.047929
0.030423
0.030545
0.030604
0.030785
0.039871
0.038751
0.038714
0.038698
0.042650
0.059467
0.030978
0.030637
0.061073
0.030845
0.030536
0.030414
0.030526
0.030487
0.030545
0.030431
0.030431
0.031090
0.055570
0.038445
0.031417
0.031314
0.031286
0.031278
0.031289
0.031293
0.031229
0.031401
0.089089
0.030541
0.030453
0.030401
0.030404
0.030427
0.031303
0.030761
0.030479
0.030471
0.030555
0.030529
0.030591
0.030453
0.030502
0.030559
0.030475
0.030396
0.030403
0.030261
0.060394
0.041303
0.031888
0.030242
0.030394
0.030450
0.030308
0.030439
0.030344
0.030301
0.030594
0.049699
0.040402
0.039859
0.039625
0.039605
0.039755
0.039602
0.064611
0.037152
0.061278
0.031111
0.031182
0.035368
0.031221
0.031083
0.031142
0.031220
0.034421
0.045377
0.039092
0.038795
0.042979
0.042721
0.043268
0.056509
0.079067
0.036226
0.030693
0.030632
0.060620
0.030576
0.030460
0.030388
0.030458
0.030412
0.030452
0.030350
0.030424
0.030362
0.030485
0.030325
0.031685
0.040632
0.039080
0.030352
0.034881
0.033786
0.030563
0.030385
0.059635
0.030558
0.030443
0.030316
0.030359
0.030517
0.037395
0.030835
0.030458
0.030331
0.030417
0.030601
0.030387
0.030409
0.030425
0.030466
0.030424
0.030374
0.030434
0.030410
0.060591
0.030451
0.030258
0.030838
0.030597
0.030475
0.030351
0.030300
0.039860
0.038761
0.038527
0.038929
0.042734
0.042485
0.042789
0.057504
0.043552
0.042554
0.042438
0.042736
0.074728
0.056811
0.030627
0.031543
0.031415
0.031079
0.041958
0.030610
0.030843
0.030508
0.030569
0.030635
0.030624
0.063984
0.038023
0.030420
0.030209
0.030422
0.030282
0.030340
0.060205
0.030206
0.048593
0.033917
0.030303
0.030221
0.030258
0.030200
0.030615
0.030453
0.030420
0.030385
0.030482
0.030769
0.030702
0.030474
0.030322
0.030336
0.031001
0.030438
0.059787
0.030337
0.030517
0.032278
0.032734
0.030433
0.030405
0.030517
0.030257
0.030445
0.030321
0.030317
0.030311
0.030388
0.032354
0.033938
0.030364
0.030308
0.030429
0.030607
0.059592
0.030459
0.030309
0.030370
0.030446
0.030634
0.030450
0.030233
0.030402
0.031099
0.031554
0.031358
0.031111
0.031114
0.060837
0.035588
0.037090
0.038136
0.038251
0.038174
0.061692
0.031334
0.049399
0.030417
0.030648
0.030471
0.030502
0.030252
0.030116
0.038544
0.042519
0.048386
0.038748
0.042416
0.042429
0.042550
0.067255
0.042568
0.050183
0.041524
0.073385
0.062459
0.051949
0.068574
0.040516
0.030493
0.030643
0.030684
0.038818
0.042682
0.042618
0.042696
0.046379
0.042781
0.042684
0.042662
0.043233
0.042859
0.042772
0.042855
0.100231
0.042752
0.042760
0.042672
0.042588
0.042635
0.042702
0.091946
0.050353
0.030484
0.030668
0.030628
0.030614
0.030591
0.030818
0.030477
0.038902
0.038816
0.030394
0.038806
0.070069
0.042533
0.042566
0.042809
0.064958
0.038088
0.030170
0.030311
0.030256
0.030425
0.030437
0.030328
0.030479
0.030322
0.035926
0.039186
0.038511
0.038484
0.038616
0.043151
0.073231
0.064886
0.032294
0.030314
0.030405
0.030264
0.030348
0.030471
0.030215
0.030360
0.030262
0.030324
0.030249
0.053205
0.030438
0.030329
0.030376
0.030441
0.035351
0.040877
0.069852
0.039196
0.031882
0.030697
0.030669
0.030599
0.030768
0.030684
0.030711
0.030722
0.030787
0.030951
0.030963
0.030658
0.030756
0.030739
0.030629
0.030951
0.030660
0.030744
0.060873
