173	66	14	35
174	66	14	40
175	67	13	38
176	66	13	39
176	65	12	40
177	66	13	40
179	66	13	40
177	66	17	40
180	66	13	38
182	66	12	38
180	65	15	38
182	65	13	38
185	64	12	41
186	65	13	39
183	65	17	40
178	63	23	43
182	59	28	42
180	59	29	45
187	64	26	42
182	63	34	41
177	64	42	40
184	63	35	37
182	64	35	33
190	65	30	30
188	66	32	30
186	64	34	31
192	66	30	31
191	66	25	29
194	65	19	31
197	64	16	30
200	66	14	30
202	65	15	29
203	64	15	29
201	64	17	32
201	64	18	30
206	65	15	28
206	66	16	28
208	64	13	30
209	65	14	29
209	64	12	29
210	64	13	30
209	64	12	31
211	64	13	30
213	66	14	29
214	65	14	29
215	65	14	29
215	65	14	28
216	63	15	29
218	64	14	29
218	65	14	30
220	64	14	31
220	64	14	31
221	64	13	30
221	64	13	30
221	64	13	30
221	64	13	30
223	65	11	31
223	63	11	30
223	64	11	31
223	63	12	30
225	66	11	29
227	64	12	29
227	64	11	29
227	65	12	31
230	65	12	29
231	64	12	30
233	63	12	31
234	63	12	29
232	63	13	30
235	63	13	29
234	64	13	31
235	64	13	30
237	64	13	31
236	63	13	33
237	62	12	33
239	62	13	33
240	63	13	34
241	64	12	34
242	62	11	35
242	62	11	35
242	62	11	35
242	62	11	35
242	62	11	35
242	62	11	35
242	62	11	35
242	62	11	35
242	62	11	35
242	62	11	35
242	62	11	35
242	62	11	35
242	62	11	35
242	62	11	35
242	62	11	35
242	62	11	35
242	62	11	35
242	62	11	35
242	62	11	35
242	62	11	35
242	62	11	35
242	62	11	35
267	61	11	35
269	60	12	33
268	62	14	33
269	62	16	33
269	62	17	35
269	62	18	33
271	55	19	37
272	60	18	32
271	58	21	35
269	53	22	39
274	53	20	40
271	51	22	41
271	48	23	44
280	61	16	37
281	63	14	32
284	62	13	32
284	62	11	33
287	61	11	32
286	63	11	33
287	63	12	34
288	62	12	35
291	61	11	35
291	61	12	35
293	61	11	35
293	61	11	36
294	62	12	37
293	62	13	36
294	61	13	35
296	61	14	35
297	62	15	34
297	61	15	35
300	61	14	34
302	61	15	33
303	61	13	29
308	62	11	28
309	62	9	25
310	62	10	26
308	63	12	29
310	62	13	33
311	63	13	33
310	62	14	28
312	62	12	32
313	62	12	34
314	61	15	33
316	61	13	36
317	62	12	37
318	63	12	35
319	61	11	36
319	61	11	36
319	61	11	36
319	61	11	36
319	61	11	36
319	61	11	36
319	61	11	36
319	61	11	36
340	57	12	40
340	57	12	40
340	57	12	40
340	57	12	40
340	57	12	40
340	57	12	40
340	57	12	40
340	57	12	40
340	57	12	40
338	56	11	42
338	56	11	42
338	55	12	41
340	56	10	39
341	56	9	43
340	56	11	44
342	59	11	40
342	59	11	40
342	59	11	40
342	59	11	40
342	59	11	40
346	58	11	36
347	57	11	37
348	58	12	34
348	59	11	28
351	59	10	26
352	58	10	24
353	59	10	25
354	59	10	27
355	60	11	29
356	59	12	30
358	60	12	33
361	58	12	36
361	58	11	36
362	59	12	36
363	60	11	36
367	55	10	34
365	59	12	33
366	60	12	32
367	59	12	34
367	60	12	35
368	55	12	39
371	58	11	37
372	59	12	34
375	59	11	32
375	60	10	31
377	59	10	31
378	57	10	33
380	57	11	31
379	57	10	28
381	59	9	26
380	58	10	26
382	59	14	27
384	59	12	25
384	60	14	24
386	59	11	26
385	57	12	28
387	56	11	29
391	59	11	31
390	57	12	33
389	56	15	38
394	57	17	35
393	57	11	34
396	58	9	34
395	60	9	32
395	60	12	33
396	58	12	31
399	59	10	30
400	59	10	32
398	59	12	33
398	57	12	34
401	58	11	33
403	58	12	31
406	58	10	32
405	56	10	34
406	56	11	37
407	58	11	38
409	57	11	38
408	57	11	38
408	56	14	37
408	56	12	36
408	56	12	36
415	58	11	38
415	57	13	39
416	58	12	38
417	54	14	42
420	56	11	38
422	57	10	36
422	57	10	34
423	58	10	36
424	56	10	36
425	56	11	33
426	58	11	28
429	59	9	25
429	58	10	25
430	58	10	23
430	58	10	24
433	57	9	23
431	58	12	23
435	60	8	26
436	57	9	28
438	57	8	33
438	56	9	35
439	55	9	35
440	57	10	37
440	57	12	39
440	57	13	35
442	58	13	34
443	55	13	34
443	57	15	35
445	58	14	35
447	57	14	35
449	55	12	37
448	56	14	37
449	56	15	37
451	57	14	38
452	55	14	39
450	56	15	38
454	56	14	39
455	55	12	39
456	56	13	39
456	57	13	39
458	56	13	39
459	56	13	39
458	53	12	40
460	54	13	39
462	56	12	41
461	54	13	41
461	54	14	40
462	54	14	41
462	54	14	41
462	55	15	40
464	56	16	40
466	53	16	40
464	53	18	41
467	54	17	40
466	56	18	41
468	55	17	39
472	54	16	43
471	52	18	43
471	53	17	44
473	53	17	42
473	54	19	40
474	53	19	41
473	52	19	40
475	52	17	41
479	53	15	39
479	56	13	41
481	56	12	40
482	55	13	43
483	53	13	47
483	54	13	48
483	53	14	47
485	53	14	48
485	52	14	47
487	53	14	47
487	51	13	47
488	51	13	45
487	54	14	42
488	52	16	42
488	53	16	43
490	54	16	46
490	51	16	49
490	52	17	50
491	52	18	47
492	52	18	49
492	52	18	49
493	51	17	48
495	53	18	48
496	52	17	49
497	51	17	48
498	52	15	49
500	51	13	48
502	51	13	49
503	52	14	47
504	54	14	46
504	54	14	48
506	53	13	48
505	52	13	48
507	52	14	48
508	51	13	49
510	53	13	47
509	52	13	46
509	51	14	45
509	51	14	41
511	51	13	38
510	53	15	38
510	53	17	40
511	51	17	39
512	52	18	42
512	52	19	41
514	53	19	43
515	53	19	46
516	52	19	47
515	52	20	44
517	49	19	47
517	50	19	47
520	52	17	45
522	52	17	45
523	52	15	47
524	49	14	46
526	51	13	45
526	51	12	46
528	52	13	44
528	53	13	43
529	52	13	43
530	51	12	43
530	52	15	43
530	49	15	41
531	50	16	40
532	50	15	38
530	51	20	36
531	50	18	40
538	54	16	45
537	55	17	47
537	54	18	47
536	56	19	44
539	53	17	43
539	51	17	45
540	48	18	50
540	49	19	44
541	48	19	45
542	49	19	45
543	49	19	46
544	49	20	46
545	48	18	45
549	49	14	46
550	49	13	48
550	50	13	47
551	51	14	49
552	49	14	49
554	51	14	47
554	50	15	47
556	50	14	47
557	49	14	47
557	49	13	47
559	49	12	47
558	49	12	43
560	48	13	43
560	47	12	43
561	49	15	44
560	50	16	45
560	49	18	44
561	49	19	44
562	50	19	46
563	49	20	46
564	50	20	44
566	49	19	42
569	50	17	40
569	49	19	43
570	49	18	43
572	49	16	43
573	48	16	44
574	49	16	42
575	49	15	40
575	48	14	43
576	49	14	43
578	49	15	44
580	48	14	44
579	50	14	41
580	48	15	43
581	51	15	43
582	48	15	43
583	49	16	44
585	49	13	40
586	49	14	39
586	48	14	36
586	50	15	35
587	50	15	37
587	49	15	36
588	49	16	38
587	48	19	38
588	49	19	35
589	50	18	36
592	50	19	36
592	50	17	34
596	49	15	31
597	49	14	29
598	51	14	26
598	50	14	25
599	50	15	26
600	51	14	27
601	49	15	26
600	49	17	25
602	50	17	25
601	51	18	27
601	51	17	24
604	50	16	22
605	51	12	22
607	50	10	23
609	51	11	22
608	51	10	22
610	50	10	22
610	51	10	21
611	51	9	21
612	51	11	22
611	49	11	25
611	50	11	24
612	49	12	24
613	49	11	24
