0.532256
0.045718
0.059348
0.054121
0.030061
0.030044
0.033318
0.039147
0.040381
0.041956
0.041668
0.041847
0.041963
0.041759
0.041970
0.041918
0.045811
0.042284
0.042227
0.042346
0.066806
0.042526
0.056321
0.042552
0.042248
0.063481
0.032922
0.060731
0.049133
0.037246
0.030213
0.030074
0.038257
0.038339
0.037951
0.038016
0.042033
0.041935
0.042459
0.042063
0.072472
0.041982
0.041926
0.042180
0.059644
0.042631
0.042315
0.053550
0.058233
0.030228
0.030201
0.020178
0.064674
0.026565
0.025927
0.025913
0.038895
0.038893
0.038926
0.038913
0.087516
0.037885
0.030893
0.030802
0.031055
0.030916
0.030841
0.035773
0.030788
0.031011
0.039770
0.030496
0.029887
0.030049
0.029948
0.029964
0.029914
0.029838
0.029799
0.020047
0.019897
0.020026
0.025669
0.024702
0.020018
0.019895
0.019987
0.019945
0.019960
0.019936
0.019926
0.019972
0.020036
0.019926
0.019956
0.019935
0.020396
0.019993
0.019901
0.020023
0.059685
0.029911
0.029879
0.029831
0.029905
0.029964
0.029958
0.029939
0.038815
0.032576
0.030295
0.030018
0.030022
0.030615
0.030045
0.029831
0.029876
0.029867
0.029858
0.039193
0.063082
0.029981
0.029863
0.029927
0.029807
0.029880
0.029922
0.030048
0.029898
0.029894
0.029891
0.029942
0.029970
0.029884
0.029969
0.029770
0.029749
0.029779
0.029766
0.029750
0.082393
0.030044
0.029912
0.037979
0.038020
0.038094
0.038774
0.037479
0.019931
0.034231
0.022777
0.019908
0.019879
0.019885
0.019907
0.029834
0.019925
0.019941
0.019938
0.019848
0.020107
0.019897
0.019945
0.019933
0.029880
0.020057
0.029887
0.030029
0.029815
0.029787
0.030047
0.019833
0.020006
0.019946
0.019973
0.029959
0.043874
0.030054
0.029853
0.029834
0.059604
0.029779
0.029840
0.029820
0.029800
0.048031
0.029973
0.029988
0.029791
0.030348
0.030718
0.030527
0.029891
0.029942
0.029911
0.030069
0.029985
0.029971
0.029942
0.029931
0.059912
0.029867
0.029837
0.029812
0.029828
0.029967
0.050107
0.029961
0.029819
0.029883
0.029782
0.029808
0.029763
0.029946
0.030096
0.029888
0.050200
0.031233
0.030626
0.030758
0.060063
0.030416
0.029833
0.029853
0.029872
0.029916
0.030066
0.029830
0.029901
0.029813
0.029908
0.029906
0.029902
0.029808
0.029955
0.020013
0.029928
0.032113
0.037516
0.029954
0.059938
0.029966
0.029901
0.029810
0.029761
0.030967
0.029835
0.062135
0.038157
0.038064
0.037916
0.038464
0.041779
0.041997
0.059828
0.060826
0.033066
0.039793
0.030104
0.030138
0.059827
0.030290
0.029946
0.030277
0.035808
0.030237
0.030116
0.029841
0.029881
0.030181
0.030766
0.031139
0.030044
0.029929
0.030399
0.035676
0.030120
0.029928
0.029910
0.030455
0.059880
0.030030
0.029989
0.030128
0.029970
0.030099
0.029993
0.029988
0.029980
0.030011
0.030139
0.030062
0.029953
0.030129
0.030072
0.030070
0.053632
0.030289
0.030201
0.030050
0.059782
0.030022
0.030068
0.029931
0.030080
0.050598
0.030409
0.030081
0.030089
0.030009
0.030075
0.030060
0.030049
0.029968
0.030123
0.035748
0.039601
0.038368
0.038438
0.038821
0.072910
0.042477
0.070343
0.033603
0.030412
0.030459
0.030500
0.030237
0.030298
0.030250
0.029993
0.030383
0.029982
0.035861
0.030903
0.030164
0.030075
0.029973
0.030167
0.030040
0.059654
0.029979
0.030053
0.030459
0.030102
0.030399
0.030404
0.030086
0.030095
0.030133
0.030200
0.030150
0.030150
0.030330
0.036791
0.030522
0.029993
0.030212
0.030179
0.030046
0.059902
0.030102
0.030070
0.030053
0.035002
0.031444
0.030127
0.030041
0.030043
0.030196
0.030168
0.030050
0.030029
0.030083
0.030104
0.030199
0.030138
0.030117
0.030006
0.030133
0.059663
0.029953
0.029921
0.030028
0.030037
0.030290
0.036058
0.030253
0.030184
0.030039
0.030203
0.029995
0.030057
0.029953
0.030115
0.030144
0.030260
0.036089
0.030412
0.030210
0.060141
0.030159
0.030029
0.030103
0.030059
0.030133
0.030232
0.030073
0.029988
0.030042
0.030114
0.030079
0.030126
0.030039
0.030029
0.030036
0.030030
0.030090
0.035190
0.031542
0.059961
0.030200
0.030124
0.030149
0.030063
0.029987
0.036803
0.032682
0.030096
0.030618
0.030217
0.030029
0.030020
0.029937
0.030031
0.029917
0.029972
0.030015
0.030072
0.030055
0.060047
0.037580
0.037560
0.029926
0.029853
0.029794
0.030607
0.036397
0.030246
0.029933
0.029946
0.029925
0.030059
0.029877
