0.483213
0.039264
0.043638
0.042145
0.042420
0.042182
0.042388
0.042467
0.042306
0.067983
0.067775
0.057311
0.030357
0.030252
0.034678
0.033375
0.030238
0.030245
0.030265
0.029930
0.053598
0.029881
0.020037
0.019963
0.020013
0.020045
0.023565
0.023431
0.020336
0.020011
0.020016
0.020014
0.020064
0.020004
0.019994
0.019989
0.019996
0.020087
0.020005
0.019928
0.020036
0.020045
0.020001
0.019941
0.019934
0.020004
0.020110
0.020140
0.019999
0.019991
0.020030
0.019974
0.020065
0.020007
0.019990
0.020001
0.020032
0.021259
0.026077
0.022108
0.019865
0.019920
0.019927
0.019912
0.019964
0.019991
0.019979
0.020031
0.020078
0.020049
0.023818
0.021830
0.020455
0.020107
0.020283
0.020012
0.019925
0.019993
0.020056
0.019983
0.019983
0.020150
0.029924
0.020074
0.020012
0.020058
0.020083
0.020019
0.020016
0.020018
0.020135
0.019979
0.020044
0.020002
0.020073
0.019932
0.020028
0.019995
0.019957
