0.472512
0.030919
0.030669
0.030611
0.030599
0.030772
0.038559
0.030218
0.030340
0.029941
0.029952
0.029855
0.029739
0.029841
0.029824
0.030046
0.029943
0.029902
0.029829
0.030043
0.053663
0.029965
0.029871
0.029950
0.029949
0.030041
0.030040
0.030760
0.033241
0.030125
0.030087
0.030088
0.030312
0.030088
0.030044
0.030142
0.030173
0.030354
0.032122
0.033835
0.059910
0.030100
0.030218
0.030030
0.030077
0.030241
0.030068
0.030164
0.030085
0.030186
0.030199
0.030100
0.030118
0.030275
0.030312
0.030154
0.030278
0.030077
0.030092
0.030095
0.083383
0.030053
0.030275
0.030110
0.030169
0.030086
0.030218
0.030161
0.030135
0.030135
0.045482
0.031292
0.030771
0.030904
0.030865
0.030880
0.030971
0.031045
0.030832
0.031259
0.061163
0.030995
0.031020
0.031030
0.031416
0.031034
0.030976
0.031453
0.031079
0.031164
0.047815
0.038217
0.031024
0.030900
0.031065
0.031025
0.030980
0.030964
0.031049
0.031045
0.086189
0.030192
0.030245
0.030369
0.030344
0.030191
0.030309
0.030271
0.030268
0.030459
0.030368
0.030262
0.030245
0.030344
0.030293
0.030253
0.030133
0.030351
0.030371
0.030281
0.060876
0.031549
0.030444
0.030279
0.031080
0.031022
0.030283
0.030302
0.030324
0.030474
0.032333
0.035797
0.030458
0.030406
0.030412
0.030578
0.030482
0.030414
0.030391
0.030350
0.060271
0.030285
0.030385
0.030327
0.030552
0.030357
0.030310
0.030340
0.030229
0.030026
0.030087
0.029970
0.023452
0.021233
0.030217
0.030029
0.030362
0.030041
0.030078
0.030122
0.059908
0.030040
0.050363
0.031316
0.030196
0.030318
0.030465
0.030161
0.030208
0.030017
0.030077
0.030062
0.029991
0.030019
0.030140
0.030108
0.030245
0.030187
0.030326
0.030232
0.059870
0.030536
0.030392
0.031289
0.041880
0.031124
0.030486
0.030427
0.030566
0.030392
0.030430
0.030267
0.030372
0.030594
0.030431
0.040370
0.031684
0.030184
0.030180
0.030180
0.060142
0.030197
0.030247
0.030288
0.030480
0.030531
0.030519
0.030624
0.030593
0.030546
0.030692
0.030499
0.030551
0.030606
0.030535
0.030620
0.030616
0.038306
0.030687
0.030510
0.060358
0.030484
0.030491
0.030391
0.030365
0.030344
0.031105
0.038896
0.030401
0.030304
0.030368
0.030393
0.030359
0.030569
0.030326
0.030292
0.030552
0.030478
0.030412
0.030366
0.060384
0.030413
0.030586
0.030449
0.030472
0.030489
0.030347
0.045961
0.030513
0.030433
0.030468
0.030428
0.030461
0.030402
0.030648
0.030435
0.038816
0.062718
0.031028
0.030903
0.060125
0.030505
0.030648
0.030655
0.030655
0.030655
0.030598
0.030650
0.030609
0.030593
0.030628
0.030518
0.030484
0.030530
0.030552
0.030768
0.030555
0.030506
0.043030
0.031059
0.060482
0.030659
0.030642
0.030541
0.030586
0.030599
0.030533
0.031183
0.042288
0.030983
0.030682
0.030654
0.030639
0.030696
0.030775
0.030706
0.030623
0.030774
0.030569
0.030709
0.060019
0.030544
0.030551
0.030631
0.030599
0.030542
0.030560
0.030437
0.030607
0.052125
0.030952
0.030645
0.030595
0.030809
0.030547
0.030667
0.030583
0.030506
0.030610
0.048341
0.068946
0.031476
0.031343
0.031528
0.031459
0.031442
0.031451
0.031238
0.030653
0.030583
0.030617
0.030603
0.030572
0.030677
0.030658
0.030723
0.030601
0.030703
0.030595
0.030856
0.087980
0.030674
0.030748
0.030954
0.039421
0.039305
0.038040
0.030541
0.034684
