0.464526
0.033585
0.030689
0.030227
0.030285
0.030262
0.030247
0.030185
0.030171
0.052644
0.038410
0.030985
0.030978
0.031138
0.030965
0.031023
0.030877
0.030899
0.030721
0.031126
0.054485
0.030482
0.030528
0.030698
0.030733
0.030832
0.039240
0.061187
0.031516
0.056295
0.031390
0.031186
0.030770
0.030618
0.030368
0.030201
0.030491
0.030428
0.030116
0.030268
0.073053
0.030410
0.030479
0.030426
0.030443
0.030605
0.030651
0.030529
0.030950
0.031558
0.031454
0.031377
0.031318
0.031003
0.030896
0.030502
0.030588
0.031305
0.030930
0.030828
0.070315
0.030885
0.020460
0.030406
0.030578
0.020489
0.020449
0.020430
0.020360
0.030295
0.030215
0.030195
0.030059
0.026169
0.030406
0.026033
0.020111
0.020167
0.020193
0.020227
0.020099
0.030070
0.030196
0.030342
0.030548
0.030416
0.030522
0.030544
0.030480
0.030718
0.030759
0.030970
0.030575
0.030418
0.030513
0.030378
0.030394
0.042062
0.030596
0.030412
0.060387
0.030374
0.030430
0.030534
0.030394
0.030859
0.030616
0.033938
0.033909
0.030462
0.030456
0.030619
0.030651
0.030652
0.030608
0.030618
0.030745
0.030649
0.020579
0.030651
0.060155
0.030663
0.030632
0.030675
0.030574
0.030648
