0.520854
0.044025
0.061373
0.031186
0.031428
0.031326
0.031378
0.031628
0.031375
0.063404
0.033885
0.031455
0.031542
0.031761
0.031523
0.031468
0.031632
0.031467
0.031490
0.031142
0.054963
0.031316
0.031722
0.021705
0.031698
0.021866
0.031728
0.021570
0.021624
0.021588
0.031474
0.021328
0.030329
0.028394
0.027966
0.027974
0.021247
0.021296
0.021218
0.021308
0.021343
0.021327
0.021262
0.021261
0.021390
0.021325
0.026153
0.021615
0.021332
0.021357
0.021314
0.021275
0.021333
0.021552
0.021337
0.021279
0.021305
0.021796
0.021371
0.021354
0.021260
0.021385
0.021273
0.021272
0.021216
0.021192
0.021291
0.021329
0.021253
0.021337
0.021300
0.021484
0.021222
0.021373
0.023369
0.027155
0.021499
0.021306
0.021391
0.021330
0.021327
0.021298
0.021330
0.021327
0.021251
0.021351
0.021358
0.021350
0.021338
0.028313
0.022361
0.021220
0.021289
0.021626
0.021452
0.021342
0.021292
0.021281
0.021291
0.021312
0.021284
0.021228
0.021323
0.021227
0.021348
0.021257
0.021330
0.021286
0.021503
0.021261
0.021310
0.021322
0.021332
0.021295
0.021406
0.021265
0.021319
0.021346
0.021333
0.024943
0.025706
0.021463
0.021215
0.021302
0.021291
0.021244
0.021325
0.021283
0.021338
0.021272
0.021275
0.021587
0.021404
0.021142
0.022746
0.027145
0.021783
0.021297
0.021271
0.021255
0.021177
0.021230
0.021213
0.021315
0.021239
0.021384
0.021281
0.021206
0.021202
0.021236
0.021207
0.021269
0.021230
0.021270
0.021291
0.021345
0.021338
0.021215
0.021312
0.021187
0.021321
0.024564
0.028471
0.028207
0.028880
0.028063
0.027985
0.028002
0.027941
0.028014
0.027799
0.033683
0.043575
0.021276
0.040361
0.028852
0.021339
0.021447
0.021309
0.021283
0.021252
0.021280
0.021315
0.021283
0.021296
0.021343
0.021257
0.021407
0.021305
0.021358
0.021203
0.021342
0.021300
0.021326
0.021243
0.021320
0.021303
0.021364
0.021340
0.021311
0.021297
0.021714
0.021420
0.021336
0.024166
0.029568
0.021508
0.021220
0.021244
0.021215
0.021243
0.021157
0.021412
0.021256
0.021334
0.021221
0.021337
0.021186
0.021216
0.025189
0.028697
0.021292
0.021300
0.021278
0.021260
0.021343
0.021355
0.021244
0.021216
0.021198
0.021286
0.021237
0.021289
0.021251
0.021348
0.021343
0.021136
0.021371
0.021438
0.021241
0.021397
0.021338
0.021331
0.021327
0.021358
0.021233
0.021355
0.021307
0.021315
0.041346
0.022357
0.021291
0.021290
0.021355
0.021249
0.021192
0.021263
0.021228
0.021236
0.021312
0.021276
0.021322
0.021317
0.021225
0.028600
0.022643
0.021325
0.021314
0.031243
0.021554
0.021528
0.021471
0.021491
0.021477
0.021518
0.021830
0.021791
0.021565
0.021563
0.021531
0.021519
0.021569
0.021566
0.021535
0.021447
0.021522
0.021547
0.021499
0.021542
0.021564
0.021599
0.021481
0.021685
0.021708
0.028950
0.022460
0.021486
0.021461
0.021514
0.021500
0.021402
0.021537
0.021445
0.021437
0.021443
0.021533
0.021423
0.021527
0.025878
0.024250
0.021532
0.021444
0.021685
0.021610
0.031490
0.021503
0.021418
0.021559
0.021400
0.021481
0.021451
0.021354
0.021376
0.021449
0.021432
0.021345
0.021606
0.021501
0.021421
0.021438
0.021462
0.021333
0.021442
0.021430
0.021473
0.021416
0.021438
0.021436
0.026614
0.025208
0.021500
0.021524
0.022147
0.022274
0.027385
0.028253
0.028365
0.028537
0.028416
0.028334
0.028222
0.028912
0.029185
0.025071
0.021820
0.021867
0.021822
0.021762
0.021870
0.022046
0.021916
0.021978
0.021843
0.021435
0.021421
0.021381
0.021369
0.021423
0.021457
0.021340
0.021414
0.021471
0.021484
0.021456
0.021524
0.021473
0.021488
0.021468
0.021437
0.021509
0.025899
0.024028
0.021424
0.021604
0.021496
0.021473
0.028344
0.021437
0.028249
0.028445
0.028438
0.028410
0.028363
0.029187
0.028623
0.028341
0.028284
0.028437
0.028361
0.028152
0.028403
0.028272
0.028261
0.022204
0.021986
0.021962
0.022028
0.021940
0.021756
0.026683
0.021320
0.021465
0.021509
0.021403
0.021387
0.021519
0.021529
0.021405
0.042943
0.022023
0.021774
0.021334
0.021464
0.021441
0.021506
0.021437
0.021464
0.021443
0.021523
0.021467
0.021519
0.021442
0.022747
0.028804
0.022156
0.021459
0.021448
0.021461
0.021430
0.021519
0.021433
0.021447
0.021494
0.021383
0.021512
0.021458
0.021474
0.021502
0.021587
0.021423
0.021508
0.021482
0.021492
0.021434
0.021491
0.021400
0.021472
0.021363
0.021532
0.021435
0.021398
0.021481
0.021519
