0.478033
0.031435
0.030613
0.030852
0.030640
0.030460
0.030816
0.054029
0.030937
0.030485
0.030353
0.030303
0.030321
0.030329
0.030457
0.030694
0.030938
0.031631
0.031694
0.032036
0.055587
0.032076
0.032095
0.032091
0.032378
0.032401
0.032119
0.032101
0.044451
0.033680
0.032405
0.032451
0.032425
0.032502
0.032011
0.031745
0.032046
0.032310
0.051956
0.033022
0.061744
0.032173
0.032654
0.032652
0.032510
0.032583
0.032468
0.032676
0.032773
0.032358
0.032620
0.032742
0.032682
0.032393
0.032230
0.032371
0.032343
0.032436
0.051933
0.033005
0.062129
0.032508
0.032341
0.032510
0.032535
0.032369
0.032313
0.052155
0.034657
0.032639
0.032481
0.032660
0.032248
0.032389
0.032342
0.032444
0.032536
0.032436
0.042675
0.032366
0.062554
0.032290
0.032266
0.032342
0.032320
0.032509
0.032818
0.033270
0.043012
0.041829
0.042172
0.036311
0.032182
0.032491
0.032255
0.033075
0.032301
0.042132
0.035907
0.032008
0.061827
0.032084
0.031554
0.031528
0.022071
0.022021
0.022067
0.021901
0.022244
0.032022
0.032046
0.021874
0.022108
0.021920
0.021828
0.021831
0.021788
0.021784
0.031667
0.031474
0.069211
0.042535
0.037849
0.031587
0.031394
0.031492
0.031070
0.031346
0.031674
0.031451
0.052992
0.035935
0.032445
0.032522
0.032960
0.032255
0.032007
