0.467117
0.033389
0.031227
0.057523
0.033352
0.039687
0.039227
0.038327
0.030495
0.030862
0.030570
0.030626
0.030496
0.030552
0.030540
0.030574
0.030467
0.038989
0.038935
0.037976
0.062089
0.041775
0.042223
0.041886
0.042006
0.069352
0.034663
0.030378
0.029765
0.029787
0.029678
0.029743
0.029687
0.030161
0.019862
0.029696
0.038294
0.031103
0.019872
0.029668
0.019943
0.019866
0.019847
0.019833
0.019806
0.019766
0.019773
0.019818
0.019809
0.019782
0.019767
0.019852
0.026093
0.025757
0.038066
0.025944
0.042023
0.042089
0.041787
0.041983
0.072522
0.047355
0.030186
0.045353
0.037215
0.047500
0.030086
0.030061
0.032228
0.033008
0.029998
0.029838
0.029869
0.029832
0.029931
0.029990
0.029919
0.029911
0.029951
0.029969
0.059327
0.029879
0.029866
0.029903
0.029965
0.029949
0.030047
0.030109
0.029985
0.057553
0.032165
0.029778
0.029890
0.029763
0.029943
0.029903
0.029808
0.030182
0.029801
0.029806
0.066131
0.029984
0.029945
0.030011
0.029934
0.030066
0.029901
0.030006
0.029814
0.029906
0.030022
0.030021
0.029866
0.030001
0.030120
0.029917
0.030104
0.029888
0.030002
0.029898
0.059271
0.032573
0.036493
0.030065
0.029930
0.029929
0.029822
0.029987
0.029903
0.029930
0.029989
0.030010
0.030633
0.032687
0.030062
0.030804
0.030576
0.029919
0.030018
0.029964
0.059595
0.029944
0.029995
0.029948
0.029995
0.030423
0.029872
0.029882
0.029833
0.029871
0.030022
0.029957
0.029938
0.029947
0.033581
0.032594
0.029986
0.030018
0.030086
0.030110
0.059639
0.030146
0.029992
0.029919
0.030340
0.036272
0.030134
0.030240
0.029947
0.029940
0.029888
0.029969
0.030079
0.030053
0.029935
0.030002
0.029989
0.029954
0.030042
0.029977
0.059329
0.029890
0.030017
0.029943
0.030056
0.030000
0.030134
0.040817
0.030150
0.030011
0.029983
0.030077
0.030180
0.030357
0.030036
0.030246
0.030037
0.030089
0.033511
0.030135
0.059383
0.030067
0.029952
0.029975
0.030000
0.029986
0.029914
0.030070
0.030087
0.030005
0.029981
0.030016
0.030079
0.030077
0.029973
0.029929
0.030053
0.029999
0.030033
0.034818
0.063866
0.030109
0.030107
0.030011
0.030187
0.030068
0.030200
0.030149
0.030094
0.030995
0.033519
0.029974
0.030059
0.030053
0.032372
0.035250
0.031539
0.030170
0.030138
0.030157
0.059668
0.030067
0.029958
0.030001
0.030081
0.030025
0.030028
0.029985
0.030086
0.030104
0.029931
0.044717
0.031165
0.030216
0.030035
0.030070
0.030092
0.030007
0.030047
0.030164
0.059651
0.032170
0.031606
0.030200
0.030264
0.030260
0.030365
0.030014
0.030086
0.031022
0.031127
0.030454
0.030540
0.030678
0.030581
0.020550
0.023335
0.042592
0.042463
0.045155
0.100560
0.042265
0.026165
0.041939
0.025970
0.026141
0.026009
0.025782
0.025988
0.026020
0.026049
0.026178
0.026816
0.026475
0.026035
0.025940
0.025869
0.044548
0.028039
0.021009
0.020402
0.020178
0.020265
0.020209
0.020279
0.020271
0.020315
0.020165
0.030145
0.030217
0.030184
0.030933
0.030171
0.030431
0.030262
0.030226
0.053016
0.020363
0.029989
0.030118
0.059300
0.030041
0.030124
0.030008
0.030068
0.030024
0.030031
0.041703
0.031013
0.030042
0.030011
0.030165
0.029992
0.030073
0.030106
0.030205
0.030135
0.030116
0.030222
0.030292
0.059706
0.030250
0.030143
0.030160
0.030206
0.030275
0.030188
0.030183
0.035749
0.032141
0.030531
0.030521
0.030468
0.030628
0.030238
0.030095
0.030270
0.030237
0.030227
0.051524
0.061888
0.038322
0.038487
0.042491
0.043942
0.058129
0.031876
0.051980
0.030218
0.030138
0.030157
0.031760
0.030300
0.030116
0.030244
0.030167
0.030167
0.051816
0.030568
0.053527
0.059676
0.031460
0.030412
0.030246
0.043329
0.030888
0.030163
0.030209
0.030220
0.030102
0.030092
0.030205
0.030219
0.030206
0.030200
0.030231
0.029978
0.039689
0.039074
0.038509
0.068253
0.041851
0.050209
0.049533
0.038091
0.031032
0.031177
0.030931
0.031037
0.030984
0.030506
0.030376
0.032060
0.031412
0.039883
0.038575
0.038765
0.038607
0.041622
0.042645
0.072420
0.042675
0.042721
0.068804
0.035182
0.030707
0.030507
0.030741
0.030550
0.030604
0.030469
0.041941
0.031910
0.038678
0.038499
0.038821
0.041620
0.042727
0.051568
0.061735
0.062733
0.030196
0.030182
0.030554
0.030147
0.030631
0.030279
0.036182
0.038357
0.038608
0.038919
0.042477
0.042472
0.042440
0.053988
0.068229
0.063341
0.030473
0.030346
0.030460
0.059975
0.030323
0.030329
0.030138
0.030155
0.030146
0.044267
0.032627
0.030854
0.030924
0.030914
0.030983
0.030946
0.030904
0.031029
0.031026
0.031116
0.030998
0.030962
0.030987
0.060222
0.030872
0.031016
0.030889
0.030912
0.030962
0.046975
0.038335
0.030886
0.030830
0.020032
0.030834
0.020036
0.030789
0.031483
0.030849
0.030875
0.019981
0.054938
0.038246
0.068545
0.042323
0.042463
0.042274
0.042185
0.042314
0.042393
0.042375
0.042486
0.042203
0.042397
0.056840
0.039457
0.048042
0.039471
0.039082
0.042441
0.042442
0.042678
0.042542
0.058329
0.087529
0.052052
0.068928
0.037797
0.030563
0.030504
0.030564
0.030525
0.030541
0.030205
0.030278
0.030808
0.030490
0.030359
0.030630
0.030418
0.030519
0.030702
0.066982
0.060819
0.031204
0.031374
0.031567
0.031848
0.031714
0.031732
0.031606
0.047706
0.053559
0.031343
0.031035
0.030940
0.030717
0.030685
0.030483
0.030429
0.030501
0.030483
0.030385
0.060484
0.030373
0.030310
0.030391
0.030364
0.030397
0.030266
0.045483
0.030283
0.044216
0.030737
0.031106
0.030254
0.030174
0.030279
0.030222
0.030124
0.030180
0.030103
0.030111
0.069221
0.030164
0.030087
0.030077
