0.512837
0.032871
0.031225
0.029817
0.029821
0.029825
0.049726
0.029844
0.029785
0.029849
0.029772
0.029746
0.029723
0.029752
0.029804
0.029737
0.029759
0.037801
0.033875
0.029818
0.053644
0.029814
0.029814
0.029908
0.019850
0.029698
0.029687
0.019946
0.029770
0.029894
0.019909
0.019922
0.020041
0.029696
0.029777
0.019878
0.019830
0.019859
0.029747
0.019826
0.019907
0.019903
0.019818
0.026105
0.026131
0.019884
0.029715
0.020093
0.019900
0.019836
0.019832
0.019884
0.019818
0.019833
0.019830
0.020020
0.019813
0.019710
0.025322
0.022708
0.019979
0.029764
0.029817
0.029882
0.029816
0.030189
0.029979
0.030048
0.030044
0.030152
0.030038
0.030082
0.030139
0.030026
0.030137
0.030069
0.030170
0.030218
0.030087
0.030296
0.059948
0.038900
0.030473
0.030051
0.030128
0.030118
0.030218
0.030400
0.030166
0.030209
0.030189
0.030241
0.035332
0.032005
0.030118
0.030083
0.030107
0.030066
0.030134
0.030156
0.059613
0.030118
0.030103
0.030122
0.030123
0.030058
0.030401
0.030136
0.030120
0.030160
0.030082
0.030203
0.030206
0.030125
0.038272
0.030592
0.020232
0.030223
0.030167
0.030174
0.060240
0.030143
0.030253
0.030355
0.030352
0.037171
0.030630
0.030454
0.030358
0.030539
0.030543
0.030483
0.030489
0.030751
0.030397
0.030568
0.030778
0.031383
0.031445
0.031013
0.060505
0.030742
0.030735
0.030647
0.030537
0.030736
0.053003
0.030916
0.030910
0.030889
0.031067
0.031085
0.046484
0.031104
0.031046
0.031184
0.036690
0.035419
0.031146
0.031338
0.060828
0.031241
0.031182
0.031373
0.031275
0.031320
0.031273
0.031174
0.031190
0.031155
0.031164
0.031318
0.031642
0.031378
0.031595
0.031673
0.031661
0.031849
0.038930
0.031857
0.060813
0.031586
0.031348
0.031228
0.031079
0.030976
0.031201
0.031423
0.039948
0.031992
0.032011
0.032229
0.032001
0.032197
0.032296
0.032054
0.032225
0.032262
0.032345
0.032492
0.061366
0.032492
0.032682
0.032524
0.032774
0.032864
0.033023
0.032908
0.033306
