0.526427
0.030218
0.030048
0.029879
0.030037
0.029816
0.029836
0.029677
0.029746
0.029786
0.029820
0.030350
0.029730
0.034511
0.036106
0.038575
0.029783
0.029978
0.029906
0.030058
0.053735
0.029839
0.029878
0.040356
0.030263
0.020041
0.019939
0.019972
0.019993
0.020084
0.020041
0.019987
0.020129
0.019905
0.019966
0.020056
0.020022
0.019867
0.020153
0.019981
0.020000
0.019997
0.020020
0.019939
0.019996
0.019972
0.019922
0.019943
0.020010
0.019952
0.019987
0.020047
0.020038
0.029992
0.034175
0.033149
0.029912
0.029895
0.029868
0.029917
0.058148
0.029897
0.029933
0.029928
0.029996
0.046284
0.030987
0.029920
0.029901
0.029947
0.029978
0.029943
0.029873
0.029816
0.029896
0.030040
0.029938
0.029994
0.029976
0.029927
0.060089
0.029910
0.030102
0.030380
0.030100
0.030222
0.029960
0.045978
0.033407
0.029891
0.029878
0.029839
0.029799
0.029980
0.030043
0.029848
0.029890
0.029940
0.035421
0.036824
0.059885
0.029946
0.029960
0.029840
0.029938
0.029857
0.029822
0.029954
0.029833
0.029905
0.030235
0.029910
0.029971
0.029875
0.029923
0.029830
0.029912
0.029831
0.030027
0.029956
0.063558
0.030438
0.029921
0.030011
0.029982
0.029965
0.029999
0.030030
0.030024
0.029998
0.030080
0.038797
0.032155
0.030443
0.030031
0.030225
0.030115
0.030326
0.030282
0.030109
0.060167
0.030083
0.030170
0.030094
