0.476098
0.031209
0.030401
0.030158
0.030807
0.029842
0.029766
0.029895
0.029772
0.030267
0.029967
0.029876
0.029849
0.029674
0.038162
0.033227
0.029818
0.029740
0.029654
0.029771
0.019728
0.029559
0.029589
0.029618
0.029661
0.050408
0.030559
0.029751
0.029724
0.029719
0.029763
0.029704
0.019887
0.019762
0.019836
0.019747
0.019770
0.029779
0.029759
0.029735
0.019749
0.019793
0.029738
0.029650
0.029631
0.029752
0.045375
0.019947
0.019817
0.019813
0.019783
0.043029
0.020270
0.029709
0.019789
0.019822
0.019831
0.019767
0.019711
0.019744
0.019747
0.019758
0.019753
0.019857
0.019774
0.019806
0.021583
0.025488
0.020298
0.019828
0.019783
0.019700
0.019722
0.019781
0.019683
0.019823
0.019761
0.019770
0.019830
0.019810
0.019743
0.019778
0.019800
0.019840
0.019806
0.019700
0.019812
0.019749
0.019799
0.019671
0.019990
0.019710
0.019766
0.019837
0.019791
0.019781
0.019704
0.019710
0.019806
0.021041
0.023274
0.020027
0.019776
0.019805
0.019813
0.019796
0.019820
0.019826
0.019845
0.019777
0.019842
0.019808
0.019886
0.019723
0.019851
0.024207
0.022874
0.020001
0.019759
0.019830
0.019851
0.019832
0.029710
0.019809
0.019790
0.029758
0.019909
0.019763
0.019825
0.019962
0.019798
0.019885
0.019716
0.019780
0.019698
0.019794
0.019781
0.019740
0.025721
0.019830
0.019773
0.019783
0.019820
0.019819
0.019730
0.019809
0.038188
0.020234
0.019789
0.019752
0.019733
0.029630
0.029785
0.019824
0.019825
0.019845
0.019881
0.019867
0.019915
0.019883
0.020235
0.025551
0.024147
0.020080
0.019897
0.019889
0.019834
0.019836
0.019783
0.019830
0.019786
0.019865
0.019872
0.019807
0.019897
0.019810
0.019849
0.019789
0.019909
0.019877
0.019876
0.019926
0.019861
0.019933
0.019814
0.019861
0.019867
