0.494494
0.045493
0.074615
0.042336
0.048614
0.032296
0.032050
0.032109
0.031812
0.032048
0.032587
0.032260
0.031905
0.031990
0.033600
0.039210
0.031746
0.031772
0.031714
0.031649
0.055561
0.031803
0.031831
0.031806
0.031857
0.031872
0.031809
0.031881
0.032062
0.031882
0.031813
0.031933
0.031934
0.031931
0.031939
0.035575
0.035033
0.031750
0.031671
0.031698
0.061617
0.031612
0.031029
0.031122
0.031168
0.050648
0.022245
0.020915
0.020992
0.030998
0.031024
0.021551
0.021696
0.031476
0.031303
0.031404
0.031311
0.031509
0.021470
0.031566
0.061527
0.031563
0.031647
0.031288
0.031376
0.031206
0.031084
0.031112
0.043875
0.031912
0.031037
0.030893
0.030937
0.031074
0.031144
0.030961
0.031470
0.032061
0.032149
0.037292
0.062593
0.032993
0.032447
0.032606
0.032497
0.032670
0.032567
0.032473
0.032471
0.032603
0.032374
0.032609
0.032433
0.032567
0.032410
0.032581
0.032597
0.032358
0.032318
0.044813
0.063526
0.032224
0.032804
0.032444
0.032518
0.032223
0.032372
0.032662
0.033774
0.043908
0.038817
0.032031
0.032477
0.031830
0.031731
0.031701
0.031563
0.031644
0.031303
0.031267
0.061289
0.031304
0.031360
0.031137
0.031166
0.030997
0.031157
0.031089
0.031049
0.046408
0.031394
0.031001
0.031078
0.031092
0.030891
0.030932
0.031070
0.030990
0.031051
0.030921
0.068522
0.030936
0.030922
0.030831
0.030946
0.030915
0.030985
0.030820
0.030984
0.031032
0.030969
0.031023
0.030852
0.030965
0.030961
0.030966
0.030742
0.030605
0.030859
0.030887
0.061020
0.043926
0.032137
0.031720
0.031964
0.031918
0.032098
0.031879
0.031266
0.031478
0.031544
0.034370
0.035309
0.031451
0.031301
0.031293
0.031248
0.031182
0.031078
0.030994
0.061347
0.030886
0.030823
0.030806
0.030756
0.031173
0.030942
0.031020
0.031023
0.030978
0.031028
0.031191
0.031193
0.041875
0.040380
0.042572
0.053456
0.040363
0.040338
0.046674
0.076357
0.033715
0.031745
0.031649
0.032251
0.032021
0.031987
0.031882
0.031838
0.031811
0.031877
