0.456876
0.031012
0.031788
0.030105
0.030085
0.029973
0.030162
0.030051
0.030184
0.031456
0.047029
0.030192
0.040232
0.030093
0.030084
0.030284
0.030048
0.030093
0.030186
0.042109
0.053397
0.030183
0.030354
0.030161
0.030250
0.030751
0.031219
0.030768
0.030673
0.030505
0.044780
0.031563
0.030500
0.030623
0.030864
0.030985
0.031094
0.031010
0.030782
0.030658
0.061248
0.033706
0.030635
0.030437
0.030361
0.030330
0.030459
0.030572
0.030632
0.030547
0.030546
0.030657
0.030567
0.030478
0.030496
0.030775
0.030464
0.030700
0.030482
0.030531
0.059927
0.030569
0.043491
0.032472
0.030710
0.030590
0.030658
0.046304
0.031031
0.028618
0.030643
0.030843
0.058322
0.033675
0.046141
0.030900
0.031084
0.031016
0.030914
0.031008
0.062016
0.031060
0.031004
0.031000
0.030994
0.031142
0.031040
0.030984
0.031016
0.031073
0.046649
0.031202
0.056574
0.031492
0.031147
