0.456393
0.030572
0.053327
0.030036
0.029953
0.030514
0.029919
0.029921
0.029761
0.029858
0.030124
0.037380
0.038042
0.030745
0.030663
0.030663
0.030770
0.030658
0.030743
0.030692
0.054371
0.030679
0.030661
0.030171
0.029909
0.030064
0.030002
0.029956
0.029995
0.029975
0.030183
0.029945
0.030175
0.051999
0.030062
0.029982
0.030000
0.030071
0.029994
0.030180
0.059566
0.030044
0.030135
0.046916
0.031983
0.030123
0.030082
0.030069
0.030025
0.030122
0.030671
0.030095
0.030034
0.030184
0.030203
0.030032
0.030175
0.029986
0.030198
0.030197
0.059944
0.029957
0.030137
0.030071
0.030051
0.042705
0.030362
0.030094
0.030013
0.029996
0.030091
0.029956
0.029924
0.029916
0.030035
0.029978
0.050620
0.030247
0.029894
0.029957
0.065387
0.038510
0.038208
0.038070
0.041173
0.042085
0.053424
0.055899
0.030351
0.032509
0.029994
0.029969
0.030082
0.033412
0.033144
0.029948
0.030259
0.029999
0.029983
0.029958
0.059536
0.029998
0.030058
0.046054
0.033169
0.030085
0.029943
0.029983
0.030857
0.030055
0.030044
0.029842
0.029986
0.029957
0.030024
0.030013
0.030007
0.030049
0.030058
0.030019
0.060268
0.030089
0.030393
0.030078
0.030044
0.033343
0.033116
0.030226
0.030005
0.030233
0.030076
0.030141
0.030176
0.030157
0.030186
0.030221
0.030799
0.034025
0.030220
0.030061
0.059479
0.020183
0.020151
0.020019
0.020038
0.020048
0.020047
0.020105
0.020160
0.020018
0.020007
0.020043
0.020090
0.020733
0.020043
0.020090
0.020102
0.029951
0.030006
0.030001
0.059901
0.029993
0.045035
0.033889
0.029997
0.019964
0.029876
0.030008
0.030036
0.029986
0.030113
0.030054
0.030115
0.050092
0.021279
0.020553
0.020602
0.045671
0.045404
0.045778
0.059774
0.030374
0.030302
0.030349
0.030236
0.030126
0.030127
0.030171
0.030188
0.030241
0.030105
0.030248
0.030254
0.039636
0.038860
0.040604
0.042534
0.042821
0.042858
0.054519
0.105368
0.045623
0.058532
0.031227
0.031236
0.031246
0.031194
0.037514
0.039416
0.030865
0.030982
0.030830
0.030921
0.031430
0.030906
0.030888
0.030827
0.030901
0.030905
0.052453
0.061437
0.030210
0.030289
0.030223
0.030149
0.030168
0.030049
0.030278
0.030164
0.031945
0.033232
0.030293
0.030230
0.030199
0.030220
0.030224
0.030263
0.030234
0.030137
0.030244
0.060379
0.030097
0.030218
0.030236
0.030131
0.030198
0.030205
0.030072
0.030118
0.030129
0.030429
0.045777
0.031702
0.030282
0.030187
0.030268
0.030208
0.030288
0.030222
0.030191
0.060328
0.032488
0.033238
0.030287
0.030129
0.030197
0.030265
0.030577
0.031434
0.030958
0.031425
0.030884
0.030947
0.030850
0.031031
0.031015
0.030992
0.030999
0.030935
0.030900
0.060872
0.030865
0.050679
0.031155
0.030131
0.030177
0.030271
0.030201
0.030102
0.030118
0.030120
0.030105
0.030160
0.052885
0.037918
0.030772
0.030797
0.030880
0.030781
0.030787
0.060711
0.030699
0.030996
0.030880
0.030733
0.030957
0.030878
0.030716
0.030676
0.030803
0.030841
0.046284
0.045641
0.033515
0.034840
0.030252
0.045510
0.046488
0.030084
0.030032
0.061073
0.029948
0.032397
0.033831
0.030019
0.030073
0.029988
0.030137
0.030049
0.029941
0.030045
0.030030
0.030078
0.030095
0.030124
0.030071
0.030066
0.030102
0.039551
0.039008
0.068609
0.037185
0.030250
0.052296
0.038281
0.040539
0.042399
0.042207
0.043866
0.056781
0.030267
0.047681
0.034278
0.030234
0.030066
0.030017
0.029995
0.029963
0.030241
0.029994
0.059672
0.030274
0.030053
0.030137
0.029955
0.030087
0.030207
0.030107
0.029954
0.029907
0.030173
0.030285
0.030000
0.039881
0.033102
0.030060
0.029998
0.030197
0.030166
0.030076
0.059987
0.030085
0.030101
0.034236
0.037836
0.030235
0.030234
0.030399
0.030122
0.030098
0.030098
0.029996
0.030101
0.030385
0.030183
0.030045
0.029938
0.030098
0.030298
0.030009
0.059616
0.030065
0.029966
0.030130
0.030421
0.036667
0.030243
0.029931
0.030071
0.029936
0.030114
0.030330
0.030040
0.029993
0.030159
0.030042
0.037591
0.030660
0.030112
0.030092
0.061394
0.030251
0.030151
0.030140
0.030182
0.030070
0.030086
0.030071
0.030321
0.030095
0.030205
0.030244
0.030109
0.030142
0.030159
0.030123
0.030105
0.030139
0.037451
0.030861
0.060064
0.030551
0.030551
0.030546
0.033858
0.034468
0.037426
0.077574
0.036521
0.030261
0.030018
0.030178
0.030074
0.030183
0.030081
0.030173
0.030068
0.030004
0.030009
0.030076
0.059948
0.030072
0.029978
0.030165
0.030111
0.031619
0.039781
0.052864
0.030666
0.030006
0.030447
0.030237
0.030028
0.030265
0.030108
0.030106
0.030371
0.030146
0.042142
0.031835
0.059969
0.030400
0.030339
0.030342
0.030263
0.030514
0.030429
0.030331
0.030404
0.030772
0.030387
0.030410
0.030561
0.030462
0.030358
0.030592
0.030424
0.030706
0.030479
0.054869
0.068926
0.031612
0.031500
0.031442
0.031420
0.031361
0.030675
0.030586
0.030468
0.052053
0.030535
0.030177
0.030218
0.030228
0.030044
0.030243
0.030166
0.030156
0.030128
0.030236
0.059740
0.030334
0.030311
0.031377
0.030773
0.030948
0.030472
0.030197
0.030341
0.030238
0.052076
0.030355
0.030267
0.030461
0.030245
0.030129
0.030225
0.030375
0.030873
0.030339
0.060774
0.035701
0.030263
0.030089
0.030075
0.030295
0.030425
0.030402
0.030353
0.030415
0.030435
0.030334
0.030659
0.030181
0.030123
0.030208
0.030055
0.029972
0.029914
0.019971
0.059507
0.030069
0.030018
0.034605
0.030084
0.029929
0.030018
0.030069
0.030180
0.030405
0.030101
0.030985
0.030127
0.046973
0.033143
0.029279
0.030451
0.030361
0.030331
0.030684
0.060786
0.030737
0.030516
0.030575
0.030495
0.030532
0.030374
0.030576
0.030343
0.030316
0.030456
0.030201
0.030355
0.030389
0.035259
0.031620
0.030514
0.033596
0.036709
0.031142
0.060785
0.030550
0.030790
0.030336
0.044252
0.030721
0.030448
0.030552
0.030373
0.030368
0.030345
0.030464
0.030488
0.030350
0.030285
0.030240
0.030317
0.030365
0.030426
0.030468
0.060394
0.030278
0.030279
0.030282
0.030524
0.031726
0.033390
0.030454
0.030778
0.030565
0.030292
0.030371
0.030334
0.030221
0.030384
0.030197
0.032643
0.035076
0.030259
0.030174
0.060519
0.030244
0.030204
0.030520
0.030238
0.030208
0.030127
0.030509
0.030220
0.030215
0.030241
0.030278
0.030251
0.030110
0.030296
0.030240
0.030525
0.030239
0.034747
0.032430
0.060324
0.030200
0.030195
0.030242
0.030338
0.030297
0.030302
0.030299
0.030385
0.033816
0.030103
0.030333
0.030500
0.030490
0.030749
0.030454
0.030452
0.030643
0.030583
0.030524
0.061320
0.030625
0.030776
0.030616
0.030725
0.030616
0.030473
0.030567
0.030440
0.030533
0.042654
0.033184
0.030680
0.030871
0.031039
0.031464
0.031438
0.031389
0.031405
0.031528
0.069556
0.031310
0.031320
0.031082
0.031076
0.031068
0.030926
0.030898
0.031184
0.030660
0.031088
0.030990
0.031131
0.031099
0.031126
0.031103
0.031274
0.031187
0.031209
0.030887
0.061130
0.033798
0.030241
0.030252
0.030200
0.030079
0.030351
0.030211
0.030055
0.030540
0.031077
0.034190
0.035626
0.030073
0.030143
0.030359
0.030013
0.030095
0.030004
0.030017
0.060055
0.029930
0.029960
0.029999
0.030035
0.029944
0.029911
0.030014
0.029946
0.029993
0.030040
0.029963
0.029903
0.045809
0.032220
0.029993
0.029979
0.029909
0.030024
0.029973
0.060612
0.029965
0.029926
0.040698
0.034343
0.029978
0.030008
0.029903
0.029998
0.029912
0.029902
0.029880
0.030015
0.029968
0.030163
0.030045
0.030082
0.030081
0.030032
0.029969
0.060453
0.030000
0.030048
0.030039
0.030028
0.046173
0.032391
0.030914
0.030821
0.030835
0.030836
0.030785
0.031376
0.030774
0.030714
0.030953
0.038044
0.030751
0.030642
0.030764
0.061180
0.030860
0.030834
0.030893
0.030809
0.030799
0.031031
0.030961
0.030836
0.030800
0.030138
0.030041
0.030119
0.030020
0.030117
0.030090
0.029987
0.045330
0.044219
0.030711
0.060108
0.030066
0.030244
0.030036
0.030073
0.030126
0.030084
0.036782
0.030292
0.030138
0.030087
0.030112
0.030202
0.030214
0.030128
0.030177
0.030211
0.030278
0.030066
0.030350
0.060576
0.030207
0.030113
0.030121
0.030306
0.030121
0.030107
0.030128
0.051780
0.031165
0.030141
0.030128
0.030062
0.030048
0.030125
0.030239
0.030151
0.030291
0.030092
0.052171
0.061960
0.030132
0.030164
0.030149
0.030404
0.030184
0.030069
0.030120
0.030072
0.030233
0.030266
0.030184
0.030323
0.030295
0.030154
0.030196
0.030252
0.030154
0.030173
0.030237
0.081720
0.030365
0.030286
0.030416
0.030309
0.030326
0.030308
0.030267
0.030219
0.030360
0.049698
0.039783
0.038488
0.038590
0.034961
0.034647
0.030376
0.030366
0.030347
0.030412
0.060435
0.030274
0.030124
0.030484
0.030645
0.030313
0.030347
0.030247
0.030216
0.030494
0.031945
0.038900
0.030408
0.030330
0.030259
0.030510
0.030220
0.030409
0.030369
0.030261
0.060627
0.037473
0.030585
0.030335
0.030435
0.030294
0.030381
0.030368
0.030473
0.030505
0.030451
0.030548
0.030594
0.030478
0.030479
0.030302
0.030462
0.030443
0.030501
0.030368
0.060493
0.030462
0.033401
0.032636
0.030789
0.030519
0.030449
0.030576
0.030568
0.030608
0.030584
0.030536
0.030602
0.038431
0.030726
0.030682
0.030509
0.030563
0.030492
0.030481
0.061113
0.030576
0.030657
0.030524
0.030418
0.030562
0.030518
0.030729
0.030624
0.030552
0.030596
0.031325
0.037652
0.030934
0.030509
0.030648
0.030736
0.030345
0.020314
0.030371
0.060521
0.030402
0.052840
0.030732
0.030678
0.031016
0.031071
0.031009
0.031607
0.031561
0.030622
0.030662
0.030632
0.030557
0.030479
0.030436
0.030351
0.030579
0.030397
0.030453
0.060833
0.030410
0.030577
0.037748
0.031670
0.030441
0.030411
0.030421
0.030418
0.030478
0.030533
0.030493
0.030597
0.030346
0.050036
0.031337
0.030455
0.030408
0.031710
0.030432
0.060419
0.030524
0.030521
0.030391
0.030437
0.030453
0.030385
0.030351
0.030303
0.030325
0.030322
0.030293
0.030349
0.030420
0.030349
0.031590
0.038088
0.030425
0.030241
0.030310
0.060606
0.030324
0.030305
0.030252
0.030365
0.033601
0.032968
0.030285
0.030434
0.030413
0.030357
0.030447
0.030242
0.030269
0.030302
0.030220
0.030277
0.030311
0.030331
0.030268
0.060200
0.030231
0.030246
0.030255
0.030226
0.030538
0.030402
0.044788
0.032871
0.030203
0.030309
0.030416
0.030302
0.030345
0.030532
0.030207
0.030225
0.030289
0.056075
0.038610
0.069552
0.041994
0.041639
0.030313
0.030380
0.030278
0.030484
0.030435
0.030390
0.030371
0.030518
0.030308
0.030479
0.030447
0.030506
0.030289
0.030403
0.030323
0.034017
0.030110
0.060049
0.030097
0.030118
0.030151
0.030114
0.030066
0.049767
0.031451
0.030058
0.029977
0.030197
0.030598
0.030368
0.030182
0.030263
0.030278
0.030282
0.030878
0.031345
0.030257
0.060688
0.030144
0.030340
0.030104
0.030141
0.030231
0.030141
0.039267
0.030267
0.030188
0.030241
0.030200
0.030123
0.030169
0.030298
0.030127
0.030231
0.030149
0.037832
0.030587
0.060146
0.030030
0.030134
0.030189
0.030206
0.030199
0.030136
0.030298
0.030163
0.030171
0.030257
0.030103
0.030111
0.030248
0.030165
0.030230
0.030253
0.030126
0.030524
0.035326
0.060359
0.030520
0.030150
0.029980
0.020140
0.020057
0.020042
0.030095
0.030113
0.038919
0.030569
0.030148
0.030396
0.030404
0.030192
0.030264
0.030175
0.030146
0.030092
0.029952
0.060133
0.019908
0.019966
0.020030
0.019874
0.019964
0.019965
0.019917
0.019970
0.029835
0.029938
0.029921
0.035493
0.039090
0.037983
0.036816
0.038124
0.041460
0.036078
0.029895
0.020083
0.029080
0.035314
0.031007
0.029968
0.029868
0.029932
0.029925
0.030046
0.029871
0.029913
0.029789
0.029981
0.029856
0.029916
0.029105
0.029885
0.029920
0.029970
0.029897
0.060584
0.029915
0.029871
0.029060
0.057820
0.045361
0.029911
0.045624
0.029862
0.029939
0.029933
0.029945
0.030019
0.030043
0.037223
0.030083
0.029850
0.029785
0.029836
0.029800
0.059752
0.029780
0.029786
0.029801
0.029746
0.029898
0.029780
0.029804
0.029859
0.029818
0.030105
0.031332
0.030617
0.030362
0.029877
0.031035
0.035697
0.030121
0.029947
0.029863
0.060608
0.029981
0.029815
0.029893
0.045214
0.048057
0.047117
0.045194
0.029820
0.045647
0.045434
0.029749
0.029979
0.029781
0.029756
0.029838
0.029855
0.029783
0.029831
0.045310
0.059920
0.029906
0.029904
0.029760
0.029963
0.041981
0.030271
0.029909
0.029889
0.029858
0.029960
0.029882
0.029876
0.038198
0.037946
0.041589
0.037673
0.030699
0.030757
0.046126
0.073062
0.045112
0.030013
0.029829
0.030206
0.045172
0.030131
0.029885
0.029970
0.030380
0.029833
0.029794
0.029893
0.029827
0.031465
0.036153
0.030092
0.029811
0.029811
0.029814
0.060515
0.029912
0.029877
0.029815
0.030012
0.052286
0.030110
0.029785
0.030007
0.029947
0.029864
0.029961
0.029830
0.029789
0.029859
0.029955
