0.440063
0.030142
0.029969
0.029968
0.029729
0.029752
0.029740
0.029627
0.029933
0.029766
0.030839
0.039783
0.031138
0.029849
0.029725
0.029057
0.029836
0.029765
0.029746
0.029794
0.053507
0.033087
0.029993
0.029964
0.029958
0.030045
0.029945
0.030193
0.029926
0.029857
0.029842
0.030128
0.029888
0.029885
0.029846
0.029866
0.029953
0.029916
0.029986
0.029874
0.059525
0.029830
0.050715
0.030666
0.030099
0.045263
0.030181
0.030001
0.030091
0.045441
0.045694
0.029996
0.057494
0.030106
0.045699
0.030352
0.029980
0.029886
0.029995
0.029896
0.059745
0.030134
0.030109
0.030168
0.030123
0.030452
0.030151
0.030119
0.030348
0.030209
0.030156
0.030220
0.030337
0.039116
0.031385
0.030375
0.030379
0.030401
0.029729
0.030081
0.029720
0.029578
0.029747
0.029612
0.054385
0.038755
0.039221
0.037853
0.054284
0.033587
0.033432
0.033515
0.020618
0.020589
0.020734
0.020718
0.020756
0.030695
0.030436
0.030145
0.029510
0.030126
0.030284
0.020564
0.030403
0.020507
0.047315
0.027164
0.027046
0.037773
0.030427
0.030286
0.046393
0.046393
0.046592
0.030914
0.038242
0.030351
0.030091
0.030261
0.060600
0.030363
0.030278
0.030082
0.030192
0.030148
0.030190
0.030095
0.020261
0.020103
