0.486571
0.031124
0.030917
0.050575
0.031098
0.030898
0.036106
0.039328
0.039613
0.039615
0.043903
0.043899
0.077436
0.031175
0.031011
0.030944
0.031160
0.031523
0.031193
0.030901
0.043710
0.030772
0.030551
0.030719
0.031099
0.030918
0.030969
0.031163
0.031148
0.031450
0.031637
0.032132
0.031593
0.041878
0.041923
0.042537
0.043413
0.047942
0.056910
0.089849
0.071178
0.032387
0.032011
0.031694
0.031582
0.031524
0.031482
0.046907
0.046814
0.031673
0.031718
0.031965
0.031652
0.032027
0.032180
0.032176
0.032210
0.032444
0.032336
0.057511
0.070190
0.031752
0.031737
0.031658
0.031653
0.031328
0.031500
0.039109
0.041838
0.040144
0.043221
0.043995
0.057809
0.056171
0.031259
0.030850
0.031068
0.039259
0.030892
0.030896
0.061154
0.031239
0.031332
0.030966
0.031051
0.042020
0.041095
0.040713
0.040696
0.037676
0.035580
0.031637
0.031018
0.030519
0.030506
0.060116
0.032009
0.030628
0.030592
0.030900
0.061615
0.030773
0.030730
0.046184
0.031119
0.046605
0.030955
0.031001
0.030956
0.030909
0.030943
0.030713
0.030889
0.030577
0.030631
0.045731
0.036402
0.031487
0.031464
0.031227
0.061135
0.031382
0.031524
0.031274
0.031349
0.053038
0.031465
0.031705
0.031595
0.029367
0.031955
0.032239
0.032062
0.032286
0.032444
0.032004
0.031518
0.018836
0.028655
0.020689
0.020937
0.020754
0.020648
0.030668
0.028597
0.030754
0.030977
0.030928
0.052495
0.030921
0.030494
0.020614
0.020453
0.030362
0.030775
0.030546
0.030969
0.030957
0.046993
0.040789
0.030665
0.030144
0.046207
0.030419
0.030741
0.030637
0.030874
0.030936
0.030928
0.030638
0.029907
0.046528
0.046366
0.046174
0.030367
0.030456
0.030476
0.030517
0.030655
0.030755
0.065201
0.030580
0.030734
0.030533
0.030548
0.029687
0.030452
0.030589
0.030705
0.030581
0.040019
0.032986
0.030875
0.030493
0.030558
0.045946
0.030524
0.030740
0.030549
0.030451
0.060209
0.030445
0.030461
0.030566
0.030678
0.030558
0.030479
0.030558
0.040744
0.035434
0.030392
0.030442
0.030578
0.030486
0.030705
0.030500
0.030492
0.030583
0.030577
0.056673
0.046048
0.030663
0.030503
0.031615
0.031856
0.030721
0.030690
0.045996
0.030839
0.030838
0.030904
0.030607
0.030644
0.030681
0.030978
0.030748
0.031079
0.031033
0.030905
0.031101
0.026346
0.033285
0.030988
0.031110
0.031225
0.030990
0.030974
0.030968
0.031099
0.030983
0.034009
0.038193
0.031007
0.031095
0.031194
0.031230
0.046770
0.046257
0.031019
0.031363
0.061075
0.031293
0.031029
0.031207
0.031340
0.031448
0.031278
0.031211
0.031194
0.031208
0.031433
0.041979
0.040148
0.039671
0.039241
0.039742
0.043311
0.056194
0.046365
0.035688
0.061208
0.031112
0.030706
0.030679
0.046011
0.029876
0.045945
0.030956
0.030644
0.030800
0.030579
0.030748
0.030626
0.030598
0.030994
0.031011
0.031050
0.031091
0.030982
0.036458
0.064861
0.031205
0.031103
0.031190
0.031021
0.031160
0.031045
0.031137
0.031238
0.058431
0.033062
0.031998
0.032107
0.032103
0.032214
0.032133
0.031921
0.032236
0.032015
0.032101
0.061828
0.031993
0.031795
0.031808
0.047555
0.033163
0.047133
0.031676
0.046078
0.039015
0.031407
0.031410
0.031424
0.031629
0.031770
0.031899
0.031835
0.031839
0.047411
0.041578
0.070556
0.040669
0.040724
0.049832
0.051351
0.031462
0.038080
0.039308
0.036855
0.055353
0.042755
0.042346
0.059488
0.075116
0.050281
0.031182
0.031049
0.031225
0.028658
0.030978
0.046465
0.031003
0.030856
0.057864
0.034458
0.031887
0.031458
0.031820
0.031846
0.031920
0.031643
0.031543
0.032200
0.031538
0.031375
0.031353
0.031518
0.031412
0.031435
0.031415
0.061765
0.031690
0.031661
0.031764
0.060401
0.040748
0.040844
0.040496
0.051184
0.031811
0.031440
0.031870
0.054274
0.034912
0.030731
0.030905
0.030777
0.020604
0.020640
0.020742
0.029822
0.030771
0.030990
0.021151
0.031304
0.031242
0.031002
0.031009
0.046409
0.030069
0.046502
0.030552
0.030676
0.030614
0.047882
0.039830
0.039868
0.040068
0.039864
0.050605
0.046478
0.046558
0.032770
0.049985
0.031187
0.029955
0.046125
0.030602
0.030933
0.031100
0.031165
0.031253
0.031311
0.031349
0.031019
0.031232
0.031365
0.031489
0.031192
0.031169
0.061841
0.031059
0.048967
0.031937
0.031028
0.030684
0.030638
0.030414
0.030527
0.030343
0.030607
0.030423
0.030576
0.047730
0.031569
0.030468
0.030465
0.030493
0.030355
0.030402
0.060802
0.030589
0.030485
0.030528
0.030473
0.030789
0.030964
0.031034
0.031918
0.041064
0.032406
0.032985
0.033056
0.033248
0.034652
0.035524
0.031602
0.031366
0.031084
0.031123
0.060014
0.030709
0.030629
0.030797
0.059165
0.039327
0.038927
0.038888
0.038948
0.042623
0.055336
0.030427
0.044548
0.041504
0.030344
0.030278
0.030288
0.030425
0.030294
0.030478
0.060956
0.030237
0.054919
0.039066
0.054944
0.038979
0.046177
0.040231
0.042942
0.043702
0.062634
0.042749
0.050009
0.031607
0.031801
0.031591
0.037957
0.031393
0.031862
0.031716
0.061364
0.031282
0.031436
0.031587
0.031601
0.031884
0.031887
0.031423
0.031764
0.020812
0.046711
0.035370
0.031082
0.030210
0.046811
0.046440
0.031995
0.047436
0.031363
0.051793
0.065436
0.031264
0.031432
0.031209
0.031162
0.031084
0.031013
0.046415
0.047231
0.046384
0.046639
0.030960
0.030715
0.030818
0.030766
0.030833
0.030905
0.030816
0.032785
0.046652
0.061827
0.028807
0.030865
0.020671
0.030099
0.030777
0.046054
0.051625
0.030425
0.046284
0.031056
0.045958
0.030687
0.030667
0.030765
0.030585
0.030765
0.031174
0.031237
0.046978
0.030693
0.031746
0.031264
0.031146
0.031831
0.030782
0.035609
0.049078
0.040398
0.039737
0.031234
0.031384
0.031466
0.031309
0.031197
0.031382
0.031466
