0.533980
0.030509
0.030335
0.030322
0.030258
0.030152
0.030266
0.030103
0.030192
0.030393
0.030207
0.030222
0.030189
0.030320
0.030242
0.030483
0.030288
0.030249
0.049113
0.030741
0.053937
0.030217
0.030264
0.030302
0.030184
0.030265
0.030251
0.030288
0.030207
0.033783
0.030330
0.030375
0.030454
0.030317
0.030404
0.030379
0.030607
0.030463
0.030468
0.030367
0.059925
0.030293
0.030236
0.030095
0.030290
0.030275
0.030288
0.030167
0.030171
0.030502
0.045779
0.038800
0.038936
0.038463
0.038495
0.042228
0.042329
0.042156
0.069439
0.044464
0.068795
0.042305
0.042586
0.042392
0.042409
0.042656
0.042400
0.042258
0.042357
0.042280
0.042702
0.042216
0.052814
0.081221
0.051385
0.031326
0.024867
0.021046
0.030779
0.030872
0.060247
0.030496
0.049004
0.038252
0.031119
0.031122
0.031051
0.031004
0.030680
0.030575
0.030323
0.030417
0.030264
0.030380
0.030238
0.030255
0.030163
0.030191
0.030422
0.030197
0.059840
0.030265
0.030285
0.033718
0.036903
0.030248
0.030267
0.030246
0.030189
0.030290
0.030125
0.030391
0.030159
0.030302
0.033548
0.033321
0.030356
0.030311
0.030495
0.030287
0.060259
0.030522
0.030431
0.030412
0.030423
0.030500
0.030398
0.030470
0.030487
0.030344
0.030302
0.030317
0.030487
0.030272
0.030289
0.030518
0.047264
0.030691
0.030452
0.030890
0.059825
0.030345
0.030300
0.030124
0.030305
0.030278
0.051455
0.030355
0.030298
0.030265
0.030138
0.030242
0.030287
0.030250
0.020320
0.030302
0.030187
0.019978
0.020197
0.020083
0.020197
0.030105
0.030218
0.030041
0.030161
0.036617
0.045308
0.031544
0.030266
0.038527
0.030669
0.030231
0.030126
0.030272
0.030214
0.030266
0.030160
0.030200
0.030181
0.030329
0.063258
0.030265
0.030293
0.032057
0.030226
0.030198
0.030282
0.030092
0.030367
0.030279
0.030227
0.030210
0.030281
0.030293
0.030324
0.030232
0.030194
0.030206
0.030153
0.030292
0.060500
0.035446
0.030496
0.030152
0.030171
0.030446
0.030246
0.030179
0.030269
0.030212
0.030847
0.031772
0.035751
0.030220
0.030256
0.030215
0.030282
0.030141
0.030263
0.030268
0.060126
0.030227
0.030257
0.030217
0.030143
0.030148
0.030360
0.030133
0.030133
0.030093
0.030236
0.030232
0.030322
0.037246
0.034836
0.030157
0.030192
0.030144
0.030169
0.030232
0.059789
0.030235
0.030412
0.050361
0.039509
0.038844
0.038745
0.041968
0.042518
0.056101
0.065220
0.031966
0.036330
0.030583
0.030337
0.030293
0.030386
0.030403
0.030370
0.030267
0.060085
0.051789
0.031346
0.030349
0.030734
0.030434
0.030452
0.030291
0.030345
0.030448
0.030298
0.056429
0.030571
0.030334
0.030318
0.030401
0.030329
0.030317
0.030376
0.030326
0.059831
0.030258
0.030298
0.030268
0.030297
0.030272
0.030261
0.030332
0.030308
0.030233
0.030268
0.030290
0.030182
0.038490
0.030648
0.030313
0.030325
0.030439
0.030270
0.030248
0.060141
0.030360
0.030265
0.051522
0.030668
0.030317
0.030399
0.030216
0.030386
0.030262
0.030304
0.030321
0.030292
0.030394
0.030320
0.030550
0.030363
0.030430
0.030574
0.030343
0.059864
0.030354
0.030441
0.030235
0.039333
0.034151
0.030430
0.030388
0.030455
0.030530
0.030349
0.030309
0.030391
0.030373
0.030437
0.037686
0.033317
0.038788
0.041607
0.042118
0.069228
0.026651
0.026926
0.026633
0.026627
0.026607
0.026645
0.043398
0.042916
0.042748
0.042741
0.042715
0.054929
0.062821
0.032458
0.040382
0.031199
0.030810
0.030682
0.030622
0.060200
0.037783
0.039601
0.038651
0.038892
0.041152
0.042685
0.042664
0.042766
0.042887
0.042674
0.042772
0.042778
0.042735
0.043036
0.042762
0.043511
0.085047
0.032438
0.031428
0.061275
0.031388
0.031377
0.031338
0.031170
0.031373
0.031321
0.038052
0.030577
0.030983
0.030345
0.030443
0.030347
0.031020
0.030412
0.030700
0.030512
0.030676
0.038853
0.039741
0.069536
0.032384
0.038775
0.039534
0.042519
0.078416
0.039437
0.038851
0.042575
0.042856
0.042703
0.046041
0.066896
0.053754
0.031255
0.030661
0.030779
0.030797
0.030612
0.038736
0.069214
0.034240
