0.526490
0.043192
0.042924
0.042670
0.042904
0.052361
0.068823
0.059764
0.055105
0.039485
0.030726
0.030507
0.030615
0.030644
0.030554
0.030311
0.030267
0.030275
0.030420
0.057258
0.056664
0.030277
0.030272
0.030343
0.030351
0.032572
0.031218
0.035266
0.037258
0.030436
0.030606
0.030400
0.030404
0.030279
0.030288
0.030430
0.030536
0.030253
0.030603
0.030552
0.063662
0.030341
0.030354
0.030304
0.030325
0.030363
0.030282
0.030367
0.030675
0.054160
0.030727
0.030348
0.030330
0.030292
0.030301
0.030466
0.030640
0.030370
0.030456
0.030234
0.060014
0.030359
0.030460
0.030317
0.030367
0.030253
0.030184
0.030285
0.030384
0.030239
0.034547
0.033437
0.030662
0.030504
0.030426
0.030416
0.030472
0.030440
0.030494
0.030401
0.060619
0.033972
0.030443
0.030435
0.030687
0.030483
0.030485
0.030441
0.030531
0.030241
0.030212
0.030166
0.030168
0.030163
0.030203
0.030200
0.030172
0.030177
0.030229
0.030272
0.059614
0.030424
0.033320
0.034150
0.030284
0.030315
0.030121
0.030268
0.030462
0.030298
0.030315
0.030303
0.030081
0.031227
0.036353
0.030563
0.030248
0.030209
0.030765
0.030175
0.060155
0.030477
0.030334
0.030386
0.030111
0.030368
0.030238
0.030205
0.030362
0.030179
0.030216
0.030225
0.030416
0.030303
0.030231
0.056866
0.030650
0.030272
0.030353
0.030302
0.059925
0.030310
0.030150
0.030094
0.030205
0.043978
0.030576
0.030329
0.030089
0.030261
0.030211
0.030130
0.030019
0.030210
0.030122
0.030290
0.030154
0.030457
0.031013
0.030617
0.059761
0.030097
0.030227
0.030115
0.030038
0.030146
0.032075
0.035781
0.030381
0.030023
0.030180
0.030031
0.030198
0.030151
0.030092
0.030304
0.030129
0.030107
0.042080
0.030401
0.059241
0.030249
0.030078
0.030055
0.030038
0.030176
0.030167
0.029984
0.030217
0.030153
0.030072
0.030108
0.030100
0.030083
0.030068
0.030108
0.030163
0.030083
0.030011
0.030780
0.068156
0.030152
0.030115
0.030094
0.030015
0.030029
0.030088
0.030029
0.030160
0.030255
0.033332
0.032371
0.029986
0.029992
0.029954
0.030020
0.030276
0.030122
0.030140
0.030133
0.059464
0.032536
0.030151
0.030005
0.030064
0.030033
0.030005
0.030147
0.030026
0.030049
0.030024
0.029888
0.037062
0.030508
0.030179
0.030043
0.030129
0.030220
0.030201
0.030232
0.060225
0.030155
0.034873
0.031955
0.030182
0.030084
0.030232
0.030114
0.030169
0.030355
0.030140
0.030099
0.030080
0.030130
0.030126
0.030166
0.030107
0.030087
0.030088
0.030065
0.059402
0.030165
0.030041
0.030253
0.034154
0.033958
0.030104
0.030074
0.030040
0.030141
0.030151
0.030189
0.030027
0.030014
0.030092
0.034718
0.033275
0.030157
0.030199
0.030155
0.060662
0.030042
0.030096
0.030104
0.030128
0.030117
0.030035
0.030088
0.030041
0.030214
0.030311
0.030074
0.030340
0.034825
0.038263
0.030928
0.048612
0.038982
0.038294
0.038224
0.070432
0.042197
0.041843
