0.861681
0.030206
0.030053
0.029989
0.029862
0.030025
0.029883
0.030041
0.033636
0.036952
0.029850
0.030742
0.030742
0.030688
0.030728
0.030722
0.030681
0.031045
0.030764
0.030749
0.054770
0.030748
0.030741
0.030748
0.030907
0.030779
0.030847
0.030969
0.030831
0.031021
0.034397
0.031007
0.030925
0.030885
0.030920
0.030909
0.030950
0.030911
0.030860
0.031007
0.088036
0.030921
0.031048
0.030895
0.030910
0.030950
0.030869
0.030943
0.031046
0.030935
0.030839
0.030850
0.030919
0.030931
0.031039
0.031382
0.030823
0.030898
0.030901
0.030939
0.061830
0.040274
0.039474
0.039241
0.030944
0.031107
0.031066
0.036812
0.031350
0.031138
0.062733
0.031190
0.030374
0.030354
0.030240
0.030249
0.030354
0.030168
0.030339
0.030469
0.060134
0.030321
0.030347
0.030266
0.030463
0.030334
0.030317
0.030226
0.030117
0.029910
0.030129
0.046896
0.031135
0.030006
0.045568
0.045234
0.029942
0.029894
0.029899
0.029950
0.060126
0.036584
0.030127
0.029905
0.029947
0.029959
0.029990
0.029940
0.029871
0.030012
0.029861
0.029958
0.029916
0.029942
0.029989
0.034206
0.030896
0.030009
0.029960
0.029941
0.060487
0.029907
0.058222
0.030987
0.029925
0.029934
0.029992
0.030017
0.029929
0.029881
0.029944
0.029963
0.045835
0.038364
0.038363
0.038389
0.047392
0.051272
0.030259
0.030175
0.059957
0.030195
0.030125
0.030237
0.030264
0.030159
0.030274
0.030234
0.030209
0.030123
0.030244
0.036544
0.039368
0.038822
0.038906
0.038717
0.037549
0.031155
0.030915
0.031046
0.063905
0.035987
0.031256
0.048369
0.038702
0.039242
0.030317
0.030467
0.030320
0.030243
0.030365
0.030330
0.030373
0.030265
0.030278
0.030374
0.030279
0.030309
0.030386
0.030417
0.060546
0.034359
0.030454
0.030491
0.030895
0.030431
0.030523
0.030322
0.030345
0.030315
0.030313
0.036652
0.039443
0.038915
0.038795
0.038819
0.042628
0.052401
0.067117
0.056380
0.072926
0.030684
0.030527
0.030522
0.030574
0.030655
0.030561
0.030331
0.062119
0.038672
0.038581
0.039390
0.042909
0.042710
0.042904
0.042591
0.083659
0.051569
0.030530
0.034047
0.060369
0.030520
0.030595
0.030540
0.030575
0.030627
0.030295
0.030221
0.030391
0.030371
0.030451
0.030387
0.030437
0.031421
0.031164
0.053367
0.039527
0.039178
0.038965
0.039414
0.073794
0.066658
0.077090
0.031346
0.030433
0.030617
0.030441
0.030422
0.030397
0.030372
0.030058
0.030126
0.030158
0.030144
0.030155
0.030202
0.030337
0.030200
0.030338
0.030252
0.060255
0.030387
0.030148
0.039183
0.033289
0.030135
0.030112
0.030076
0.030142
0.030051
0.029971
0.030144
0.030199
0.033399
0.036656
0.030111
0.030043
0.030157
0.030119
0.030121
0.060501
0.030009
0.030125
0.030124
0.030247
0.030075
0.030329
0.030225
0.030154
0.030120
0.030086
0.030150
0.030245
0.030111
0.030086
0.041484
0.033494
0.030147
0.030123
0.030122
0.059819
0.030013
0.030151
0.030093
0.030030
0.053143
0.031463
0.030118
0.030100
0.030091
0.030009
0.030030
0.030251
0.030097
0.029959
0.029977
0.030059
0.030127
0.030087
0.030152
0.060419
0.030138
0.030090
0.030016
0.030086
0.030168
0.033360
0.039357
0.038347
0.030110
0.030195
0.030233
0.030145
0.030221
0.030214
0.030394
0.030269
0.054033
0.030439
0.030585
0.060092
0.030236
0.030490
0.030284
0.030249
0.030234
0.030179
0.030092
0.030327
0.030182
0.030158
0.030283
0.030301
0.030159
0.030198
0.030207
0.030191
0.030282
0.051191
0.030514
0.061632
0.030549
0.030205
0.030358
0.030150
0.030508
0.030195
0.030173
0.051071
0.038008
0.030938
0.030978
0.030965
0.031101
0.030970
0.030935
0.030932
0.031078
0.030932
0.030999
0.060885
0.030931
0.030128
0.030148
0.030041
0.030152
0.030156
0.030141
0.041148
0.035565
0.031220
0.031131
0.030959
0.031007
0.031146
0.031224
0.031077
0.031034
0.030542
0.044975
0.060927
0.030255
0.030216
0.030250
0.030222
0.030179
0.030224
0.030164
0.030295
0.030154
0.030192
0.030227
0.030292
0.030168
0.030618
0.030345
0.030589
0.030328
0.030195
0.030139
0.069660
0.030304
0.030216
0.030292
0.030243
0.030195
0.030346
0.030264
0.030370
0.030349
0.049150
0.030798
0.030741
0.030667
0.030683
0.030682
0.030743
0.033266
0.042672
0.042891
0.074032
0.043212
0.042718
0.042695
0.041709
0.042589
0.042895
0.069486
0.046200
0.046463
0.031452
0.032007
0.047453
0.031324
0.031221
0.031481
0.041922
0.034859
0.030547
0.030309
0.060221
0.030327
0.030695
0.030586
0.030354
0.030325
0.030209
0.030340
0.030336
0.030239
0.030315
0.030727
0.030457
0.030249
0.030425
0.030614
0.030358
0.044148
0.033794
0.030307
0.060753
0.030342
0.030269
0.030476
0.040353
0.039222
0.054489
0.035946
0.030518
0.030519
0.030398
0.030334
0.030370
0.030645
0.030234
0.030296
0.030344
0.030370
0.030412
0.030485
0.060406
0.030565
0.030460
0.030718
0.030465
0.030502
0.030555
0.053371
0.031883
0.030491
0.030441
0.030411
0.030492
0.030498
0.031440
0.030519
0.030613
0.048930
0.038131
0.030596
0.060839
0.030617
0.030560
0.030581
0.030562
0.030912
0.030548
0.030657
0.030540
0.030472
0.030479
0.030672
0.030596
0.030553
0.030503
0.030569
0.030539
0.030583
0.049816
0.031620
0.060591
0.030626
0.030688
0.030734
0.030843
0.030643
0.030520
0.030632
0.054060
0.030708
0.030692
0.030722
0.030532
0.030681
0.030536
0.030591
0.030617
0.030793
0.030717
0.030626
0.060825
0.030555
0.030527
0.030542
0.030612
0.030863
0.030762
0.030684
0.030668
0.052271
0.031782
0.032284
0.031498
0.031311
0.031495
0.031436
0.031410
0.031608
0.031481
0.054409
0.062176
0.031739
0.031644
0.031524
0.031468
0.031555
0.031680
0.031123
0.030712
0.030983
0.031187
0.030997
0.030664
0.030705
0.030729
0.030694
0.030601
0.030630
0.052335
0.030911
0.060854
0.030715
0.030493
0.030580
0.030634
0.030645
0.030576
0.030781
0.040575
0.031084
0.031487
0.031060
0.030642
0.030651
0.030431
0.030957
0.030634
0.030670
0.030866
0.030586
0.060478
0.030438
0.030535
0.030542
0.030661
0.030603
0.030562
0.030712
0.030499
0.035326
0.033421
0.030520
0.030700
0.030573
0.030685
0.030905
0.031300
0.031556
0.032019
0.032702
0.077063
0.033064
0.032617
0.032479
0.032801
0.033325
0.032694
0.033394
0.033287
0.033443
0.033586
0.033930
0.033670
0.033423
0.033565
0.033927
0.033817
0.033205
0.033386
0.032780
0.077955
0.032838
0.032800
0.032751
0.032995
0.032779
0.032409
0.032148
0.031965
0.045189
0.040403
0.039658
