0.415457
0.031720
0.030747
0.030996
0.030252
0.030138
0.030208
0.030422
0.030179
0.030166
0.030183
0.030161
0.030130
0.030173
0.030188
0.030222
0.030292
0.030270
0.040184
0.031062
0.054285
0.030237
0.030187
0.030284
0.030292
0.030129
0.030132
0.030158
0.050664
0.030607
0.030029
0.030100
0.029986
0.030461
0.030998
0.030241
0.030086
0.030349
0.030377
0.028551
0.060134
0.030334
0.030494
0.030436
0.030402
0.020402
0.030310
0.029540
0.029967
0.047707
0.031431
0.020184
0.020082
0.020082
0.019967
0.029976
0.029964
0.020111
0.029922
0.020132
0.059687
0.032839
0.048487
0.045881
0.030297
0.030165
0.030354
0.046029
0.030238
0.046207
0.046056
0.030296
0.030284
0.030213
0.030153
0.030304
0.030178
0.030319
0.020314
0.020291
0.029468
0.020211
0.020218
0.022317
0.026006
0.020491
0.030159
0.030106
0.020173
0.020065
0.020081
0.020192
0.030024
0.030107
0.030110
0.030013
0.020124
0.025607
0.022825
0.020350
0.020247
0.030095
0.030306
0.030267
0.020268
0.020259
0.030200
0.030288
0.030341
0.030351
0.030371
0.030300
0.030294
0.030333
0.030218
0.030259
0.030138
0.030374
0.030351
0.030354
0.059715
0.042635
0.032180
0.030370
0.030492
0.030268
0.030439
0.030347
0.030238
0.030350
0.030354
0.030332
0.038604
0.034825
0.030160
0.030435
0.030335
0.030235
0.030472
0.030450
0.059768
0.030299
0.030270
0.030479
0.030492
0.030329
0.030354
0.030628
0.030373
0.030356
0.030639
0.030486
0.030299
0.030249
0.041792
0.030718
0.030247
0.030236
0.030236
0.030261
0.059912
0.030208
0.030330
0.030187
0.052915
0.030343
0.030203
0.029998
0.030084
0.030015
0.030000
0.030069
0.030016
0.030069
0.030187
0.030990
0.030784
0.030075
0.030025
0.030066
0.020016
0.029987
0.020027
0.020036
0.020070
0.019986
0.020016
0.020025
0.020093
0.038137
0.020743
0.020061
0.020051
0.020015
0.030025
0.030190
0.030426
0.030156
0.030350
0.030332
0.060336
0.039581
0.038396
0.038474
0.038551
0.038999
0.042469
0.042391
0.051334
0.060735
0.030592
0.032157
0.030255
0.030424
0.030382
0.028469
0.020800
0.020859
0.020943
0.020828
0.020966
0.027526
0.021831
0.020952
0.020931
0.020921
0.020883
0.020904
0.020925
0.020890
0.020893
0.020935
0.020850
0.030754
0.030340
0.053847
0.030696
0.030464
0.030364
0.030339
0.060405
0.030096
0.030040
0.030272
0.030107
0.030277
0.030343
0.030271
0.030265
0.030192
0.030361
0.030289
0.030262
0.030251
0.030204
0.030251
0.036894
0.033695
0.030164
0.030201
0.059800
0.030227
0.030140
0.030154
0.030209
0.030055
