0.489159
0.031964
0.031569
0.031393
0.031344
0.031361
0.031404
0.031226
0.031292
0.031393
0.031358
0.031561
0.031265
0.031181
0.031173
0.031133
0.031380
0.031215
0.031354
0.031233
0.055223
0.054552
0.031477
0.031431
0.031213
0.031280
0.031262
0.031380
0.031168
0.031277
0.031355
0.053051
0.031009
0.030442
0.030333
0.028745
0.030472
0.030639
0.030472
0.030549
0.060241
0.030428
0.030423
0.030478
0.030459
0.030428
0.030481
0.030526
0.030538
0.030367
0.030437
0.030505
0.031212
0.037459
0.031190
0.030550
0.030418
0.030467
0.030559
0.030495
0.060971
0.030632
0.030553
0.048942
0.031985
0.031143
0.031186
0.031182
0.031075
0.031180
0.031323
0.031155
0.031311
0.031163
0.031385
0.030796
0.020459
0.030508
0.030467
0.030451
0.020576
0.020488
0.020503
0.030402
0.030485
0.018619
0.042557
0.030832
0.030741
0.020321
0.020462
0.020286
0.020286
0.030262
0.020317
0.030364
0.020363
0.020288
0.020326
0.024605
0.020591
0.020198
0.020290
0.020122
0.020184
0.020284
0.020250
0.020205
0.020188
0.020314
0.020166
0.020165
0.020247
0.020241
0.020225
0.020241
0.020138
0.020173
0.020253
0.020178
0.020156
0.020137
0.020235
0.020361
0.020177
0.020154
0.020267
0.020214
0.020279
0.020718
0.027319
0.021117
0.020159
0.020291
0.020272
0.020316
0.020283
0.020314
0.020234
0.020214
0.020243
0.020231
0.020260
0.020245
0.020271
0.026295
0.024456
0.020190
0.020412
0.020361
0.020304
0.020203
0.020166
0.020275
0.020207
0.020278
0.020229
0.020119
0.020158
0.020186
0.020221
0.020273
0.020244
0.020270
0.020191
0.020400
0.020306
0.020189
0.020481
0.020259
0.020203
0.020226
0.020405
0.020198
0.020250
0.023531
0.027004
0.020232
0.020246
0.020122
0.020244
0.020234
0.020243
0.020185
0.020291
0.020254
0.020342
0.020184
0.020209
0.020233
0.021622
0.028400
0.021435
0.020715
0.036058
0.020412
0.030140
0.020416
0.020422
0.020399
0.020391
0.020450
0.020362
0.020406
0.020375
0.020857
0.020406
0.020438
0.020513
0.058206
0.039171
0.032712
0.031014
0.031064
0.030631
0.030293
0.045401
0.038337
0.031314
0.031424
0.061469
0.031269
0.031093
0.031039
0.031048
0.053148
0.035005
0.030385
0.030434
0.030487
0.030439
0.030469
0.030382
0.030388
0.030360
0.030417
0.030379
0.030401
0.030327
0.030406
0.061026
0.030401
0.030293
0.030405
0.030250
0.030303
0.038515
0.030751
0.030337
0.030294
0.030473
0.030527
0.031429
0.031413
0.030641
0.030347
0.030344
0.052212
0.030409
0.030243
0.060081
0.030310
0.030281
0.030150
0.030272
0.030363
0.030295
0.030279
0.030253
0.030304
0.030146
0.030212
0.030128
0.030276
0.030403
0.030454
0.030351
0.030495
0.032704
0.035074
0.060503
0.030294
0.045477
0.030380
0.030301
0.030259
0.045934
0.030200
0.053919
0.030071
0.030201
0.030205
0.030070
0.030208
0.030285
0.030281
0.030294
0.031196
0.031221
0.031249
0.061749
0.031378
0.031169
0.031128
0.020489
0.020365
0.020355
0.020385
0.020460
0.020342
0.020506
0.026575
0.020976
0.020408
0.020474
0.031147
0.031290
0.020669
0.031393
0.021090
0.061880
0.031729
0.052724
0.031249
0.030833
0.030424
0.030511
0.020511
0.020610
0.020415
0.020612
0.020649
0.021110
0.030517
0.020454
0.030383
0.020568
0.030488
0.030320
0.030600
0.061064
0.030461
0.030263
0.020485
0.045947
0.051152
0.031224
0.030803
0.030735
0.046087
0.045711
0.030592
0.030593
0.020342
0.030323
0.030919
0.036850
0.030957
0.030582
0.030608
0.061338
0.030594
0.030211
0.030304
0.030355
0.030253
0.030252
0.030206
0.020109
0.030237
0.030200
0.030332
0.030185
0.020247
0.030185
0.030255
0.030230
0.054150
0.039734
0.031133
0.020126
0.020048
0.020034
0.020086
0.020054
0.020106
0.020164
0.020134
0.020141
0.030886
0.054386
0.039876
0.020391
0.030205
0.030068
0.030140
0.030114
0.030063
0.020069
0.019946
0.060887
0.030203
0.030045
0.030049
0.030218
0.030074
0.030108
0.038323
0.038531
0.038648
0.045066
0.039512
0.039438
0.042393
0.042250
0.042215
0.042524
0.055421
0.077009
0.032654
0.061209
0.030411
0.030356
0.030504
0.030382
0.030305
0.030139
0.030235
0.030173
0.030344
0.030242
0.030405
0.030117
0.030100
0.030147
0.030209
0.030115
0.030135
0.032358
0.033245
0.060164
0.030357
0.030291
0.030064
0.030311
0.030119
0.030386
0.030186
0.032494
0.033098
0.030222
0.030066
0.030269
