0.528026
0.030564
0.038033
0.037932
0.038123
0.038395
0.041808
0.042055
0.041855
0.051698
0.029999
0.035842
0.040082
0.031104
0.029894
0.029727
0.029857
0.034600
0.029757
0.029740
0.053592
0.029801
0.029727
0.029749
0.029783
0.029737
0.029705
0.035420
0.029889
0.029849
0.029664
0.029896
0.029713
0.029819
0.029735
0.029811
0.029828
0.029794
0.029821
0.029751
0.059579
0.029764
0.029788
0.029969
0.029826
0.029827
0.029736
0.029929
0.029834
0.038090
0.029992
0.029806
0.029812
0.029755
0.029808
0.029770
0.029840
0.029662
0.029822
0.029679
0.065327
0.029803
0.029806
0.029895
0.029702
0.029824
0.029774
0.029781
0.030004
0.029935
0.029907
0.029845
0.029862
0.029812
0.029822
0.029788
0.029783
0.029854
0.029888
0.029957
0.060040
0.032211
0.034514
0.029994
0.029877
0.029865
0.029764
0.029872
0.029904
0.029864
0.029793
0.029774
0.051666
0.038614
0.038058
0.038112
0.030164
0.030540
0.029932
0.030016
0.059574
0.029964
0.029934
0.029993
0.029937
0.029884
0.029943
0.029926
0.030034
0.030063
0.029949
0.029949
0.029872
0.057444
0.037685
0.030843
0.030757
0.030712
0.030782
0.030714
0.060795
0.030801
0.030711
0.047505
0.030759
0.030751
0.030868
0.030823
0.030844
0.030766
0.030807
0.030773
0.030705
0.030607
0.029980
0.030032
0.029909
0.029845
0.030053
0.029898
0.059518
0.030011
0.029931
0.062545
0.039167
0.038210
0.038173
0.030148
0.029946
0.029978
0.030069
0.030126
0.030073
0.033588
0.043302
0.038084
0.030761
0.046302
0.030757
0.031163
0.045898
0.030944
0.031513
0.031617
0.031222
0.030771
0.037706
0.040370
0.042135
0.042108
0.042059
0.041978
0.046840
0.042174
0.042131
0.051005
0.061972
0.031693
0.030147
0.042629
0.055515
0.038035
0.037844
0.039160
0.053377
0.029990
0.042072
0.042121
0.041927
0.042013
0.041991
0.043096
0.042147
0.042150
0.042419
0.054819
0.045727
0.060518
0.030901
0.031153
0.060916
0.031175
0.031124
0.039586
0.038276
0.030964
0.030954
0.030935
0.031981
0.031162
0.031054
0.031200
0.030828
0.030314
0.030221
0.030320
0.030244
0.030256
0.030279
0.030444
0.060026
0.030400
0.030468
0.030385
0.037506
0.046826
0.038953
0.038895
0.043436
0.042992
0.068681
0.044038
0.043617
0.040714
0.043301
0.042951
0.042982
0.069622
0.033872
0.030878
0.060712
0.028903
0.030993
0.031138
0.030938
0.030628
0.030817
0.032226
0.038143
0.031347
0.031258
0.031178
0.041955
0.040578
0.032113
0.032067
0.031841
0.032212
0.041949
0.033037
0.061732
0.032190
0.032171
0.032324
0.032279
0.031733
0.031505
0.031574
0.031979
0.031582
0.031498
0.031820
0.031724
0.031684
0.031593
0.032052
0.031651
0.031938
0.061595
0.034104
0.061974
0.032277
0.032398
0.031783
0.032016
0.031955
0.032726
0.033943
0.042298
0.041179
0.041653
0.032331
0.032228
0.032247
0.032038
0.031364
0.031079
0.030919
0.031396
0.031412
0.061275
0.031849
0.031893
0.031052
0.031265
0.030684
0.031060
0.034028
0.027059
0.026686
0.020370
0.020478
0.020396
0.020321
0.020366
0.020319
0.020350
0.020323
0.020386
0.020286
0.020459
0.020337
0.025695
0.027075
0.020454
0.020289
0.020272
0.030374
0.030506
0.030531
0.030967
0.031262
0.030808
0.030479
0.030570
0.030589
0.020535
0.020868
0.020675
0.020609
0.020751
0.020824
0.020697
0.020578
0.020578
