0.534325
0.077444
0.033457
0.031045
0.030941
0.030676
0.030695
0.043920
0.031021
0.030539
0.030610
0.030509
0.030230
0.030285
0.030226
0.030308
0.030225
0.030366
0.040365
0.030591
0.053864
0.029967
0.030089
0.030048
0.030046
0.033907
0.033459
0.033420
0.033485
0.033186
0.033206
0.022965
0.022988
0.032797
0.020178
0.030076
0.030385
0.030926
0.031069
0.030920
0.073804
0.029948
0.031181
0.031283
0.021312
0.021125
0.021278
0.021275
0.021102
0.021216
0.021212
0.021091
0.026427
0.025500
0.021287
0.021195
0.021212
0.021127
0.021186
0.021228
0.021004
0.021233
0.021195
0.021221
0.021183
0.021298
0.021051
0.028678
0.029495
0.029117
0.028535
0.027566
0.021087
0.021225
0.021142
0.021061
0.021222
0.021206
0.021079
0.021215
0.021342
0.021147
0.021148
0.026480
0.029437
0.021183
0.021252
0.020962
0.021276
0.021340
0.021292
0.021132
0.021119
0.021040
0.021267
0.040232
0.026293
0.021359
0.021235
0.020936
0.021139
0.021115
0.021132
0.021152
0.021267
0.021163
0.021152
0.021183
0.020906
0.021157
0.021149
0.020959
0.021125
0.021104
0.021122
0.021220
0.021193
0.021178
0.021116
0.021139
0.021073
0.021061
0.021211
0.021156
0.021288
0.022817
0.029686
0.023218
0.022170
0.021774
0.021209
