0.498862
0.034119
0.032419
0.032358
0.032432
0.032553
0.032907
0.032989
0.032984
0.036850
0.056998
0.033710
0.033276
0.032851
0.032963
0.033123
0.032619
0.033062
0.032830
0.032975
0.056504
0.032815
0.032841
0.032877
0.033248
0.033312
0.033113
0.032759
0.032835
0.034764
0.048287
0.035333
0.033086
0.033089
0.032550
0.033082
0.032660
0.033150
0.033357
0.056220
0.063264
0.033084
0.033047
0.032526
0.033034
0.032843
0.032836
0.033005
0.033001
0.033042
0.032730
0.032895
0.032951
0.033077
0.033067
0.032870
0.033099
0.032952
0.032582
0.060369
0.074880
0.043037
0.034017
0.033303
0.033669
0.033801
0.033573
0.054130
0.043274
0.034297
0.033408
0.033687
0.034138
0.033779
0.033438
0.033596
0.033872
0.033736
0.033011
0.032683
0.062448
0.032489
0.032494
0.032122
0.032224
0.032364
0.031947
0.041718
0.033481
0.032982
0.032922
0.032778
0.033307
0.033490
0.033232
0.032672
0.032647
0.035462
0.036008
0.032753
0.062168
0.033010
0.033000
0.032824
0.032506
0.032671
0.032477
0.032464
0.032321
0.032839
0.032445
0.033229
0.032411
0.032440
0.032427
0.032508
0.032684
0.053414
0.042853
0.043191
0.072922
0.062315
0.035125
0.043413
0.056089
0.044101
0.045484
0.073435
0.042707
0.032247
0.031934
0.031981
0.031704
0.031611
0.031950
0.031860
0.031972
0.031850
0.031758
0.031721
0.061241
0.031651
0.052163
0.035167
0.031373
0.031703
0.031505
0.031292
0.031348
0.031257
0.031153
0.031173
0.032459
0.039718
0.031491
0.031437
0.031752
0.031410
0.031387
0.031289
0.061149
0.031237
0.031378
0.031478
0.032037
0.032395
0.033028
0.033975
0.030012
0.033946
0.033238
0.033472
0.029950
0.053520
0.034536
0.032988
0.032427
0.032285
0.032272
0.032481
0.061595
0.032216
0.045013
0.035733
0.032059
0.032060
0.032018
0.031923
0.031899
0.031969
0.031835
0.032038
0.032136
0.032006
0.031962
0.031995
0.031912
0.032002
0.032004
0.032021
0.062044
0.032014
0.031924
0.052907
0.041103
0.033077
0.033101
0.033162
0.033172
0.033001
0.032993
0.032935
0.033205
0.058947
0.032903
0.032411
0.032259
0.032277
0.032382
0.032250
0.062187
0.032185
0.032628
0.032871
0.032518
0.032792
0.032846
0.032857
0.032769
0.032598
0.032689
0.032882
0.032925
0.055876
0.033980
0.032756
0.032614
0.032991
0.033010
0.032833
0.062702
0.032838
0.033186
0.042092
0.033364
0.032948
0.032971
0.033263
0.033027
0.033265
0.033039
0.033009
0.033856
0.033765
0.032768
0.033010
0.033096
0.032941
0.032796
0.032563
0.062254
0.033037
0.032820
0.041919
0.033862
0.033141
0.032763
0.033097
0.033109
0.032810
0.033163
0.033364
0.033029
0.049859
0.034058
0.033503
0.033386
0.033491
0.033085
0.033293
0.063395
0.033586
0.033572
0.033546
0.033352
0.033666
0.033275
0.033647
0.033245
0.033174
0.033559
0.033280
0.033758
0.047807
0.033821
0.033129
0.033742
0.033453
0.033451
0.033477
0.063032
0.033451
0.050566
0.038394
0.033181
0.033254
0.033348
0.033213
0.033103
0.033275
0.033271
0.033562
0.033387
0.033206
0.033351
0.033151
0.033283
0.033479
0.033393
0.033484
0.062909
0.033252
0.042072
0.040643
0.033250
0.033315
0.033216
0.033310
0.033255
0.033205
0.033412
0.033271
0.054847
0.034170
0.033509
0.033671
0.033233
0.033355
0.033259
0.033302
0.062916
0.033422
0.033335
0.033337
0.033276
0.033876
0.033551
0.033368
0.033364
0.033079
0.033201
0.033373
0.041660
0.033663
0.033284
0.033120
0.033627
0.033357
0.033414
0.033365
0.063254
0.053232
0.033866
0.033398
0.033325
0.033504
0.033610
0.033352
0.033262
0.033852
0.033701
0.033781
0.033611
0.033425
0.033670
0.034631
0.034094
0.033639
0.033890
0.033493
0.062972
0.047218
0.034081
0.033741
0.034414
0.033868
0.033773
0.033630
0.033868
0.034151
0.033862
0.044178
0.034141
0.030132
0.033841
0.033862
0.033871
0.030232
0.030123
0.034091
0.063863
0.034061
0.030218
0.034026
0.030230
0.030085
0.030192
0.030122
0.030112
0.030262
0.030413
0.030219
0.044056
0.031145
0.030263
0.030150
0.030641
0.030320
0.030186
0.030160
0.059729
0.030339
0.048465
0.039594
0.038988
0.039088
0.039119
0.043435
0.043335
0.059460
0.030381
0.049381
0.039050
0.030639
0.030475
0.030345
0.030548
0.030415
0.030608
0.030461
0.073834
0.032017
0.030515
0.030358
0.030520
0.030499
0.030779
0.030709
0.030594
0.030529
0.031815
0.038951
0.030710
0.030792
0.030802
0.030520
0.030664
0.030659
0.030696
0.030650
0.060399
0.030932
0.030896
0.030917
0.030976
0.030982
0.030915
0.030900
0.030951
0.031061
0.030992
0.031112
0.041789
0.030258
0.030085
0.029888
0.029840
0.030086
0.029902
0.030051
0.059801
0.030001
0.033188
0.033018
0.030039
0.030031
0.030300
0.030136
0.030210
0.030250
0.030163
0.030178
0.030216
