0.491518
0.035465
0.034167
0.033779
0.055450
0.033118
0.033426
0.032844
0.032972
0.032866
0.033289
0.033099
0.032954
0.032928
0.032870
0.032910
0.033108
0.032885
0.032738
0.032642
0.056966
0.032793
0.033034
0.032885
0.040525
0.033358
0.032810
0.032724
0.032821
0.032703
0.032680
0.032543
0.032651
0.033222
0.054691
0.034072
0.032702
0.032699
0.032649
0.032521
0.062043
0.032338
0.032294
0.032323
0.032289
0.032454
0.032404
0.032018
0.032132
0.032206
0.032156
0.032283
0.032154
0.032545
0.036330
0.035860
0.032043
0.031799
0.031953
0.032029
0.061542
0.032067
0.032381
0.032122
0.052721
0.032066
0.031615
0.031789
0.031732
0.031869
0.031902
0.047460
0.031596
0.031792
0.031663
0.031726
0.021748
0.031623
0.031863
0.031886
0.031273
0.021945
0.022127
0.022130
0.022007
0.022323
0.028195
0.022632
0.022071
0.022195
0.022172
0.022150
0.022184
0.022189
0.022196
0.022748
0.022783
0.022203
0.023577
0.025782
0.022226
0.022136
0.022108
0.022536
0.022157
0.022143
0.022228
0.022135
0.022052
0.022114
0.022159
0.022067
0.022170
0.022094
0.022113
0.022126
0.022026
0.032028
0.021831
0.021977
0.021886
0.021833
0.021807
0.021791
0.021782
0.021841
0.021738
0.043197
0.022079
0.021850
0.021871
0.021826
0.021905
0.021807
0.021827
0.021829
0.021846
0.021889
0.021955
0.021890
0.021885
0.023995
0.027540
0.022040
0.021875
0.021805
0.021797
0.021867
0.021882
0.021868
0.021854
0.021801
0.021915
0.021838
0.021825
0.022000
0.021890
0.021782
0.021708
0.021787
0.021873
0.021887
0.021824
0.021836
0.021891
0.021877
0.021803
0.021868
0.021866
0.021811
0.029930
0.022248
0.021887
0.021820
0.021861
0.021837
0.021809
0.021865
0.021805
0.021778
0.021866
0.021855
0.021809
0.021828
0.029282
0.022143
0.021831
0.021816
0.021809
0.021737
0.021910
0.021907
0.021774
0.021854
0.021891
0.021823
0.021839
0.021897
0.021722
0.021844
0.021842
0.021843
0.021769
0.021888
0.021767
0.021751
0.021840
0.021913
0.031697
0.031572
0.031914
0.037866
0.033278
0.032943
0.022634
0.022654
0.022648
0.022620
0.022486
0.022551
0.022544
0.022548
0.022484
0.023047
0.027211
0.026081
0.022542
0.022586
0.022617
0.022593
0.022670
0.022646
0.022588
0.022577
0.022626
0.022523
0.022601
0.022630
0.022528
0.022555
0.022595
0.022586
0.022592
0.022628
0.022597
0.022569
0.022589
0.022566
0.022586
0.022605
0.022558
0.041613
0.023136
0.022739
0.032714
0.034178
0.034398
0.033227
0.023296
0.023230
0.023267
0.029162
0.029664
0.034173
0.023572
0.023639
0.023639
0.023636
0.023676
0.023662
0.023670
0.023580
0.023643
0.023628
0.023607
0.023639
0.023581
0.023689
0.023662
0.023612
0.023652
0.023710
0.023642
