0.451344
0.031476
0.048238
0.036632
0.032070
0.031600
0.031658
0.031770
0.031956
0.031912
0.031674
0.031733
0.051373
0.036366
0.031508
0.031692
0.031475
0.031659
0.031716
0.031659
0.054485
0.031866
0.031517
0.031568
0.031587
0.031690
0.031566
0.031498
0.031655
0.031683
0.031551
0.031632
0.031616
0.034388
0.034831
0.031568
0.031626
0.031391
0.031522
0.031476
0.061800
0.031437
0.031462
0.036487
0.033535
0.031446
0.031607
0.031501
0.047635
0.031190
0.031184
0.031346
0.031120
0.031147
0.031295
0.021638
0.021601
0.021672
0.021595
0.021683
0.021592
0.021648
0.021652
0.021605
0.021625
0.021555
0.031565
0.031793
0.035187
0.030535
0.031204
0.030575
0.046433
0.030934
0.030596
0.030590
0.030732
0.031341
0.040523
0.031072
0.060198
0.030616
0.030606
0.031073
0.031736
0.030875
0.030658
0.030756
0.030968
0.031198
0.031199
0.031242
0.031202
0.031214
0.030951
0.031249
0.031491
0.032033
0.032186
0.035331
0.065188
0.031718
0.032166
0.032167
0.047405
0.032404
0.032012
0.031920
0.034811
0.034928
0.031653
0.031663
0.031840
0.032027
0.032868
0.033418
0.033313
0.033430
0.033849
0.034242
0.059575
0.030254
0.030504
0.033689
0.032480
0.031828
0.031849
0.032184
0.045307
0.048323
0.032077
0.047618
0.049802
0.031732
0.046829
0.031340
0.040798
0.031547
0.031256
0.031310
0.062405
0.031398
0.031382
0.031347
0.031427
0.031515
0.031500
0.031437
0.031406
0.031541
0.031400
0.031413
0.031462
0.031502
0.031439
