0.451296
0.045961
0.038154
0.037105
0.030461
0.030061
0.030086
0.030041
0.030080
0.030103
0.033208
0.040377
0.030192
0.030154
0.030336
0.030131
0.030143
0.030060
0.030225
0.030154
0.054404
0.030938
0.020826
0.030205
0.030247
0.030381
0.030341
0.030439
0.030345
0.030254
0.030259
0.049804
0.033955
0.030269
0.030230
0.030143
0.030361
0.030196
0.030149
0.030117
0.060224
0.058042
0.031265
0.031169
0.031027
0.030984
0.031113
0.031010
0.030946
0.030919
0.031036
0.031058
0.030962
0.031248
0.031099
0.031223
0.031100
0.030908
0.030946
0.030928
0.060300
0.030229
0.050367
0.030562
0.030056
0.030199
0.030097
0.030035
0.030110
0.030304
0.030150
0.030145
0.030128
0.048669
0.030532
0.030148
0.030099
0.030231
0.030294
0.030134
0.060082
0.030051
0.030154
0.030111
0.030028
0.030066
0.030207
0.030012
0.030133
0.030246
0.030154
0.030204
0.030213
0.030285
0.030158
0.043343
0.030419
0.030253
0.030186
0.030207
0.059694
0.030323
0.030193
0.030273
0.030102
0.039345
0.035713
0.030161
0.030168
0.030073
0.030211
0.030207
0.030184
0.030190
0.030202
0.030173
0.030164
0.030160
0.030522
0.030180
0.060252
0.030148
0.030151
0.030247
0.030099
0.030220
0.042613
0.034324
0.030232
0.030138
0.030147
0.030247
0.030309
0.030186
0.030226
0.030129
0.030309
0.045256
0.038075
0.031075
0.060524
0.030990
0.031009
0.030999
0.030996
0.031058
0.031019
0.031059
0.030988
0.031012
0.031078
0.031086
0.031420
0.031945
0.031506
0.030984
0.031006
0.045826
0.038627
0.030883
0.060603
0.030990
0.030865
0.030993
0.031802
0.030930
0.030930
0.061886
0.037801
0.030936
0.030921
0.031017
0.031053
0.031004
0.030894
0.031041
0.030936
0.030745
0.030875
0.030974
0.060236
0.031087
0.031147
0.031002
0.030946
0.031058
0.030971
0.031070
0.048918
0.033696
0.030253
0.030431
0.030626
0.030522
0.030471
0.030626
0.030586
0.031449
0.030988
0.039279
0.061523
0.031524
0.031265
0.031058
0.030669
0.031216
0.031093
0.030826
0.030705
0.030379
0.030204
0.030227
0.030160
0.030171
0.030303
0.030211
0.030161
0.030215
0.030017
0.030091
0.068771
0.030256
0.030240
0.030063
0.030167
0.030101
0.030353
0.030245
0.030341
0.030175
0.055588
0.030428
0.030352
0.030085
0.030437
0.030485
0.030275
0.030313
0.030168
0.030163
0.060130
0.030393
0.030231
0.030243
0.030298
0.030328
0.020329
0.020312
0.020421
0.020337
0.020264
0.020316
0.020274
0.027191
0.020265
0.020257
0.020379
0.020234
0.020244
0.020287
0.020377
0.020266
0.020255
0.020275
0.020243
0.020324
0.020273
0.021102
0.026134
0.020655
0.020280
0.030260
0.020138
0.030135
0.020175
0.020276
0.020176
0.020129
0.020049
0.020142
0.020162
0.020222
0.020189
0.020154
0.020094
0.020151
0.020241
0.020101
0.020145
0.020063
0.020198
0.020123
0.020072
0.020185
0.020328
0.020149
0.020200
0.025286
0.044163
0.038969
0.026284
0.038646
0.026227
0.021467
0.020427
0.020251
0.020224
0.020257
0.020164
0.022716
0.023769
0.020392
0.020206
0.020304
0.020292
0.020228
0.020216
0.020311
0.020190
0.020402
0.020314
0.020282
0.020207
0.020303
0.030217
0.020202
0.020202
0.020220
0.020180
0.020299
0.020163
0.020268
0.020221
0.020210
0.020230
0.020292
0.020172
0.020215
0.020218
0.020333
0.036377
0.022704
0.020379
0.020248
0.020292
0.020233
0.020187
0.020166
0.020405
0.020257
0.030194
0.020221
0.020167
0.020093
0.020113
0.022124
0.025706
0.022559
0.020384
0.020205
0.020092
0.020276
0.020174
0.020099
0.020216
0.020134
0.020118
0.020147
0.020063
0.020123
0.020172
0.020399
0.020104
0.020106
0.020241
0.020229
0.030261
0.020255
0.020785
0.020403
0.020090
0.020264
0.020251
0.020182
0.020164
0.020239
0.021399
0.027102
0.026115
0.026150
0.026134
0.026034
0.036821
0.025934
0.020371
0.020207
0.020188
0.020181
0.020190
0.023336
0.026459
0.026169
0.026193
0.030243
0.020208
0.020188
0.020222
0.020014
0.020047
0.020077
0.020093
0.020136
0.020123
0.020462
0.020311
0.020207
0.020201
0.020141
0.020118
0.020227
0.020151
0.020046
0.020356
0.020103
0.020217
0.020216
0.020218
0.020170
0.020187
0.052191
0.038220
0.031076
0.031163
0.031213
0.031011
0.031042
0.030995
0.031136
0.031027
0.031062
0.069226
0.031085
0.031768
0.031284
