0.466838
0.032006
0.030155
0.029942
0.029773
0.029865
0.029849
0.029762
0.029840
0.029828
0.029747
0.029794
0.037235
0.030744
0.029759
0.029739
0.029932
0.029855
0.029764
0.029849
0.053119
0.029762
0.054224
0.029998
0.029856
0.029712
0.029733
0.029940
0.029733
0.029913
0.029763
0.029786
0.029790
0.029707
0.029701
0.029721
0.029980
0.029775
0.029818
0.029829
0.059800
0.029833
0.029855
0.030071
0.037075
0.030215
0.029901
0.029869
0.029819
0.029920
0.029880
0.029872
0.029756
0.029828
0.029847
0.039606
0.030251
0.029830
0.029886
0.029799
0.059370
0.029876
0.030017
0.029826
0.029856
0.029817
0.029754
0.029799
0.029763
0.029822
0.030022
0.029881
0.029941
0.029816
0.029786
0.029836
0.029823
0.038973
0.030054
0.029881
0.060268
0.029881
0.029861
0.029925
0.029879
0.029868
0.029834
0.033750
0.032067
0.029805
0.029981
0.029885
0.029809
0.029823
0.029867
0.029811
0.029840
0.030226
0.030003
0.029942
0.059317
0.029847
0.029921
0.029941
0.029816
0.029864
0.029748
0.029799
0.030211
0.035844
0.030116
0.029797
0.029857
0.029768
0.029836
0.029882
0.029799
0.029904
0.029862
0.030125
0.023879
0.025805
0.020484
0.029808
0.019863
0.020074
0.020152
0.019886
0.019878
0.019867
0.019833
0.019857
0.019833
0.019787
0.029804
0.029916
0.029849
0.029730
0.029822
0.029809
0.060013
0.029802
0.029850
0.029826
0.029844
0.029874
0.036449
0.029799
0.029992
0.029822
0.029802
0.029880
0.029844
0.029872
0.029939
0.030191
0.031843
0.038684
0.037763
0.037698
0.068161
0.042018
0.041701
0.041816
0.043385
0.047053
0.059708
0.031426
0.058336
0.030176
0.030186
0.030076
0.030048
0.038176
0.035873
0.029863
0.029820
0.030158
0.029912
0.029883
0.060377
0.029867
0.029805
0.033643
0.036982
0.029791
0.029839
0.029828
0.029768
0.029749
0.029910
0.029775
0.029815
0.029708
0.029817
0.029811
0.030021
0.029792
0.029839
0.029830
0.059680
0.029726
0.029876
0.029998
0.033273
0.032905
0.029806
0.029713
0.029815
0.029943
0.029861
0.029760
0.029859
0.029835
0.029880
0.050736
0.030834
0.029925
0.029887
0.029835
0.060558
0.029784
0.030038
0.029844
0.029737
0.029865
0.029744
0.029839
0.029699
0.029836
0.030193
0.029907
0.029888
0.029846
0.029664
0.029849
0.029793
0.051997
0.030405
0.029811
0.059465
0.029846
0.029872
0.029829
0.029860
0.029883
0.029965
0.050661
0.030048
0.030046
0.029904
0.030128
0.034811
0.030689
0.030239
0.030295
0.030248
0.029995
0.029915
0.029844
0.059953
0.029840
0.029947
0.029910
0.029812
0.029869
0.029916
0.029728
0.030503
0.042500
0.030165
0.029905
0.029857
0.029737
0.029825
0.029869
0.029711
0.029816
0.029796
0.029844
0.069211
0.029959
0.029787
0.029860
0.019834
0.029787
0.029697
0.029840
0.029818
0.029777
0.029828
0.029868
0.029817
0.029852
0.029753
0.029955
0.029846
0.029787
0.029801
0.029934
0.060350
0.052141
0.030279
0.029899
0.029864
0.029889
0.029814
0.029857
0.029865
0.029854
0.029907
0.029912
0.038354
0.030851
0.029806
0.029855
0.029856
0.029881
0.029785
0.029686
0.059380
0.029889
0.029671
0.029775
0.029801
0.029758
0.029763
0.029780
0.029848
0.029727
0.029917
0.029881
0.029852
0.029799
0.052465
0.029777
0.030012
0.029853
0.029876
0.029779
0.060059
0.029783
0.029808
0.029797
0.044830
0.033526
0.029901
0.029875
0.029928
0.029832
0.029920
0.029894
0.030229
0.029875
0.029880
0.029801
0.029868
0.029796
0.029889
0.029853
0.059478
0.029788
0.029817
0.029969
0.029809
0.029846
0.044756
0.030221
0.029707
0.029806
0.029879
0.029940
0.029843
0.029804
0.029769
0.029786
0.030595
0.037260
0.030304
0.029707
0.060338
0.029749
0.029811
0.029824
0.029753
0.029855
0.030238
0.030795
0.030376
0.030401
0.030283
0.030330
0.030261
0.030327
0.030360
0.030257
0.030347
0.030296
0.032501
0.045997
0.059961
0.030388
0.030306
0.030303
0.030282
0.030280
0.030264
0.030368
0.059381
0.031976
0.030281
0.030364
0.030396
0.029894
0.029788
0.029847
0.029784
0.029799
