0.531431
0.034858
0.047581
0.029718
0.029738
0.029779
0.029709
0.029763
0.055311
0.030420
0.029701
0.029695
0.029694
0.029686
0.029620
0.029672
0.029729
0.029828
0.032183
0.037435
0.052918
0.029769
0.029734
0.029754
0.029799
0.029653
0.029736
0.029656
0.029748
0.029798
0.029815
0.029728
0.029676
0.029740
0.029808
0.029687
0.029881
0.029750
0.029845
0.029745
0.085708
0.029772
0.029737
0.029790
0.029775
0.029837
0.029722
0.029752
0.029713
0.029769
0.044599
0.030246
0.029808
0.029796
0.029763
0.029694
0.029947
0.029785
0.029764
0.029754
0.060365
0.029675
0.029723
0.029735
0.029751
0.030104
0.030683
0.030045
0.029611
0.029770
0.029624
0.029811
0.034779
0.034916
0.029773
0.029670
0.029919
0.029745
0.029792
0.030185
0.060388
0.041884
0.029936
0.029804
0.029778
0.029844
0.029760
0.029755
0.029972
0.029831
0.029815
0.029817
0.029786
0.029783
0.029785
0.029782
0.029711
0.029759
0.029792
0.029787
0.059618
0.029774
0.045352
0.031791
0.029879
0.029795
0.029908
0.029732
0.029736
0.029718
0.029975
0.029845
0.029905
0.029859
0.037739
0.030638
0.029812
0.029885
0.029868
0.029843
0.060405
0.029980
0.029826
0.029811
0.029732
0.029752
0.029745
0.029773
0.030007
0.029831
0.029905
0.029814
0.029840
0.029821
0.029779
0.029784
0.041742
0.030301
0.029867
0.029869
0.059973
0.029763
0.030002
0.029818
0.029812
0.029836
0.045785
0.038454
0.038090
0.038040
0.035598
0.055575
0.046310
0.030089
0.029841
0.029710
0.029743
0.030315
0.029883
0.029853
0.060489
0.029932
0.029824
0.029757
0.029891
0.029824
0.056010
0.030013
0.029813
0.029885
0.029821
0.029771
0.029732
0.029771
0.029760
0.030145
0.029851
0.038764
0.030704
0.029794
0.060551
0.029796
0.029834
0.029756
0.029782
0.029700
0.029811
0.029898
0.029814
0.029732
0.029717
0.029786
0.029732
0.029817
0.029775
0.029960
0.029688
0.030216
0.030808
0.052577
0.059913
0.029795
0.029984
0.029864
0.029850
0.029836
0.029898
0.029866
0.030017
0.051792
0.030041
0.029898
0.029965
0.029881
0.029920
0.029936
0.029849
0.029915
0.029830
0.029847
0.060308
0.029963
0.029903
0.029830
0.030091
0.029982
0.029763
0.029930
0.029966
0.030015
0.053028
0.030184
0.029789
0.030045
0.029912
0.029915
0.029989
0.030332
0.029977
0.029922
0.073831
0.039227
0.038178
0.038367
0.038118
0.038948
0.042063
0.042137
0.042045
0.042045
0.042137
0.067104
0.036251
0.030242
0.030222
0.030350
0.030467
0.030259
0.041184
0.033366
0.060601
0.029902
0.029947
0.029979
0.029924
0.029830
0.029831
0.029838
0.035986
0.038932
0.038023
0.038086
0.029902
0.029984
0.029908
0.029960
0.029850
0.029881
0.029856
0.029972
0.060423
0.029939
0.030055
0.029905
0.029908
0.029836
0.029838
0.029935
0.029819
0.054734
0.037815
0.030746
0.030802
0.030737
0.030633
0.030664
0.030850
0.030775
0.030760
0.030599
0.081416
0.038054
0.038095
0.039090
0.042121
0.042144
0.050741
0.042053
0.044928
0.067877
0.045999
0.030325
0.032094
0.033671
0.030220
0.030157
0.035353
0.031935
0.030292
0.030261
0.062143
0.030020
0.029953
0.030112
0.038123
0.038152
0.047523
0.038335
0.038824
0.041990
0.041928
0.042063
0.041978
0.042029
0.042110
0.042175
0.041939
0.042084
0.041938
0.042086
0.100591
0.062313
0.030384
0.030203
0.038129
0.051220
0.043120
0.030214
0.030141
0.030856
0.033282
0.031637
0.030117
0.029952
0.029979
0.030100
0.030067
0.030079
0.030003
0.030035
0.060779
0.030036
0.030131
0.029969
0.029980
0.030033
0.029948
0.029929
0.030084
0.030186
0.030205
0.030663
0.039463
0.030493
0.030282
0.030313
0.030166
0.029961
0.029909
0.029984
0.060501
0.029929
0.043645
0.033940
0.029916
0.029851
0.029980
0.029937
0.029986
0.030057
0.029879
0.029982
0.029938
0.030051
0.029977
0.030130
0.029912
0.030185
0.030025
0.029901
0.059872
0.030007
0.030133
0.030012
0.037642
0.030216
0.029978
0.029974
0.030046
0.030089
0.030169
0.030059
0.030045
0.030072
0.029930
0.045271
0.030606
0.030041
0.030083
0.030046
0.060287
0.030088
0.029981
0.030036
0.029986
0.030039
0.029890
0.029919
0.029866
0.030017
0.029903
0.029946
0.029891
0.030043
0.029943
0.030051
0.029958
0.045147
0.030453
0.029971
0.059956
0.029836
0.029901
0.030192
0.029914
0.034743
0.040451
0.039860
0.038661
0.038363
0.038349
0.041948
0.042230
0.042969
0.068520
0.055161
0.030439
0.030355
0.030261
0.030493
0.061367
0.030643
0.030039
0.029984
0.033418
0.040466
0.038234
0.030400
0.030121
0.029920
0.029983
0.030009
0.029919
0.030029
0.030391
0.034762
0.033677
0.029994
0.029990
0.029989
0.060519
0.029928
0.029901
0.029947
0.029989
0.030040
0.030091
0.029885
0.029900
0.029918
0.029846
0.029957
0.029821
0.029995
0.030005
0.048897
0.032160
0.029899
0.030066
0.030028
0.059734
0.029945
0.030019
0.030137
0.030038
0.030836
0.037042
0.030177
0.029935
0.029991
0.029972
0.030014
0.030049
0.030002
0.029977
0.029982
0.030021
0.029925
0.030023
0.029938
0.060285
0.029972
0.029949
0.030050
0.030020
0.030043
0.029936
0.029989
0.041154
0.030229
0.029944
0.029915
0.029948
0.029982
0.029956
0.029941
0.029910
0.029900
0.029885
0.036597
0.060464
0.030002
0.029908
0.029992
0.029912
0.030023
0.030000
0.030014
0.029969
0.029962
0.029929
0.029929
0.029970
0.029965
0.030026
0.029914
0.029993
0.029911
0.029903
0.030062
0.063635
0.030283
0.029923
0.029969
0.029854
0.029837
0.029967
0.029882
0.029969
0.029980
0.029923
0.035427
0.032024
0.035909
0.038299
0.038559
0.030768
0.030803
0.030839
0.030952
0.062308
0.030781
0.030891
0.030764
0.030798
0.030731
0.030801
0.030801
0.030695
0.030706
0.030648
0.031093
0.040386
0.030907
0.030849
0.030757
0.030651
0.030734
0.030885
0.030810
0.061269
0.049117
0.031261
0.030226
0.029991
0.030050
0.030144
0.029954
0.029972
0.030081
0.030014
0.030054
0.029952
0.029944
0.029876
0.029882
0.029876
0.029817
0.030631
0.030007
0.060144
0.029874
0.029790
0.036628
0.030538
0.030030
0.036929
0.030341
0.029991
0.029947
0.030015
0.029961
0.029980
0.029905
0.049256
0.030138
0.030105
0.030110
0.029907
0.029975
0.060767
0.029766
0.029896
0.029914
0.030050
0.029871
0.029887
0.029919
0.029984
0.029823
0.029844
0.029992
0.030002
0.030005
0.030038
0.032614
0.033057
0.030035
0.030031
0.030025
0.060218
0.029919
0.030147
0.029940
0.029920
0.030019
0.041980
0.030278
0.030056
0.030023
0.030052
0.030083
0.030126
0.030033
0.030152
0.029990
0.029962
0.029986
0.030019
0.029987
0.060923
0.030005
0.029910
0.030004
0.030189
0.030002
0.030510
0.031293
0.035793
0.030249
0.030118
0.029980
0.029958
0.029960
0.029943
0.029893
0.029966
0.029863
0.029970
0.041071
0.061514
0.030723
0.030776
0.030675
0.030694
0.030835
0.031571
0.039573
0.035677
0.030711
0.030786
0.030875
0.030820
0.030853
0.030782
0.030612
0.030716
0.030769
0.030841
0.048868
0.068932
0.030029
0.029956
0.030017
0.030130
0.030053
0.030296
0.029950
0.029965
0.054494
0.037844
0.030072
0.029943
0.029985
0.029839
0.030030
0.029985
0.030052
0.030037
0.030043
0.060345
0.030079
0.030034
0.029951
0.029964
0.029953
0.029975
0.029970
0.030032
0.029994
0.030051
0.039199
0.033463
0.030010
0.029915
0.030123
0.029999
0.030037
0.029995
0.030071
0.061087
0.047084
0.033009
0.037674
0.030017
0.030000
0.029972
0.029862
0.030057
0.029976
0.029996
0.030005
0.029850
0.029923
0.029940
0.030061
0.029887
0.030031
0.030284
0.029955
0.060257
0.029988
0.030253
0.036527
0.030506
0.030008
0.029960
0.029844
0.030014
0.029911
0.030004
0.030071
0.030898
0.030015
0.041053
0.030395
0.030039
0.029917
0.030002
0.029944
0.061163
0.029889
0.030053
0.029952
0.030163
0.030012
0.029916
0.029978
0.029857
0.030012
0.029971
0.030015
0.029973
0.029927
0.029932
0.030020
0.035374
0.031647
0.029953
0.030086
0.060124
0.029950
0.029902
0.030028
0.029930
0.029963
0.030268
0.033022
0.030035
0.029913
0.029946
0.029914
0.030094
0.029952
0.030026
0.029869
0.029960
0.030049
0.029965
0.030092
0.062694
0.030597
0.029964
0.029979
0.029969
0.029951
0.029995
0.029954
0.049999
0.031104
0.029986
0.029874
0.029980
0.029853
0.029950
0.029864
0.029923
0.029948
0.030099
0.045540
0.060618
0.030021
0.030028
0.029931
0.030031
0.029947
0.030013
0.029969
0.030083
0.029906
0.030011
0.029884
0.030053
0.030042
0.029994
0.030022
0.029997
0.030111
0.030007
0.030034
0.077144
0.030457
0.030105
0.030026
0.030002
0.030029
0.030105
0.030079
0.030020
0.029989
0.046355
0.031954
0.030009
0.030016
0.030106
0.029967
0.029935
0.029958
0.030106
0.030007
0.060274
0.029998
0.030018
0.030224
0.030073
0.030050
0.029998
0.029938
0.030103
0.030020
0.029996
0.030014
0.033773
0.039198
0.038312
0.038024
0.038148
0.041887
0.048462
0.030057
0.074980
0.038788
0.037158
0.030083
0.029995
0.030037
0.029988
0.030078
0.030438
0.030006
0.030038
0.030084
0.030107
0.030076
0.030043
0.029979
0.030032
0.030137
0.029959
0.030059
0.060305
0.030077
0.046212
0.033925
0.030423
0.029899
0.030118
0.030320
0.030105
0.030008
0.030091
0.029928
0.030018
0.035613
0.039019
0.030735
0.030065
0.030053
0.030044
0.030154
0.061131
0.030038
0.030017
0.030314
0.029992
0.030074
0.029994
0.029986
0.030125
0.030133
0.029993
0.030036
0.042856
0.038542
0.060682
0.030179
0.030156
0.030114
0.030192
0.030035
0.060578
0.030258
0.030143
0.030137
0.039628
0.033971
0.030108
0.030066
0.030113
0.030219
0.030033
0.030271
0.030047
0.030019
0.030114
0.030127
0.030134
0.029979
0.030050
0.030011
0.061252
0.030025
0.030103
0.030115
0.030721
0.030085
0.039764
0.030459
0.030187
0.030055
0.030046
0.029995
0.030093
0.030095
0.030032
0.029990
0.030314
0.038867
0.030501
0.030080
0.060331
0.030266
0.030069
0.030057
0.029957
0.030010
0.030109
0.030061
0.030064
0.030077
0.030281
0.029989
0.030146
0.030021
0.029991
0.030118
0.030131
0.030036
0.029906
0.036365
0.062409
0.029962
0.029960
0.030063
0.029974
0.029957
0.029951
0.029831
0.029905
0.032101
0.030633
0.029973
0.029996
0.029976
0.029819
0.030066
0.029899
0.030017
0.029953
0.029963
0.059944
0.030037
0.029975
0.029963
0.029989
0.029976
0.030005
0.030089
0.029981
0.030005
0.030037
0.035199
0.032408
0.030003
0.030092
0.029999
0.030129
0.030028
0.030123
0.029877
