0.567312
0.040281
0.057726
0.047222
0.037114
0.030428
0.032399
0.030570
0.030061
0.030249
0.030133
0.030115
0.030300
0.030195
0.030052
0.030117
0.030068
0.030158
0.030202
0.037346
0.060574
0.030277
0.030327
0.030221
0.030299
0.030504
0.030254
0.030240
0.030262
0.040257
0.030353
0.030253
0.030202
0.030582
0.030403
0.030123
0.030215
0.030270
0.030244
0.030283
0.059819
0.030237
0.030179
0.030186
0.030324
0.030225
0.030581
0.030209
0.030215
0.030317
0.047562
0.038644
0.038645
0.038619
0.037859
0.035619
0.030231
0.030204
0.034684
0.052087
0.060702
0.030180
0.030164
0.030250
0.030199
0.030332
0.030151
0.030204
0.030192
0.030244
0.030231
0.030189
0.030419
0.030273
0.030251
0.030221
0.030211
0.030149
0.030401
0.030115
0.060802
0.033364
0.030256
0.030165
0.030262
0.030301
0.030319
0.030165
0.030246
0.030189
0.030465
0.039451
0.038451
0.038701
0.038422
0.040695
0.051144
0.057532
0.030254
0.030157
0.059678
0.030322
0.030216
0.030207
0.030257
0.030220
0.030250
0.030181
0.030277
0.061797
0.034019
0.030108
0.029994
0.030128
0.030248
0.030090
0.033812
0.040402
0.038161
0.051261
0.064624
0.030203
0.030218
0.030123
0.030199
0.030253
0.030395
0.030163
0.030087
0.030216
0.030151
0.030168
0.030147
0.030203
0.030329
0.030289
0.030334
0.030329
0.030348
0.030289
0.060767
0.033406
0.030277
0.030249
0.030395
0.038733
0.038692
0.038622
0.039897
0.042640
0.067784
0.038883
0.042233
0.042562
0.042394
0.042313
0.042579
0.042591
0.042476
0.042445
0.072461
0.042534
0.042465
0.040828
0.037179
0.036359
0.033697
0.030398
0.030375
0.030176
0.030190
0.030228
0.030226
0.030263
0.030182
0.030101
0.056060
0.039753
0.039634
0.039484
0.069637
0.039815
0.039642
0.039371
0.039368
0.039485
0.039566
0.039630
0.039347
0.039733
0.039387
0.039528
0.039608
0.040331
0.046116
0.053807
0.031495
0.031206
0.032121
0.043510
0.061062
0.056774
0.031464
0.030514
0.030221
0.030282
0.030266
0.030297
0.030141
0.030212
0.030244
0.030505
0.030269
0.030545
0.030208
0.033245
0.031168
0.031115
0.030885
0.030336
0.059610
0.030263
0.044953
0.031285
0.030305
0.030253
0.030268
0.030224
0.030289
0.030359
0.030336
0.030276
0.030338
0.057102
0.030893
0.031276
0.031036
0.030360
0.030353
0.030369
0.060471
0.031075
0.030291
0.030294
0.030145
0.030310
0.030166
0.030239
0.030044
0.030083
0.030147
0.030145
0.030118
0.030156
0.030294
0.038486
0.030700
0.030121
0.030293
0.030136
0.059783
0.030259
0.030377
0.030215
0.030370
0.035496
0.033384
0.030345
0.030342
0.030337
0.030355
0.030216
0.030403
0.030242
0.030414
0.030870
0.030410
0.030419
0.030398
0.030420
0.060237
0.030370
0.030400
0.030359
0.030294
0.030292
0.051156
0.031546
0.030272
0.030337
0.030274
0.030513
0.030326
0.030846
0.031022
0.030581
0.030432
0.049709
0.031907
0.031208
0.060974
0.031245
0.031464
0.031343
0.031468
0.031371
0.031300
0.031352
0.031318
0.031169
0.031315
0.031043
0.030695
0.030333
0.030350
0.030406
0.030473
0.030324
0.038305
0.032750
0.060469
0.030445
0.030494
0.030528
0.030477
0.030729
0.030547
0.030525
0.031225
0.037241
0.030837
0.030456
0.030574
0.030639
0.031293
0.030576
0.030462
0.030534
0.030666
0.030653
0.060133
0.030577
0.030534
0.030393
0.030536
0.030532
0.030740
0.030454
0.030502
0.030512
0.039625
0.031060
0.030376
0.030359
0.030360
0.030327
0.030284
0.030317
0.030174
0.030193
0.076561
0.030845
0.030182
0.030169
0.030379
0.030146
0.030161
0.030490
0.031100
0.030841
0.030593
0.030707
0.030663
0.030684
0.030740
0.030717
0.030654
0.030655
0.030844
0.030828
0.071308
0.072379
0.032765
0.031779
0.031289
0.031369
0.031502
0.031469
0.031286
0.031384
0.031369
0.063074
0.033996
0.031141
0.031003
0.030990
0.031060
0.031566
0.031176
0.031635
0.060842
0.031057
0.031224
0.030561
0.030424
0.030595
0.030517
0.030354
0.030426
0.030376
0.030372
0.030490
0.053724
0.031163
0.030353
0.030292
0.030444
0.030353
0.030351
0.030235
0.059688
0.030469
0.046745
0.030439
0.030324
0.030448
0.030439
0.030471
0.030529
0.030672
0.030566
0.030555
0.030652
0.030482
0.030644
0.030881
0.030872
0.030617
0.030770
0.031052
0.058781
0.045451
0.032250
0.030597
0.030514
0.030528
0.030704
0.030824
0.030506
0.030394
0.030504
0.030348
0.039038
0.030724
0.030317
0.030350
0.030317
0.030453
0.030227
0.030354
0.060216
0.030617
0.030372
0.030458
0.030484
0.030325
0.030254
0.030224
0.030418
0.030511
0.030506
0.030339
0.030486
0.030496
0.038078
0.031893
0.030376
0.030473
0.030519
0.030311
0.060228
0.030362
0.030433
0.030393
0.051638
0.030377
0.030580
0.030441
0.030360
0.030333
0.030538
0.030483
0.030473
0.030511
0.030551
0.030589
0.038419
0.039309
0.038707
0.038695
0.068716
0.031581
0.031006
0.030990
0.037973
0.030752
0.030259
0.030196
0.030293
0.030378
0.030387
0.030300
0.030321
0.030484
0.030384
0.046591
0.031647
0.030413
0.030210
0.030280
0.060232
0.030289
0.030377
0.030341
0.030228
0.030352
0.030240
0.030409
0.030259
0.030464
0.030375
0.030423
0.030379
0.030243
0.030231
0.030254
0.030270
0.044533
0.031358
0.030324
0.059782
0.030531
0.030380
0.030371
0.030226
0.030277
0.030256
0.050155
0.030694
0.030277
0.030193
0.030178
0.030322
0.030145
0.030329
0.030176
0.030431
0.030314
0.030239
0.030275
0.060153
0.030196
0.030259
0.030188
0.030171
0.030110
0.030066
0.030186
0.030967
0.041211
0.030562
0.030189
0.030130
0.030222
0.030257
0.030201
0.030250
0.030216
0.030260
0.030418
0.069062
0.031230
0.036641
0.040014
0.031008
0.030287
0.030353
0.030385
0.030344
0.030328
0.030194
0.030199
0.030290
0.030266
0.030253
0.030337
0.030216
0.030303
0.030218
0.030294
0.080517
0.030396
0.030451
0.030377
0.030346
0.030428
0.030385
0.030475
0.030284
0.030468
0.052062
0.030340
0.030342
0.030417
0.020303
0.030291
0.020465
0.020433
0.030563
0.030668
0.021015
0.031053
0.021084
0.030955
0.031429
0.031230
0.031364
0.031177
0.031095
0.021796
