0.518862
0.047061
0.048662
0.032403
0.033892
0.032298
0.032153
0.032529
0.032493
0.051243
0.041257
0.032813
0.032747
0.032836
0.032735
0.032577
0.032239
0.032579
0.033050
0.032937
0.056580
0.033243
0.034005
0.034383
0.034596
0.030813
0.034551
0.034311
0.034628
0.055457
0.042868
0.033924
0.034051
0.034081
0.034290
0.034088
0.034285
0.034309
0.034358
0.063741
0.063459
0.033693
0.033435
0.033204
0.033107
0.033468
0.033091
0.033369
0.033233
0.033047
0.033093
0.033348
0.032967
0.033053
0.032904
0.032703
0.032753
0.033069
0.033465
0.038006
0.062721
0.033527
0.033649
0.033521
0.033544
0.034337
0.035190
0.048249
0.035111
0.032762
0.032752
0.032505
0.032601
0.032907
0.032974
0.033035
0.032769
0.032887
0.032937
0.032918
0.062686
0.032636
0.032767
0.032692
0.032645
0.032673
0.032538
0.033786
0.044971
0.042613
0.042229
0.041871
0.044560
0.046082
0.046428
0.063929
0.046329
0.044392
0.032686
0.032738
0.062137
0.032470
0.032640
0.032520
0.032025
0.032028
0.032149
0.032071
0.032233
0.032102
0.031988
0.032279
0.032129
0.032140
0.056455
0.042545
0.032997
0.032844
0.033426
0.033701
0.062867
0.033048
0.033031
0.054911
0.041404
0.032816
0.033259
0.033242
0.032980
0.032902
0.033210
0.032985
0.033216
0.033220
0.033117
0.033069
0.033069
0.033256
0.033033
0.032917
0.061901
0.032697
0.032437
0.059646
0.032719
0.038822
0.032327
0.032498
0.032439
0.032439
0.032466
0.032417
0.032316
0.035378
0.042101
0.032437
0.032513
0.032466
0.032393
0.032579
0.062195
0.032754
0.032599
0.032970
0.032592
0.032560
0.032554
0.032468
0.032480
0.033744
0.032610
0.032439
0.032590
0.045067
0.036260
0.032494
0.032489
0.032561
0.032171
0.032321
0.061878
0.032186
0.031771
0.041994
0.032038
0.031844
0.031627
0.031648
0.031389
0.031717
0.031282
0.031380
0.031246
0.031454
0.031306
0.031536
0.031310
0.031200
0.030968
0.030955
0.061095
0.030971
0.031043
0.031095
0.039154
0.034033
0.031772
0.031745
0.031974
0.031641
0.039893
0.042714
0.039487
0.032152
0.039055
0.032507
0.031880
0.031950
0.031960
0.032062
0.061996
0.032088
0.032066
0.031895
0.031994
0.031918
0.032065
0.032018
0.032036
0.032172
0.032060
0.032394
0.032233
0.032526
0.032362
0.044009
0.032520
0.032304
0.032184
0.031926
0.061922
0.032340
0.032446
0.032149
0.032203
0.042998
0.032448
0.032116
0.032440
0.032443
0.032405
0.032215
0.032194
0.032277
0.032603
0.032128
0.031916
0.032442
0.032302
0.033340
0.062094
0.032451
0.032542
0.032785
0.032531
0.060038
0.033870
0.031992
0.031940
0.032259
0.032613
0.032285
0.032192
0.032431
0.032647
0.050143
0.033177
0.032836
0.032945
0.032929
0.062897
0.033296
0.033097
0.032877
0.032879
0.032925
0.032794
0.032751
0.032902
0.032585
0.033261
0.032997
0.032935
0.032975
0.032963
0.052230
0.036808
0.032660
0.032535
0.032577
0.061849
0.032226
0.032541
0.032217
0.032090
0.043030
0.032145
0.032219
0.032067
0.031911
0.032231
0.032051
0.031876
0.032078
0.031968
0.032099
0.032105
0.031938
0.031826
0.031802
0.061490
0.031706
0.031836
0.031817
0.031813
0.032304
0.041477
0.041235
0.041468
0.040111
0.032936
0.032722
0.032947
0.032954
0.032885
0.045466
0.042819
0.038994
0.032147
0.032002
0.061557
0.031951
0.031962
0.032244
0.032067
0.032184
0.032010
0.032174
0.032181
0.032172
0.032333
0.032048
0.032191
0.032144
0.032172
0.041703
0.032973
0.032431
0.032196
0.031997
0.061852
0.032016
0.032009
0.031937
0.032011
0.039014
0.032581
0.032058
0.032005
0.032121
0.032022
0.032074
0.032386
0.032451
0.032438
0.032785
0.032691
0.032561
0.032394
0.032564
0.061905
0.032509
0.032571
0.032887
0.032657
0.032450
0.060850
0.032877
0.032913
0.032819
0.033071
0.033003
0.032701
0.032572
0.032805
0.032712
0.041069
0.033089
0.032850
0.032783
0.062832
0.032845
0.032799
0.033000
0.032784
0.032758
0.032757
0.032599
0.032310
0.032201
0.032092
0.032133
0.032099
0.032229
0.032209
0.032080
0.032089
0.034628
0.031677
0.031626
0.061595
0.032156
0.032318
0.032533
0.032721
0.032644
0.049485
0.033545
0.032292
0.031978
0.032166
0.032999
0.032208
0.032104
0.032485
0.032566
0.032293
0.032535
0.032576
0.032485
0.062213
0.032532
0.032650
0.032583
