0.442768
0.039408
0.032113
0.030077
0.030015
0.029974
0.030652
0.030116
0.029951
0.029939
0.029896
0.031851
0.033501
0.029947
0.029875
0.029871
0.029893
0.029965
0.029955
0.029993
0.053662
0.029828
0.042444
0.029878
0.029815
0.029834
0.029817
0.019916
0.029847
0.029825
0.019891
0.029682
0.029751
0.019846
0.048916
0.025956
0.037288
0.030696
0.030633
0.030659
0.019939
0.030701
0.030721
0.030684
0.030717
0.058978
0.038120
0.038198
0.038040
0.042050
0.042000
0.041978
0.042030
0.041979
0.041955
0.042097
0.041846
0.042110
0.041752
0.025882
0.072177
0.066720
0.042753
0.041955
0.041843
0.041677
0.041731
0.041504
0.057215
0.045726
0.052235
0.030868
0.030777
0.030845
0.030810
0.030843
0.030814
0.030537
0.030558
0.030643
0.061351
0.030600
0.030864
0.030576
0.030609
0.030529
0.030562
0.030648
0.052262
0.037665
0.020002
0.019894
0.019915
0.019921
0.019821
0.030684
0.019870
0.030643
0.030543
0.030652
0.081261
0.019927
0.029972
0.019917
0.019885
0.030074
0.029899
0.029840
0.029875
0.029804
0.029802
0.030212
0.030717
0.030342
0.029853
0.029753
0.029854
0.029898
0.029830
0.029795
0.059996
0.029788
0.050411
0.033803
0.029836
0.029687
0.019876
0.029763
0.029708
0.029720
0.029945
0.029809
0.029755
0.046203
0.033509
0.030539
0.030521
0.030470
0.030527
0.030535
0.061190
0.030578
0.030715
0.030613
0.030502
0.030637
0.030594
0.029914
0.029742
0.029789
0.029889
0.029841
0.029874
0.029832
0.053710
0.031199
0.030794
0.030698
0.030538
0.030882
0.060190
0.030535
0.030607
0.030548
0.049356
0.038059
0.037959
0.037889
0.045462
0.059216
0.029881
0.029772
0.029827
0.029909
0.029688
0.029807
0.029790
0.029782
0.029726
0.029796
0.059734
0.029776
0.029826
0.058721
0.038001
0.029832
0.029784
0.029851
0.029806
0.029857
0.029691
0.029803
0.029613
0.030028
0.050784
0.030014
0.029814
0.029907
0.029818
0.029733
0.059651
0.029876
0.029760
0.029771
0.029894
0.029942
0.029911
0.030105
0.030022
0.030410
0.029878
0.030013
0.030582
0.030056
0.030041
0.029958
0.033088
0.030379
0.029980
0.029937
0.061352
0.029944
0.029973
0.029917
0.029835
0.029816
0.037747
0.030121
0.029849
0.029756
0.029858
0.029869
0.029789
0.029809
0.030076
0.029814
0.029892
0.029896
0.029776
0.029847
0.060518
0.034235
0.039859
0.038117
0.038022
0.037917
0.052937
0.032052
0.029880
0.029866
0.029811
0.029906
0.029725
0.029907
0.045501
0.029864
0.029838
0.036451
0.029917
0.030147
0.059987
0.029852
0.029905
0.029882
0.029858
0.029911
0.029961
0.029863
0.029877
0.029793
0.029966
0.030077
0.029940
0.030014
0.029826
0.029853
0.029861
0.029866
0.030685
0.035840
0.060802
0.029768
0.029923
0.029972
0.029867
0.029948
0.030005
0.029995
0.029906
0.043697
0.031030
0.029978
0.029966
0.030015
0.030036
0.029873
0.030140
0.030024
0.030029
0.030276
0.060223
0.030089
0.030047
0.030004
0.029991
0.030063
0.030110
0.030046
0.030027
0.030053
0.029983
0.033319
0.030157
0.030056
0.030113
0.029970
0.030044
0.029971
0.030102
0.030040
0.060541
0.039946
0.030226
0.030045
0.029970
0.030245
0.029986
0.029959
0.029901
0.030029
0.030039
0.030035
0.030020
0.030001
0.030116
0.030052
0.030097
0.030031
0.030101
0.030200
0.060229
0.030320
0.030231
0.045179
0.031485
0.030404
0.030294
0.030360
0.030388
0.030296
0.030345
0.030244
0.030739
0.044896
0.030453
0.030303
0.030376
0.030286
0.030231
0.030356
0.060139
0.030389
0.030199
0.030258
0.030211
0.030419
0.030289
0.030312
0.030351
0.030477
0.030198
0.030276
0.030477
0.030616
0.071074
0.038579
0.030310
0.030694
0.030253
0.030185
0.059791
0.030127
0.030075
0.054607
0.038306
0.038128
0.038117
0.038516
0.041915
0.042010
0.042108
0.042015
0.041923
0.060915
0.067642
0.064268
0.047090
0.030652
0.033367
0.033195
0.069841
0.030149
0.029952
0.029918
0.029965
0.030000
0.029902
0.030023
0.053431
0.030657
0.030216
0.030043
0.030530
0.030038
0.030016
0.030119
0.030014
0.030048
0.030043
0.030051
0.060962
0.030078
0.030408
0.030080
0.029992
0.030016
0.029835
0.030074
0.030212
0.029937
0.052908
0.030065
0.030048
0.030021
0.030012
0.030048
0.030009
0.030073
0.029965
0.029930
0.061568
0.031523
0.029994
0.029953
0.030041
0.030024
0.029963
0.030115
0.029995
0.030024
0.030379
0.030167
0.030006
0.030056
0.030068
0.030086
0.030019
0.029986
0.030005
0.029946
0.060141
0.029960
0.044042
0.030590
0.030148
0.029853
0.030367
0.030051
0.029877
0.029975
0.029900
0.029957
0.029918
0.046352
0.037715
0.030799
0.030592
0.030028
0.030085
0.029994
0.060756
0.029915
0.029864
0.030057
0.029954
0.029901
0.029929
0.029884
0.029943
0.029930
0.029870
0.030048
0.029915
0.029893
0.034854
0.034383
0.029896
0.030038
0.031058
0.039349
0.064250
0.029911
0.030169
0.030086
0.035788
0.031255
0.029878
0.029948
0.029926
0.029920
0.030051
0.029927
0.030032
0.029883
0.030003
0.029895
0.029975
0.030037
0.030095
0.030056
0.060324
0.029971
0.029942
0.029915
0.029984
0.030030
0.056249
0.030437
0.030080
0.030072
0.030184
0.030007
0.029975
0.029978
0.030173
0.030084
0.030032
0.037874
0.030419
0.029916
0.059777
0.030964
0.030795
0.030782
0.030985
0.030725
0.030849
0.030736
0.030757
0.030777
0.030790
0.030795
0.030801
0.030709
0.030757
0.030689
0.030911
0.031269
0.031020
0.034335
0.070932
0.039031
0.050128
0.061304
0.030845
0.030701
0.041172
0.030958
0.030798
0.030708
0.031419
0.031546
0.030765
0.030807
0.030954
0.030754
0.030981
0.030838
0.030882
0.030823
0.061236
0.031211
0.030871
0.030809
0.030421
0.030026
0.029959
0.037534
0.034501
0.030085
0.030010
0.030125
0.030134
0.030045
0.030038
0.030074
0.029928
0.030011
0.053693
0.030379
0.060348
0.030097
0.030062
0.030045
0.030089
0.030040
0.030270
0.030330
0.030033
0.030197
0.030020
0.030162
0.030118
0.029979
0.030139
0.030073
0.029877
0.029996
0.030060
0.034405
0.069721
0.037906
0.038072
0.042042
0.042134
0.040433
0.032445
0.031037
0.059278
0.039551
0.042349
0.042162
0.042021
0.042042
0.042120
0.037605
0.037351
0.031502
0.030940
0.030910
0.061627
0.030802
0.030915
0.030840
0.030943
0.030833
0.052153
0.037912
0.030914
0.030849
0.030913
0.030931
0.030823
0.030723
0.030954
0.030654
0.049470
0.036473
0.029877
0.030028
0.060805
0.030005
0.029852
0.030012
0.030039
0.029945
0.030045
0.029925
0.030640
0.030015
0.029944
0.030078
0.030033
0.030050
0.030103
0.029927
0.029976
0.029907
0.045054
0.034376
0.059625
0.030024
0.029841
0.030006
0.030005
0.029993
0.029994
0.029990
0.033341
0.032971
0.030090
0.030398
0.029988
0.029947
0.029939
0.029831
0.030072
0.029960
0.030002
0.030004
0.060061
0.029938
0.030020
0.030158
0.030030
0.029953
0.029940
0.030048
0.030040
0.029951
0.046537
0.030520
0.030011
0.029928
0.029995
0.029848
0.029896
0.029969
0.029874
0.030034
0.061159
0.033084
0.030119
0.029966
0.030008
0.029999
0.030106
0.030036
0.029923
0.030043
0.030049
0.030045
0.029969
0.030037
0.030061
0.029964
0.030085
0.029938
0.030008
0.030014
0.059628
0.029967
0.033306
0.038851
0.030069
0.029902
0.029998
0.029900
0.030087
0.029966
0.030019
0.029970
0.030540
0.038991
0.038236
0.030407
0.036475
0.035784
0.030063
0.030057
0.060300
0.030110
0.030147
0.030095
0.029942
0.030062
0.030133
0.030080
0.029965
0.029982
0.030034
0.030131
0.030016
0.053863
0.038807
0.038293
0.036656
0.029970
0.030134
0.030127
0.060638
0.030054
0.049838
0.032518
0.030164
0.030167
0.030305
0.030732
0.031052
0.030996
0.031077
0.031087
0.031241
0.031164
0.031233
0.031091
0.031107
0.030936
0.031110
0.031115
0.060882
0.030635
0.030505
0.030530
0.051434
0.030563
0.030505
0.030510
0.030481
0.030464
0.030396
0.030391
0.030411
0.030204
0.030650
0.038147
0.030767
0.030414
0.030531
0.030346
0.060754
0.030106
0.030244
0.030369
0.030336
0.030167
0.030418
0.030268
0.030440
0.030322
0.030174
0.030303
0.030177
0.030289
0.030350
0.030356
0.042875
0.030632
0.030341
0.030324
0.060876
0.030148
0.030235
0.030094
0.030200
0.030405
0.033551
0.032567
0.030240
0.038571
0.038393
0.038596
0.030421
0.030197
0.030147
0.030194
0.030249
0.030112
0.030379
0.030314
0.059988
0.030252
0.030284
0.030195
0.030224
0.030185
0.030146
0.050773
0.039505
0.039150
0.031122
0.031032
0.030993
0.032661
0.031094
0.031042
0.048784
0.031163
0.030367
0.030362
0.060639
0.030275
0.030291
0.030211
0.036035
0.038862
0.030797
0.030832
0.030917
0.031000
0.030932
0.031374
0.030759
0.030744
0.030887
0.030885
0.030833
0.051437
0.031003
0.030853
0.061278
0.030951
0.030880
0.030893
0.031060
0.030712
0.030129
0.038958
0.030773
0.030114
0.029996
0.029932
0.030076
0.029996
0.030026
0.030038
0.030156
0.030084
0.030102
0.030101
0.059743
0.030241
0.029988
0.030058
0.029966
0.030004
0.030006
0.029948
0.033049
0.031835
0.029938
0.029850
0.030009
0.029890
0.029981
0.030090
0.029957
0.029911
0.030046
0.048243
0.061506
0.030198
0.030170
0.030088
0.030115
0.030050
0.030053
0.030085
0.030008
0.030076
0.030072
0.030072
0.029997
0.030127
0.030079
0.030103
0.030255
0.030112
0.030161
0.030165
0.061964
0.032847
0.030280
0.030294
0.030287
0.030242
0.030245
0.030236
0.030411
0.030258
0.030293
0.044299
0.050013
0.032973
0.030468
0.030246
0.030194
0.030227
0.030353
0.030354
0.059950
0.030386
0.030370
0.030245
0.030250
0.030223
0.030450
0.030531
0.030277
0.030230
0.030242
0.030220
0.035196
0.039387
0.038708
0.042713
0.042249
0.042518
0.068705
0.072457
0.068232
0.030489
0.030513
0.030610
0.030218
0.030258
0.030268
0.030227
0.030375
0.030102
0.030275
0.038670
0.039127
0.038248
0.039494
0.030997
0.030357
0.030181
0.030200
0.032108
0.064193
0.030285
0.030353
0.030421
0.030271
0.030289
0.030318
0.030317
0.030322
0.031035
0.036555
0.030482
0.030348
0.030216
0.030381
0.030344
0.030309
0.030243
0.030379
0.030220
0.060020
0.031001
0.030337
0.030180
0.030220
0.030228
0.030174
0.030399
0.030211
0.030148
0.030198
0.054886
0.038599
0.038465
0.038483
0.036352
0.034289
0.030921
0.030395
0.030312
0.077209
0.030987
0.030230
0.030358
0.030234
0.030397
0.030763
0.030271
0.030234
0.030283
0.030383
0.030185
0.030354
0.030854
0.030256
0.030046
0.030213
0.030126
0.030207
0.030126
0.060731
0.030104
0.042146
0.030117
0.030154
0.030050
0.030087
0.030124
0.030114
0.030139
0.030141
0.029950
0.043256
0.037373
0.030259
0.030583
0.030103
0.029932
0.030222
0.030132
0.059608
0.029967
0.029956
0.029886
0.030028
0.030066
0.029998
0.030202
0.029939
0.029962
0.030100
0.030057
0.030147
0.030132
0.043518
0.030177
0.030025
0.030019
0.030004
0.030411
0.060481
0.030129
0.029980
0.050172
0.036423
0.030074
0.030034
0.030033
0.030026
0.029971
0.030044
0.029998
0.030029
0.030149
0.030148
0.030129
0.030006
0.029984
0.030200
0.030095
0.060494
0.039282
0.039390
0.038186
0.040123
0.030493
0.030058
0.029892
0.029897
0.030114
0.029918
0.029895
0.030078
0.030029
0.029954
0.055768
0.038159
0.038080
0.038110
0.053071
0.077516
0.031653
0.029938
0.030019
0.030054
0.030031
0.030052
0.030065
0.029983
0.019949
0.019957
0.020011
0.019955
0.019997
0.019939
0.020219
0.020052
0.026270
0.020501
0.020121
0.019903
0.019944
0.020015
0.019846
0.019955
0.019893
0.019897
0.019849
0.020002
0.019958
0.019881
0.019984
0.021026
0.025787
0.020346
0.020082
0.019912
0.019961
0.019957
0.020020
0.019973
0.020023
0.019901
0.019978
0.019898
0.019991
0.019991
0.019982
0.020006
0.020067
0.019996
0.020054
0.020128
0.019959
0.019952
0.019990
0.019950
0.019917
0.019997
0.020036
0.019984
0.020013
0.019941
0.029915
0.040791
0.038283
0.035708
0.029887
0.029963
0.029953
0.029981
0.029939
0.030165
0.030304
0.019998
0.039277
0.020368
0.019869
0.019840
0.019952
0.019966
0.020051
0.020296
0.019835
0.019884
0.019880
0.019838
0.019906
0.019883
0.019905
0.019841
0.019988
0.019969
0.019890
0.025990
0.025741
0.025831
0.025932
0.025856
0.025871
0.036979
0.025862
0.054175
0.026430
0.025862
0.025789
0.026010
0.025913
0.025805
0.025928
0.025963
0.025879
0.025882
0.025955
0.026410
0.049384
0.023574
0.019994
0.020077
0.020015
0.021227
0.020145
0.020159
0.020012
0.025938
0.025921
0.025827
0.025769
0.025932
0.025877
0.025742
0.025743
0.025972
0.042982
0.028013
0.019977
0.020109
0.020175
0.020160
0.022832
0.023555
0.026067
0.022604
0.019959
0.019907
0.019999
0.019899
0.021081
0.020150
0.020099
0.027058
0.026410
0.026404
0.026055
0.026054
0.025898
0.025850
0.025870
0.035656
0.025744
0.026003
0.025635
0.025805
0.025921
0.022283
0.020482
0.020403
0.020396
0.019820
0.019764
0.019758
0.019806
0.019789
0.019850
0.019853
0.019921
0.023093
0.023601
0.030122
0.019976
0.019919
0.019809
0.019940
0.019876
0.019889
0.019861
0.019852
0.019937
0.019935
0.019999
0.020194
0.020061
0.019854
0.019937
0.019948
0.019861
0.019891
0.019849
0.019892
0.019917
0.019872
0.019916
0.019952
0.019910
0.019918
0.019942
0.019917
0.019872
0.019907
0.019919
0.019885
0.019933
0.019995
0.019974
0.020021
0.019901
0.019915
0.019943
0.021806
0.023525
0.020151
0.019956
0.019946
0.019943
0.019892
0.019883
0.019948
0.019887
0.019855
0.019919
0.019941
0.020158
0.020004
0.025424
0.020230
0.019913
0.019853
0.019849
0.019881
0.019815
0.019857
0.019835
0.019829
0.019849
0.019773
0.019832
0.019785
0.019858
0.019920
0.019994
0.019840
0.019913
0.019916
0.019824
0.019828
0.019846
0.019924
0.019809
0.019872
0.019878
0.019882
0.019845
0.019896
0.019861
0.019869
0.021971
