0.487774
0.030349
0.031475
0.030563
0.030692
0.030250
0.030176
0.044352
0.033169
0.030408
0.029812
0.029873
0.029730
0.029858
0.029924
0.029798
0.029911
0.029843
0.029909
0.029948
0.053426
0.029749
0.030043
0.029821
0.029788
0.029915
0.029752
0.029739
0.030043
0.053050
0.033656
0.029783
0.029672
0.019842
0.019991
0.020057
0.020025
0.019902
0.019863
0.034475
0.026238
0.029794
0.020006
0.029825
0.029946
0.029834
0.029901
0.029892
0.029836
0.030675
0.030036
0.019985
0.019873
0.029911
0.019953
0.020096
0.019830
0.019974
0.019853
0.019833
0.069418
0.029923
0.029897
0.029869
0.041546
0.031016
0.029898
0.029869
0.029935
0.029958
0.029962
0.029828
0.029746
0.029825
0.029818
0.022666
0.037409
0.029871
0.019892
0.019868
0.059407
0.029928
0.029863
0.029911
0.029959
0.029778
0.029897
0.029942
0.029885
0.029839
0.029923
0.029937
0.030506
0.029907
0.030127
0.029813
0.029979
0.030093
0.040884
0.035352
0.059986
0.030093
0.030075
0.030283
0.030081
0.030133
0.030286
0.020349
0.030491
0.040003
0.030879
0.030303
0.020316
0.030397
0.030225
0.030158
0.030081
0.030185
0.029994
0.030038
0.059842
0.029974
0.030014
0.029916
0.029931
0.029953
0.030016
0.030037
0.030099
0.030019
0.030091
0.037086
0.034542
0.029810
0.029994
0.029893
0.029969
0.029835
0.029999
0.029958
0.059623
0.034971
0.037266
0.030568
0.029883
0.019832
0.019851
0.019725
0.019970
0.019978
0.019903
0.019836
0.019816
0.019850
0.019952
0.029858
0.029804
0.030003
0.019982
0.045153
0.107618
0.029833
0.029879
0.029767
0.029845
0.029777
0.029688
0.029777
0.029868
0.029736
0.033122
0.032338
0.029846
0.019911
0.019831
0.019851
0.019818
0.019892
0.019966
0.019925
0.019866
0.019923
0.019942
0.019850
0.019854
0.019827
0.019944
0.019899
0.019848
0.019882
0.029882
0.029873
0.029902
0.029826
0.029849
0.029789
0.029933
0.029820
0.051787
0.031387
0.059608
0.029869
0.029945
0.030123
0.029871
0.029793
0.029909
0.029796
0.030309
0.037405
0.020309
0.045238
0.029973
0.029883
0.045164
0.029795
0.029833
0.029861
0.029873
0.029768
0.059824
0.029947
0.029920
0.029934
0.029848
0.029890
0.029935
0.029804
0.029864
0.029826
0.032719
0.037270
0.030055
0.029942
0.029890
0.029979
0.029835
0.029876
0.029779
0.029879
0.059316
0.041856
0.030445
0.029804
0.029936
0.029906
0.029880
0.029924
0.030030
0.029780
0.029848
0.029742
0.029939
0.029855
0.029840
0.029771
0.029945
0.029846
0.030341
0.029752
0.059719
0.029852
0.031396
0.036429
0.036512
0.029965
0.029890
0.029876
0.029914
0.029880
0.029802
0.029847
0.029816
0.029854
0.042182
0.033807
0.029977
0.029798
0.029832
0.029867
0.061002
0.030028
0.030027
0.029940
0.030437
0.029940
0.029930
0.029917
0.029905
0.030038
0.030139
0.029944
0.029875
0.029880
0.029979
0.029857
0.057555
0.038639
0.037939
0.037960
0.059928
0.030085
0.030003
0.029928
0.044034
0.038996
0.037981
0.041997
0.050029
0.050318
0.029995
0.033058
0.029928
0.029937
0.029936
0.029915
0.029998
0.029787
0.029974
0.029895
0.059678
0.029850
0.029920
0.029887
0.036981
0.039779
0.038229
0.038008
0.038062
0.040774
0.044684
0.057803
0.036284
0.031013
0.019952
0.020154
0.019936
0.019827
0.019882
0.019972
0.019966
0.019814
0.019861
0.019921
0.019824
0.019821
0.019877
0.019852
0.019861
0.019873
0.019862
0.019856
0.019864
0.020022
0.019863
0.019845
0.019896
0.019834
0.019805
0.019803
0.019874
0.019998
0.019917
0.019893
0.023749
0.023226
0.020065
0.019921
0.019778
0.019808
0.019814
0.020163
0.019866
0.019875
0.019886
0.019878
0.019817
0.019838
0.019835
0.019836
0.024437
0.022256
0.020102
0.019840
0.019871
0.019891
0.019830
0.019837
0.019794
0.019821
0.019833
0.019833
0.019757
0.019824
0.020009
0.019828
0.019800
0.019764
0.019911
0.019882
0.019956
0.020315
0.020077
0.019992
0.019922
0.021966
0.021394
0.019993
0.019934
0.019888
0.019967
0.019952
0.023846
0.029697
0.020519
0.019869
0.019849
0.019836
0.019910
0.019935
0.019926
0.019910
0.019815
0.019884
0.019859
0.019888
0.019850
0.022353
0.026559
0.025860
0.025747
0.025633
0.025707
0.025817
0.025737
0.025857
0.025736
0.025829
0.025815
0.025798
0.025964
0.020762
0.020754
0.020702
0.020274
0.020287
0.020165
0.020244
0.020232
0.020228
0.020185
0.020549
0.020419
0.020397
0.020343
0.019715
0.023166
0.023609
0.020228
0.019799
0.019794
0.019778
0.019781
0.019770
0.019783
0.019746
0.019811
0.019787
0.019775
0.019909
0.019772
0.019973
0.023128
0.019981
0.019721
0.019781
0.019756
0.019897
0.019858
0.019866
0.019815
0.019793
0.019823
0.019838
0.019753
0.019820
0.019823
0.019900
0.019840
0.019960
0.020128
0.019865
0.019797
0.019824
0.019860
0.019817
0.019854
0.019736
0.019769
0.019711
0.019753
0.019826
0.019903
0.019842
0.024664
0.022283
0.019958
0.019839
0.019893
0.020258
0.019877
0.019857
0.019893
0.019854
0.019845
0.019804
0.019808
0.019853
0.019901
0.019855
0.025233
0.022639
0.019912
0.019905
0.019841
0.019855
0.020250
0.019858
0.019833
0.019887
0.019850
0.019775
0.019723
0.019799
0.019789
0.019989
0.019748
0.019791
0.019788
0.019765
0.019793
0.019759
0.019859
0.019728
0.019750
0.019848
0.019780
0.019921
0.019806
0.019965
0.019865
0.019843
0.020960
0.026055
0.020444
0.019862
0.019790
0.019795
0.019794
0.019815
0.019817
0.019855
0.019865
0.019856
0.019896
0.019857
0.019888
0.019870
0.037739
0.026664
0.019868
0.019834
0.019832
0.019915
0.019827
0.019803
0.019813
0.019826
0.019877
0.019771
0.019783
0.019746
0.019759
0.019838
0.019773
0.020799
0.019902
0.019789
0.019722
0.019965
0.019797
0.019865
0.019788
0.019799
0.019784
0.019836
0.019877
0.019900
0.019927
0.019971
0.021696
0.025817
0.021555
0.019819
0.019868
0.019819
0.019870
0.020148
0.019917
0.019843
0.019879
0.019855
0.019856
0.019837
0.019833
0.019850
0.021352
0.025591
0.022648
0.019818
0.019896
0.019841
0.019873
0.019880
0.019850
0.019835
0.019865
0.019964
0.019915
0.019906
0.019905
0.019914
0.019891
0.019842
0.019870
0.019817
0.019887
0.019967
0.019838
0.019866
0.019837
0.025115
0.025725
0.023764
0.019871
0.019816
0.020056
0.019900
0.020137
0.025671
0.023424
0.019894
0.019904
0.019807
0.019871
0.019779
0.019815
0.019876
0.019880
0.019861
0.019779
0.019843
0.019783
0.019848
0.019912
0.025549
0.024385
0.019982
0.019920
0.019892
0.019848
0.019825
0.019789
0.019895
0.019821
0.019819
0.019851
0.019765
0.019892
0.019840
0.019832
0.019850
0.019830
0.019875
0.019856
0.019982
0.019834
0.019873
0.019828
0.019805
0.019775
0.019883
0.019794
0.019757
0.019898
0.019786
0.021298
0.025795
0.022261
0.019864
0.019931
0.019866
0.019802
0.019884
0.019887
0.019872
0.019901
0.019813
0.019882
0.019868
0.019852
0.019837
0.020310
0.025558
0.023814
0.019769
0.019814
0.019881
0.019854
0.019861
0.019814
0.019920
0.019910
0.019826
0.019964
0.019866
0.019899
0.019889
0.019788
0.019796
0.019796
0.020044
0.019843
0.019834
0.019851
0.020026
0.019910
0.019853
0.019835
0.019843
0.019812
0.019824
0.019877
0.019809
0.023443
0.023868
0.020071
0.019881
0.019937
0.019837
0.019793
0.019882
0.019877
0.019881
0.019858
0.019910
0.019819
0.019886
0.019911
0.019840
0.022553
0.024595
0.020516
0.019859
0.019849
0.019893
0.019891
0.019831
0.019924
0.019871
0.019788
0.019901
0.019831
0.019835
0.019772
0.019847
0.019880
0.019786
0.019921
0.019772
0.019861
0.019885
0.019911
0.019915
0.019973
0.019883
0.019892
0.019923
0.019879
0.019822
0.019917
0.019891
0.019873
0.023511
0.023897
0.020046
0.019865
0.020343
0.020374
0.019987
0.019889
0.019910
0.019871
0.019841
0.019828
0.019908
0.019861
0.019842
0.019877
0.023138
0.022546
0.020078
0.019910
0.019903
0.019928
0.019872
0.019904
0.019955
0.019857
0.019892
0.019917
0.019941
0.019906
0.019920
0.019889
0.019867
0.019904
0.019892
0.019869
0.019946
0.019912
0.019855
0.019963
0.019841
0.019884
0.019960
0.019913
0.019858
0.019936
0.019868
0.019922
0.019952
0.025788
0.024633
0.020379
0.019859
0.019886
0.019967
0.019947
0.019925
0.019920
0.019888
0.019908
0.019892
0.019920
0.019890
0.019933
0.020314
0.025565
0.020283
0.019906
0.019949
0.019903
0.019864
0.019847
0.019932
0.019917
0.019920
0.020080
0.019949
0.019865
0.019871
0.019835
0.029921
0.029911
0.029750
0.029927
0.029886
0.029896
0.029828
0.059963
0.029907
0.030006
0.029920
0.041560
0.030071
0.029808
0.029985
0.029875
0.029736
0.029808
0.029796
0.029904
0.029804
0.029895
0.049350
0.030627
0.029832
0.030261
0.029862
0.059384
0.029732
0.029914
0.029852
0.029929
0.029818
0.029901
0.029788
0.029843
0.029925
0.029869
0.029949
0.029866
0.029843
0.029887
0.029846
0.047965
0.030219
0.029882
0.029950
0.060311
0.029773
0.029887
0.029855
0.029878
0.029841
0.046465
0.038992
0.038178
0.034437
0.029915
0.029943
0.029830
0.029911
0.029850
0.029881
0.030085
0.029945
0.030032
0.029854
0.060904
0.029768
0.030049
0.029937
0.029849
0.029941
0.029739
0.029922
0.042642
0.035765
0.029948
0.029921
0.029890
0.029862
0.029893
0.030147
0.029926
0.029934
0.052339
0.034063
0.059461
0.030204
0.029961
0.029894
0.030011
0.029950
0.029944
0.029891
0.030013
0.029899
0.029956
0.029915
0.029970
0.029939
0.030016
0.029930
0.030034
0.029932
0.030020
0.029822
0.083881
0.038139
0.036831
0.030502
0.033363
0.038518
0.038006
0.038249
0.058207
0.038587
0.037953
0.033706
0.030927
0.051167
0.029821
0.029960
0.029775
0.029940
0.029941
0.029906
0.059263
0.029835
0.029984
0.029904
0.029893
0.029874
0.030007
0.029862
0.029849
0.043744
0.035936
0.030020
0.029978
0.030384
0.030081
0.029996
0.029989
0.030034
0.029892
0.029978
0.066523
0.029935
0.030613
0.029888
0.029855
0.029851
0.029799
0.029921
0.029876
0.029860
0.029855
0.029785
0.029835
0.029863
0.029850
0.029805
0.029964
0.029788
0.029923
0.029945
0.059596
0.037537
0.038346
0.038063
0.038224
0.039567
0.041995
0.041931
0.041939
0.042073
0.042532
0.042381
0.056087
0.030855
0.030879
0.030902
0.030996
0.030906
0.030877
0.032290
0.061917
0.029948
0.031565
0.029926
0.030010
0.029992
0.030036
0.029919
0.029998
0.029850
0.034574
0.029910
0.029895
0.029884
0.029921
0.029941
0.030004
0.029891
0.029963
0.030029
0.061676
0.038476
0.038040
0.030042
0.029824
0.029924
0.029913
0.029840
0.029813
0.030043
0.029908
0.029889
0.029943
0.029855
0.029866
0.029776
0.029871
0.029870
0.029949
0.030334
0.060052
0.029924
0.046608
0.031604
0.029921
0.030027
0.029851
0.029882
0.029862
0.030053
0.029793
0.030001
0.033289
0.035725
0.029936
0.030069
0.030126
0.030016
0.029849
0.029958
0.059526
0.029826
0.030095
0.029914
0.029877
0.029941
0.030005
0.029856
0.030057
0.029841
0.029926
0.029930
0.029930
0.029887
0.054875
0.030939
0.030029
0.029885
0.029976
0.029941
0.060158
0.029935
0.030081
0.030166
0.030917
0.035583
0.030078
0.029877
0.029894
0.030128
0.029894
0.029919
0.029933
0.029905
0.029974
0.029867
0.030068
0.029964
0.029887
0.029843
0.060163
0.029859
0.029934
0.030061
0.029874
0.029942
0.029875
0.033603
0.029933
0.029960
0.029992
0.030138
0.030116
0.030354
0.029875
0.029915
0.037579
0.032209
0.030205
0.029791
0.059849
0.029759
0.029844
0.029818
0.029840
0.029778
0.029823
0.029843
0.030022
0.029828
0.029971
0.029875
0.029896
0.029864
0.029840
0.029898
0.029964
0.029907
0.035912
0.031124
0.060604
0.029900
0.029872
0.029923
0.029975
0.030050
0.029903
0.029937
0.032782
0.032692
0.029961
0.029942
0.029907
0.029971
0.029934
0.029912
0.030097
0.030072
0.030031
0.029999
0.060054
0.029937
0.029886
0.029946
0.029974
0.029832
0.029872
0.029889
0.029881
0.029909
0.032353
0.038913
0.037942
0.038059
0.038185
0.041755
0.041983
0.041944
0.041770
0.058711
0.072375
0.045631
0.064039
0.031040
0.030210
0.030331
0.030276
0.030393
0.030112
0.030197
0.029955
0.029951
0.029860
0.029880
0.029968
0.030376
0.030023
0.029819
0.059676
0.030728
0.059935
0.029886
0.029952
0.029893
0.030062
0.030054
0.030004
0.029962
0.050380
0.030278
0.030059
0.029887
0.029949
0.029978
0.029895
0.029822
0.030080
0.029941
0.029906
0.029893
0.059156
0.030008
0.029799
0.029876
0.029813
0.029938
0.029876
0.030061
0.029835
0.029844
0.051121
0.030276
0.029886
0.029904
0.030047
0.029925
0.029935
0.029933
0.030028
0.029991
0.061812
0.030580
0.029872
0.029940
0.030232
0.029945
0.029944
0.029968
0.029968
0.029997
0.029968
0.029851
0.029938
0.030040
0.029886
0.029842
0.029936
0.029858
0.029887
0.029840
0.060751
0.029978
0.051992
0.030373
0.030172
0.030302
0.030035
0.030012
0.052504
0.048456
0.030164
0.030044
0.050823
0.030288
0.030009
0.029874
0.029912
0.029795
0.029911
0.029836
0.059951
0.029838
0.029912
0.029778
0.029783
0.029984
0.029837
0.029852
0.029790
0.029846
0.029954
0.029921
0.029963
0.030017
0.037080
0.031748
0.029882
0.029852
0.029997
0.029900
0.059294
0.029992
0.029923
0.029909
0.030123
0.033303
0.030057
0.029856
0.029831
0.029941
0.029954
0.029947
0.030037
0.029989
0.033745
0.039650
0.030848
0.029921
0.029926
0.029907
0.059350
0.029805
0.029851
0.029829
0.029895
0.030009
0.035176
0.038683
0.038097
0.038246
0.038082
0.041706
0.042081
0.042078
0.041858
0.039719
0.045650
0.040130
0.030185
0.030214
0.060815
0.030115
0.030409
0.030221
0.030197
0.029954
0.029944
0.029858
0.029837
0.030074
0.029877
0.029920
0.030357
0.029780
0.029812
0.030023
0.059581
0.038041
0.037753
0.038012
0.072623
0.041979
0.042198
0.053893
0.044655
0.042197
0.042271
0.065123
0.067286
0.049616
0.030265
0.030562
0.030079
0.030165
0.030146
0.030118
0.030112
0.030108
0.030065
0.029881
0.059652
0.036209
0.030152
0.029918
0.029897
0.029829
0.029845
0.029931
0.029922
0.029999
0.030696
0.029962
0.042273
0.030480
0.029951
0.029854
0.030053
0.029995
0.029887
0.029928
0.060216
0.029807
0.029924
0.029829
0.029961
0.030255
0.029894
0.029882
0.029921
0.029937
0.029910
0.029918
0.029986
0.029925
0.033222
0.032226
0.030105
0.029951
0.030001
0.030025
0.060516
0.030001
0.029939
0.030156
0.029975
0.038893
0.030879
0.030002
0.029966
0.029984
0.029929
0.029911
0.029973
0.030056
0.029983
0.029918
0.029907
0.029861
0.030021
0.029799
0.061646
0.031084
0.029937
0.030034
0.029871
0.030014
0.030325
0.036357
0.031192
0.029973
0.029877
0.029967
0.029877
0.029898
0.029916
0.029936
0.029940
0.029924
0.035095
0.038726
0.067034
0.029898
0.029913
0.030127
0.030157
0.030082
0.030043
0.029931
0.029946
0.029948
0.030109
0.029972
0.030112
0.029912
0.029901
0.029948
0.029950
0.029964
0.030080
0.030090
0.071563
0.029940
0.030004
0.029984
0.029921
0.029920
0.030053
0.029987
0.029970
0.029874
0.032905
0.033345
0.030009
0.029990
0.029958
0.029948
0.029918
0.029906
0.029949
0.030108
0.060106
0.030126
0.030118
0.029926
0.030000
0.030071
0.029921
0.030042
0.029992
0.029953
0.029954
0.029923
0.030117
0.033502
0.029937
0.029892
0.029912
0.029918
0.029947
0.029961
0.059702
0.029998
0.029979
0.039941
0.030356
0.029969
0.030126
0.029992
0.029946
0.029904
0.029997
0.029816
0.029900
0.029918
0.029969
0.030040
0.029869
0.019972
0.019952
0.030017
0.059477
0.030011
0.029971
0.029876
0.019995
0.019963
0.020197
0.023468
0.020133
0.020007
0.019960
0.020000
0.019998
0.020024
0.019975
0.019963
0.019969
0.019951
0.019965
0.019974
0.020007
0.020006
0.022026
0.024892
