0.433155
0.031172
0.030055
0.030168
0.030068
0.030081
0.029989
0.029989
0.029949
0.030092
0.029897
0.029925
0.029943
0.029744
0.029829
0.029829
0.029900
0.029823
0.029922
0.053921
0.054767
0.029732
0.029838
0.029683
0.029720
0.029752
0.029649
0.029649
0.029836
0.029726
0.039455
0.032535
0.029608
0.029711
0.029723
0.029691
0.029932
0.019878
0.019839
0.019802
0.019861
0.019856
0.019816
0.019823
0.029792
0.029806
0.030107
0.029973
0.029898
0.029866
0.029999
0.029994
0.030105
0.030545
0.030185
0.049860
0.033375
0.020246
0.020162
0.020181
0.020188
0.020250
0.030088
0.030271
0.020267
0.030008
0.020092
0.020038
0.020108
0.025987
0.025084
0.020012
0.020107
0.020193
0.020045
0.019983
0.029916
0.029965
0.030158
0.029927
0.020034
0.020042
0.019979
0.019954
0.019920
0.019974
0.019847
0.019912
0.029978
0.020082
0.019990
0.020076
0.020251
0.020086
0.019951
0.020023
0.019879
0.020028
0.019973
0.024484
0.024114
0.020599
0.020041
0.019975
0.019956
0.019992
0.019959
0.019986
0.020069
0.020081
0.020033
0.030139
0.019982
0.020055
0.020338
0.026512
0.020468
0.020215
0.020116
0.020107
0.020109
0.020041
0.029953
0.029968
0.030096
0.029966
0.020266
0.020149
0.030047
0.030148
0.030091
0.030025
0.030114
0.030108
0.030123
0.030181
0.030475
0.030259
0.030254
0.030155
0.064177
0.030386
0.029936
0.030666
0.030761
0.030118
0.029866
0.029970
0.029887
0.029845
0.029977
0.040082
0.030270
0.029786
0.029878
0.029887
0.029859
0.029979
0.029865
0.029727
0.059687
0.029776
0.029784
0.029842
0.029918
0.029757
0.029800
0.029705
0.029987
0.029796
0.029907
0.029880
0.029772
0.033003
0.031839
0.029788
0.030006
0.029912
0.029761
0.029760
0.059815
0.029778
0.029839
0.029861
0.040752
0.030668
0.029788
0.029784
0.029825
0.029859
0.029773
0.030625
0.029655
0.029737
0.029691
0.029817
0.029736
0.029751
0.041258
0.030848
0.059505
0.029860
0.029807
0.029888
0.029930
0.049778
0.034536
0.029722
0.029874
0.029780
0.029746
0.029772
0.029807
0.029781
0.029902
0.029773
0.032921
0.032783
0.029847
0.029891
0.059877
0.030187
0.030030
0.029932
0.030127
0.030104
0.030135
0.029898
0.030069
0.030040
0.030102
0.029975
0.029921
0.030018
0.029973
0.029958
0.030122
0.029900
0.042724
0.033556
0.059514
0.029897
0.029837
0.029881
0.029850
0.030036
0.029886
0.030106
0.036485
0.034512
0.030233
0.030009
0.030185
0.029982
0.030071
0.030159
0.030025
0.030010
0.029951
0.030021
0.059856
0.030008
0.030036
0.030026
0.030134
0.030593
0.030149
0.030187
0.030172
0.030116
0.038282
0.030795
0.030159
0.030080
0.030220
0.030082
0.030224
0.030075
0.030126
0.030701
0.060832
0.033036
0.029821
0.029734
0.029842
0.029766
0.029761
0.029872
0.029732
0.029826
0.029765
0.029708
0.029739
0.029851
0.029736
0.029736
0.029711
0.029810
0.029899
0.029878
0.059596
0.029756
0.035291
0.031738
0.029860
0.029906
0.029944
0.029821
0.029907
0.029965
0.029840
0.030095
0.030074
0.031399
0.036118
0.030312
0.030069
0.030261
0.030153
0.030256
0.059772
0.030206
0.030311
0.030229
0.030157
0.030474
0.030129
0.030195
0.030115
0.030100
0.030306
0.030195
0.030217
0.030200
0.030168
0.030257
0.046153
0.037769
0.030235
0.030156
0.059906
0.029972
0.029904
0.029980
0.029907
0.029797
0.039241
0.029813
0.029826
0.029884
0.029853
0.029925
0.029836
0.029970
0.029933
0.029904
0.029795
0.030137
0.030008
0.030066
0.059549
0.029983
0.029918
0.030068
0.029926
0.029977
0.030011
0.030021
0.049211
0.031850
0.029966
0.029825
0.029979
0.029932
0.030016
0.029958
0.030102
0.029956
0.030007
0.037440
0.067417
0.030057
0.029976
0.029988
0.030246
0.030033
0.030490
0.030012
0.030029
0.030145
0.030050
0.029911
0.030506
0.030149
0.030168
0.030050
0.030041
0.030057
0.030327
0.030155
0.060602
0.038116
0.030280
0.030359
0.030294
0.030252
0.030272
0.030376
0.030245
0.030234
0.030128
0.049533
0.034490
0.030191
0.031044
0.030954
0.030188
0.030097
0.030206
0.030275
0.060006
0.030129
0.030040
0.029996
0.030096
0.029993
0.029988
0.030525
0.030061
0.029877
0.029791
0.029802
0.030035
0.032160
0.029824
0.029737
0.029876
0.029787
0.029895
0.029752
0.059575
0.029893
0.029777
0.037866
0.030344
0.030110
0.029817
0.029959
0.029862
0.029805
0.029880
0.029715
0.029867
0.029960
0.029935
0.029963
0.029817
0.029831
0.029835
0.029961
0.059731
0.030120
0.030166
0.030034
0.030049
0.033763
0.039305
0.038369
0.031177
0.030128
0.030294
0.030389
0.030267
0.030285
0.030245
0.051077
0.040026
0.039315
0.039279
0.039316
0.070055
0.053436
0.030717
0.030879
0.030975
0.030947
0.030920
0.030922
0.030905
0.030945
0.031026
0.031053
0.031036
0.031060
0.031131
0.041853
0.037963
0.030997
0.031059
0.030884
0.061262
0.030845
0.030982
0.030687
0.030740
0.039645
0.030749
0.030597
0.030621
0.030688
0.030741
0.030872
0.030732
0.030761
0.030868
0.030751
0.030718
0.030740
0.030793
0.030759
0.060449
0.030807
0.030843
0.030792
0.030864
0.031006
0.044807
0.030723
0.030181
0.030190
0.030101
0.030012
0.030107
0.029980
0.030091
0.030049
0.030026
0.032329
0.033648
0.030132
0.060082
0.030063
0.030463
0.030257
0.030112
0.039286
0.042045
0.030164
0.030213
0.030327
0.030184
0.030079
0.030136
0.030073
0.030064
0.030081
0.030087
0.030006
0.029889
0.037885
0.059992
0.029857
0.029869
0.029883
0.030031
0.030192
0.029748
0.029896
0.030760
0.049085
0.038481
0.038248
0.038264
0.038525
0.042398
0.042843
0.043194
0.042518
0.042482
0.053585
0.097177
0.054813
0.030347
0.030385
0.030389
0.037473
0.031209
0.030475
0.030254
0.030212
0.030330
0.030209
0.030269
0.030176
0.030361
0.030137
0.033449
0.033989
0.030706
0.030051
0.059672
0.030011
0.029889
0.030020
0.029978
0.029902
0.029859
0.029903
0.029934
0.029900
0.030006
0.029926
0.029927
0.029831
0.030136
0.029854
0.029934
0.029848
0.030837
0.033126
0.060343
0.029953
0.029908
0.029879
0.030039
0.030295
0.030155
0.030153
0.030150
0.037041
0.030346
0.030128
0.030102
0.030187
0.030187
0.030152
0.030132
0.030107
0.030174
0.030052
0.059614
0.030085
0.030069
0.030096
0.030069
0.030227
0.030055
0.030069
0.030174
0.030067
0.030115
0.039492
0.030913
0.030539
0.030198
0.030170
0.030139
0.030364
0.030252
0.030204
0.063030
0.030602
0.030056
0.030199
0.030034
0.029938
0.030043
0.030027
0.029892
0.029815
0.029943
0.029881
0.029900
0.029845
0.038439
0.039342
0.038057
0.037968
0.038485
0.038924
0.087219
0.038706
0.038619
0.048450
0.030030
0.029968
0.029930
0.030005
0.029951
0.030032
0.034295
0.034251
0.030176
0.030182
0.030285
0.030337
0.030150
0.030196
0.030187
0.030284
0.060496
0.030247
0.030450
0.030331
0.030192
0.030300
0.030170
0.030381
0.030287
0.030298
0.030205
0.030141
0.046626
0.030710
0.030137
0.030103
0.030069
0.030099
0.030177
0.030275
0.060534
0.030091
0.032990
0.033455
0.030070
0.030079
0.029982
0.030082
0.030258
0.030162
0.030250
0.030143
0.030224
0.030404
0.030169
0.030488
0.030189
0.030158
0.030128
0.030754
0.060056
0.030252
0.030186
0.030153
0.041273
0.032829
0.030147
0.030250
0.030025
0.030292
0.030128
0.030186
0.030288
0.030128
0.030633
0.031474
0.037029
0.030638
0.030183
0.030278
0.059884
0.029979
0.029948
0.030009
0.029939
0.029942
0.030157
0.029994
0.029989
0.029958
0.029957
0.030012
0.030012
0.030273
0.029882
0.029907
0.029935
0.030104
0.032948
0.030115
0.059694
0.029949
0.030162
0.030056
0.031101
0.030215
0.030941
0.048809
0.030611
0.030074
0.030047
0.030148
0.030099
0.030159
0.031080
0.030137
0.030148
0.030074
0.029967
0.030094
0.059526
0.030161
0.030104
0.030274
0.030202
0.030094
0.040487
0.038985
0.044215
0.038562
0.031209
0.031074
0.031042
0.030942
0.030916
0.030901
0.031033
0.030746
0.030810
0.056005
0.060606
0.029928
0.029987
0.030046
0.030132
0.030331
0.029950
0.030102
0.030078
0.030230
0.030178
0.030214
0.030222
0.030155
0.030178
0.030103
0.030277
0.030238
0.030299
0.030440
0.077551
0.030684
0.030287
0.030070
0.030114
0.030299
0.030203
0.030111
0.030303
0.030223
0.030249
0.048134
0.030692
0.030249
0.030216
0.030166
0.030444
0.030206
0.030217
0.030246
0.059918
0.030229
0.030343
0.030362
0.030141
0.030067
0.029954
0.029953
0.030015
0.029926
0.029891
0.029814
0.030035
0.033134
0.032799
0.029962
0.030102
0.030040
0.030089
0.030191
0.059677
0.030006
0.030063
0.030288
0.043407
0.030555
0.030197
0.030327
0.030252
0.030434
0.030275
0.030622
0.030358
0.030862
0.030355
0.030286
0.030218
0.030341
0.030191
0.030277
0.060239
0.030266
0.030248
0.030148
0.029995
0.030083
0.045763
0.030380
0.029931
0.029985
0.029947
0.029974
0.029984
0.030151
0.030080
0.030059
0.030087
0.047267
0.030785
0.030108
0.060574
0.030058
0.030086
0.030118
0.029930
0.029909
0.030033
0.030066
0.030116
0.030166
0.030134
0.030216
0.030191
0.030282
0.030375
0.030412
0.030387
0.020305
0.020376
0.033010
0.067804
0.037996
0.030372
0.030223
0.030228
0.030128
0.030247
0.030077
0.030036
0.033826
0.035026
0.030188
0.030033
0.029975
0.030040
0.030141
0.030061
0.030172
0.030075
0.030050
0.059701
0.030194
0.030038
0.030052
0.029961
0.030083
0.029996
0.029843
0.030078
0.029976
0.029970
0.030075
0.038152
0.030730
0.030186
0.030233
0.030210
0.030178
0.030179
0.030323
0.060689
0.030251
0.034029
0.033260
0.030224
0.030238
0.030228
0.030223
0.030326
0.030161
0.030085
0.030091
0.030140
0.030109
0.029990
0.029864
0.029924
0.030023
0.029958
0.029954
0.060459
0.030128
0.030525
0.030087
0.030980
0.039081
0.038167
0.030520
0.030019
0.029947
0.030018
0.030061
0.030113
0.030021
0.030082
0.051340
0.037912
0.030990
0.031013
0.031005
0.061494
0.031178
0.031105
0.030820
0.030244
0.030389
0.030256
0.031802
0.030377
0.030441
0.030317
0.030390
0.030397
0.030428
0.030201
0.030132
0.030308
0.051427
0.030286
0.030248
0.060760
0.030258
0.030320
0.030251
0.030133
0.030133
0.030199
0.038926
0.030436
0.030197
0.030220
0.029962
0.030163
0.030005
0.030323
0.030200
0.030099
0.030198
0.030234
0.030174
0.060498
0.030168
0.030593
0.030135
0.030245
0.030134
0.030129
0.030117
0.052143
0.031135
0.030071
0.030041
0.030245
0.030061
0.029979
0.035389
0.039951
0.038076
0.064631
0.038340
0.068624
0.042123
0.042053
0.041949
0.042261
0.063292
0.033009
0.030230
0.030244
0.030328
0.030220
0.030692
0.030280
0.029974
0.030070
0.030261
0.051497
0.032752
0.030092
0.030021
0.059530
0.030020
0.030065
0.030131
0.030560
0.030088
0.029940
0.043542
0.031552
0.030040
0.029995
0.030240
0.030007
0.030076
0.030055
0.030147
0.030209
0.030125
0.030532
0.030239
0.059469
0.030226
0.030332
0.030118
0.030107
0.030132
0.029969
0.030061
0.029902
0.039070
0.038305
0.030142
0.029938
0.030201
0.029908
0.029997
0.029884
0.029834
0.030401
0.053412
0.068184
0.030753
0.030722
0.030723
0.030748
0.030737
0.030685
0.030708
0.030850
0.030724
0.030611
0.030708
0.030668
0.030587
0.030758
0.030674
0.030652
0.029910
0.030097
0.030308
0.070586
0.029960
0.030794
0.030118
0.029917
0.030070
0.030043
0.030064
0.029910
0.038479
0.033942
0.030136
0.030214
0.030249
0.030133
0.030151
0.030169
0.030153
0.030222
0.030162
0.059942
0.030244
0.030098
0.030216
0.030229
0.030184
0.030104
0.030280
0.030153
0.030168
0.030190
0.035829
0.036544
0.030161
0.030157
0.030109
0.030294
0.030155
0.030078
0.030148
0.059769
0.042506
0.033048
0.031140
0.030123
0.030075
0.030236
0.030046
0.030186
0.030123
0.030082
0.030058
0.030278
0.030021
0.029989
0.030072
0.029959
0.030775
0.030076
0.030090
0.059358
0.030454
0.030045
0.041002
0.030454
0.030054
0.030067
0.030204
0.029982
0.029970
0.030126
0.030051
0.030051
0.029953
0.056109
0.030495
0.029993
0.030065
0.030087
0.030012
0.060617
0.030174
0.030032
0.030097
0.030104
0.029971
0.029995
0.029978
0.030039
0.030052
0.030053
0.030107
0.030136
0.030103
0.029979
0.030203
0.046097
0.031380
0.030100
0.030086
0.060351
0.030415
0.029955
0.030112
0.030067
0.033331
0.036005
0.030026
0.030101
0.030216
0.030148
0.030192
0.030130
0.030081
0.030221
0.030348
0.030262
0.030256
0.030385
0.030319
0.060051
0.030411
0.030423
0.030539
0.030397
0.030425
0.030547
0.036669
0.034729
0.030472
0.039834
0.034018
0.030912
0.030390
0.030442
0.030473
0.031070
0.051341
0.030781
0.030312
0.060623
0.030402
0.030632
0.030429
0.030418
0.030412
0.030550
0.030297
0.030443
0.030399
0.030767
0.030372
0.030261
0.030333
0.030442
0.030225
0.030439
0.030114
0.030081
0.052969
0.060685
0.030317
0.030306
0.030359
0.030346
0.030366
0.030184
0.030274
0.030280
0.035638
0.032322
0.030244
0.030150
0.030447
0.030225
0.030158
0.031886
0.031222
0.030284
0.030219
0.060628
0.030298
0.030289
0.030127
0.030176
0.030045
0.030084
0.030189
0.030030
0.030174
0.030081
0.034528
0.032348
0.030309
0.030000
0.030180
0.030009
0.030152
0.030080
0.029989
0.060808
0.030087
0.040349
0.030487
0.030111
0.029978
0.029955
0.030287
0.030235
0.030086
0.029907
0.030029
0.030091
0.030155
0.030287
0.030224
0.030270
0.030684
0.030338
0.030315
0.060236
0.030092
0.030267
0.030347
0.044996
0.031265
0.030998
0.031135
0.031068
0.031018
0.031044
0.030978
0.031078
0.030966
0.030895
0.040264
0.030184
0.030114
0.030097
0.029955
