0.672271
0.032252
0.030678
0.030381
0.030396
0.030320
0.030341
0.030251
0.030473
0.035120
0.033777
0.030679
0.030406
0.030341
0.030258
0.030255
0.030276
0.030378
0.030790
0.030410
0.076330
0.030378
0.030320
0.030243
0.030274
0.030370
0.030250
0.030318
0.030630
0.030215
0.030378
0.031026
0.031298
0.030850
0.030947
0.030887
0.030988
0.030941
0.030913
0.040070
0.073171
0.048124
0.030692
0.030651
0.030607
0.030632
0.030679
0.030552
0.030419
0.030411
0.033703
0.035699
0.030370
0.030530
0.030358
0.030367
0.030500
0.030437
0.030373
0.030448
0.060225
0.030558
0.030452
0.030518
0.030453
0.030493
0.030513
0.030421
0.030486
0.030449
0.030384
0.030423
0.036393
0.034047
0.030435
0.030503
0.030445
0.030635
0.030564
0.030515
0.060575
0.030400
0.052104
0.030897
0.030376
0.030436
0.030469
0.030365
0.030697
0.030372
0.030539
0.030296
0.030370
0.030607
0.030397
0.030321
0.030374
0.030461
0.030432
0.030427
0.059738
0.030431
0.030396
0.033638
0.039411
0.039031
0.038914
0.038798
0.042630
0.049207
0.042546
0.031754
0.030669
0.030626
0.030676
0.030894
0.030651
0.030658
0.030468
0.030415
0.060316
0.030422
0.030621
0.030409
0.030369
0.030718
0.030486
0.030476
0.030676
0.030737
0.030449
0.046799
0.031384
0.030508
0.030434
0.030483
0.030511
0.030665
0.030537
0.030554
0.060441
0.043136
0.034993
0.030423
0.030482
0.030558
0.030535
0.030585
0.030446
0.030361
0.030316
0.030541
0.030538
0.030417
0.020620
0.030496
0.030637
0.020340
0.030212
0.040228
0.027339
0.038752
0.038922
0.048065
0.039020
0.037694
0.030525
0.030523
0.030565
0.030548
0.020568
0.030503
0.030608
0.030466
0.042022
0.038896
0.038824
0.038791
0.042824
0.042669
0.028052
0.044311
0.028478
0.020326
0.020434
0.020317
0.020283
0.020285
0.020360
0.020308
0.020376
0.020290
0.020280
0.020245
0.020416
0.020373
0.020285
0.020245
0.021836
0.026469
0.020721
0.020244
0.020318
0.030194
0.020351
0.030300
0.020284
0.020352
0.020205
0.020354
0.020213
0.020220
0.020290
0.020652
0.026447
0.020678
0.020260
0.020342
0.020523
0.020329
0.020236
0.020253
0.020258
0.020303
0.020293
0.020286
0.020345
0.020286
0.020251
0.020334
0.020299
0.020261
0.020275
0.020335
0.020267
0.020274
0.020224
0.020221
0.020333
0.020302
0.020324
0.020283
0.020299
0.020304
0.020358
0.020282
0.026555
0.026930
0.020342
0.020322
0.020133
0.020308
0.020404
0.020349
0.020268
0.020210
0.030208
0.031395
0.030544
0.020499
0.025196
0.023994
0.021027
0.020472
0.020505
0.020502
0.020508
0.020751
0.020564
0.020435
0.020472
0.020519
0.020458
0.020579
0.020499
0.020447
0.020616
0.020504
0.020422
0.030375
0.020520
0.020604
0.030451
0.020590
0.020494
0.020562
0.020598
0.020511
0.020602
0.020476
0.020880
0.026725
0.024395
0.020530
0.020546
0.020628
0.020641
0.020456
0.020567
0.020533
0.020632
0.020558
0.020675
0.020554
0.020589
0.020619
0.024366
0.026467
0.020951
0.020593
0.020563
0.020630
0.020635
0.020698
0.020880
0.020571
0.020665
0.020612
0.020567
0.020567
0.020624
0.020715
0.020601
0.020578
0.020530
0.020589
0.020688
0.020637
0.020706
0.020850
0.020686
0.020603
0.020583
0.020872
0.020888
0.020563
0.020544
0.020656
0.038491
0.027066
0.027097
0.026839
0.027124
0.027032
0.026974
0.027069
0.026895
0.023220
0.021079
0.021177
0.024310
0.024215
0.020834
0.020563
0.020641
0.020511
0.020508
0.020492
0.020575
0.020575
0.020463
0.020521
0.020566
0.020476
0.020447
0.020510
0.020510
0.020488
0.020416
0.020448
0.020574
0.020589
0.020397
0.020470
0.020605
0.020531
0.020406
0.020486
0.020574
0.020507
0.020556
0.020447
0.026974
0.021591
0.020561
0.020556
0.020493
0.020478
0.020552
0.020576
0.020497
0.020495
0.020525
0.020595
0.021032
0.020481
0.020526
0.021199
0.026736
0.020951
0.020494
0.020571
0.020573
0.020511
0.020614
0.020536
0.020517
0.020478
0.020547
0.020567
0.020511
0.020458
0.020476
0.025237
0.022612
0.020474
0.020597
0.020526
0.020494
0.020521
0.020532
0.020518
0.020590
0.020513
0.020688
0.020475
0.020540
0.020533
0.020695
0.027025
0.021718
0.020590
0.020559
0.020568
0.020486
0.020532
0.020551
0.020593
0.020549
0.020566
0.020612
0.020513
0.020537
0.020584
0.021998
0.026109
0.021127
0.020499
0.020498
0.020574
0.020536
0.020667
0.020601
0.020607
0.020536
0.020535
0.020579
0.020612
0.020630
0.020595
0.021157
0.020590
0.020618
0.020547
0.020588
0.020586
0.020551
0.020619
0.020562
0.020616
0.020635
0.020589
0.020474
0.020655
0.026375
0.022520
0.020661
0.020548
0.020547
0.020606
0.020571
0.020603
0.020603
0.020637
0.020594
0.020610
0.020508
0.020496
0.020823
0.026373
0.021826
0.020595
0.020576
0.020550
0.020481
0.020539
0.020695
0.020576
0.020525
0.020603
0.020654
0.020589
0.020461
0.020641
0.020466
0.020551
0.020473
0.020525
0.020553
0.020548
0.020581
0.020531
0.020503
0.020497
0.020500
0.020408
0.020557
0.020649
0.020478
0.020556
0.022797
0.026496
0.021089
0.020491
0.020487
0.020477
0.020468
0.020474
0.021215
0.021174
0.021238
0.020909
0.020970
0.021121
0.020994
0.021024
0.041975
0.021124
0.020782
0.020601
0.020517
0.020511
0.020611
0.020602
0.020564
0.020584
0.020586
0.020592
0.020562
0.020576
0.020562
0.020540
0.020457
0.020432
0.020462
0.020472
0.020508
0.020603
0.020496
0.020508
0.020601
0.020644
0.020538
0.020511
0.020578
0.020560
0.020601
0.044070
0.021101
0.020978
0.026228
0.026730
0.026843
0.026787
0.026829
0.026940
0.026705
0.026825
0.026973
0.027061
0.027453
0.027174
0.027063
0.026819
0.045426
0.027997
0.026789
0.026690
0.026852
0.026830
0.026716
0.026673
0.026817
0.026886
0.026662
0.026883
0.026943
0.026769
0.020990
0.020961
0.020981
0.021083
0.021099
0.021195
0.025598
0.033866
0.031029
0.031099
0.031609
0.031642
0.031756
0.031641
0.031541
0.031574
0.057013
0.031267
0.030873
0.031053
0.030887
0.031012
0.060551
0.030842
0.030855
0.030869
0.030874
0.030880
0.030781
0.030997
0.031129
0.031011
0.031039
0.031188
0.031341
0.031126
0.031248
0.038345
0.031970
0.031204
0.030941
0.030944
0.060500
0.031168
0.031080
0.031023
0.030811
0.037567
0.032856
0.030906
0.031039
0.030957
0.031013
0.030937
0.031145
0.030920
0.031010
0.031039
0.031156
0.031255
0.031374
0.031618
0.061872
0.031556
0.031399
0.031659
0.031446
0.031742
0.059870
0.042414
0.041688
0.042208
0.042142
0.041762
0.041400
0.041865
0.076301
0.054986
0.031614
0.035515
0.031474
0.031459
0.060696
0.031489
0.031487
0.031240
0.031049
0.031495
0.031156
0.031182
0.031137
0.031329
0.031275
0.031217
0.031365
0.052140
0.042406
0.041452
0.041449
0.041159
0.041182
0.041318
0.072002
0.054467
0.044694
0.045002
0.044303
0.044795
0.044461
0.048861
0.072761
0.045480
0.031942
0.031946
0.031785
0.031755
0.031765
0.031736
0.031617
0.031495
0.041103
0.031558
0.062390
0.031642
0.031667
0.031729
0.031461
0.031377
0.031437
0.039481
0.037727
0.031302
0.031172
0.031176
0.030987
0.031365
0.031419
0.031560
