0.505374
0.030768
0.030369
0.030492
0.030083
0.030176
0.048041
0.039181
0.030128
0.030082
0.030060
0.030753
0.030014
0.030090
0.029977
0.030067
0.030165
0.030105
0.030066
0.029976
0.053597
0.030039
0.030509
0.030018
0.029982
0.029966
0.055816
0.036082
0.030090
0.029992
0.030043
0.030024
0.030087
0.029947
0.030053
0.030064
0.052372
0.034711
0.030938
0.031142
0.059956
0.030633
0.030556
0.030670
0.046174
0.031069
0.032393
0.031667
0.030942
0.030910
0.035758
0.030816
0.046181
0.030819
0.030141
0.030115
0.052162
0.030511
0.030178
0.030214
0.059811
0.030226
0.030225
0.030479
0.030060
0.030158
0.033314
0.032454
0.030268
0.030141
0.030219
0.030221
0.030111
0.030153
0.030172
0.030153
0.030157
0.030179
0.030130
0.030093
0.059702
0.030122
0.030272
0.030244
0.030251
0.030308
0.030147
0.030296
0.041687
0.030566
0.030262
0.030123
0.030171
0.030184
0.030689
0.030167
0.030206
0.030246
0.030176
0.050746
0.059775
0.030225
0.030171
0.030269
0.030248
0.030130
0.030281
0.030439
0.030201
0.030173
0.030163
0.030140
0.030204
0.030135
0.030154
0.030102
0.030246
0.030212
0.030067
0.030262
0.060554
0.031912
0.030488
0.030383
0.030823
0.030278
0.030125
0.030367
0.030214
0.030214
0.030036
0.049654
0.030580
0.030145
0.030093
0.030063
0.045511
0.030017
0.030154
0.030256
0.061210
0.030404
0.030419
0.030522
0.030465
0.030292
0.030518
0.030825
0.030767
0.030580
0.030904
0.032007
0.037910
0.031088
0.030972
0.031436
0.031489
0.031158
0.031014
0.031035
0.061134
0.034117
0.035041
0.031584
0.031602
0.031246
0.031476
0.031713
0.034262
0.038332
0.035440
0.042260
0.042405
0.042643
0.042144
0.042261
0.042403
0.042365
0.042174
0.068023
0.076422
0.045281
0.045216
0.045776
0.057044
0.084529
0.033009
0.032095
0.032058
0.032219
0.032093
0.032556
0.031688
0.031893
0.031670
0.031906
0.031754
0.032085
0.031965
0.031778
0.061624
0.032384
0.031791
0.031850
0.031894
0.051675
0.033026
0.031774
0.031870
0.031717
0.031928
0.031691
0.031804
0.031666
0.031781
0.032011
0.037926
0.031893
0.031925
0.032065
0.062292
0.032628
0.031930
0.031907
0.031803
0.031523
0.031659
0.031583
0.031413
0.031490
0.031433
0.031495
0.031672
0.031408
0.031509
0.031564
0.046881
0.032217
0.031770
0.031802
0.061926
0.032035
0.031837
0.031633
0.031774
0.031891
0.044154
0.031961
0.031825
0.031660
0.031729
0.031633
0.031872
0.031908
0.031961
0.031773
0.031897
0.032309
0.032024
0.032127
0.061845
0.031822
0.031949
0.031908
0.031751
0.031701
0.031845
0.049849
0.040266
0.032721
0.032843
0.032791
0.032993
0.032881
0.032364
0.034820
0.041949
0.041959
0.041630
0.036623
0.062136
0.032429
0.031603
0.031983
0.034689
0.042690
0.041032
0.041107
0.031520
0.031437
0.031529
0.031255
0.031679
0.052319
0.031837
0.031233
0.038451
0.031289
0.031311
0.041904
0.069983
0.032134
0.031858
0.031647
0.047009
0.031672
0.031286
0.046545
0.031251
0.030677
0.030521
0.046062
0.030409
0.045799
0.046109
0.046199
0.030635
0.034173
0.030519
0.030499
0.061726
0.030611
0.030579
0.030531
0.030463
0.030502
0.050189
0.030544
0.030533
0.030429
0.030652
0.030612
0.030554
0.030474
0.030442
0.030543
0.030464
0.030489
0.030546
0.030574
0.061136
0.030577
0.030560
0.030605
0.030669
0.030644
0.030559
0.048858
0.031064
0.030590
0.030650
0.030510
0.030599
0.030686
0.030598
0.030652
0.030692
0.030644
0.037171
0.031236
0.060049
0.030769
0.030732
0.030607
0.030732
0.030529
0.030482
0.030762
0.030642
0.045986
0.030485
0.030524
0.030562
0.030632
0.030701
0.030528
0.030490
0.030735
0.030499
0.043472
0.061468
0.030728
0.030663
0.030656
0.030951
0.030578
0.030761
0.030780
0.030674
0.038659
0.031193
0.030758
0.030560
0.030496
0.030584
0.030535
0.030546
0.030442
0.030556
0.030596
0.060163
0.030587
0.030576
0.030580
0.030538
0.030606
0.030873
0.031573
0.030905
0.030521
0.032966
0.035644
0.030601
0.030577
0.030602
0.030591
0.030701
0.030552
0.030639
0.030571
0.060385
0.040361
0.039050
0.039031
0.038960
0.043017
0.042921
0.049830
0.066019
0.064693
0.053332
0.030791
0.030891
0.030944
0.030958
0.030772
0.030895
0.052985
0.031531
0.030572
0.059820
0.030584
0.030475
0.030607
0.030600
0.030735
0.030706
0.053152
0.030694
0.030792
0.030751
0.030777
0.030724
0.037180
0.030802
0.031005
0.030992
0.031056
0.031341
0.030709
0.060112
0.030529
0.030593
0.030421
0.030445
0.045762
0.030424
0.037145
0.031789
0.030491
0.030478
0.030392
0.030435
0.030447
0.030476
0.030600
0.030571
0.030455
0.041286
0.030684
0.061374
0.030572
0.030561
0.030554
0.030439
0.030449
0.030652
0.030515
0.030691
0.030463
0.030673
0.030566
0.030618
0.030705
0.030707
0.030640
0.030483
0.030495
0.030499
0.033330
0.066272
0.030673
0.030551
0.030503
0.030441
0.030588
0.030622
0.030538
0.030609
0.030940
0.034736
0.030782
0.030709
0.030622
0.030759
0.030566
0.030492
0.030500
0.030599
0.030622
0.060814
0.030653
0.030618
0.030597
0.030606
0.030651
0.030777
0.030689
0.030648
0.056115
0.031773
0.046850
0.030786
0.030611
0.030637
0.046011
0.030648
0.030536
0.031510
0.037769
0.060445
0.030505
0.030450
0.030494
0.030474
0.030557
0.046078
0.030739
0.030730
0.030918
0.030682
0.030831
0.030760
0.030666
0.046045
0.031092
0.030808
0.031112
0.031172
0.046610
