0.502921
0.032388
0.030648
0.031179
0.030280
0.030295
0.030250
0.030217
0.030109
0.030180
0.046837
0.030828
0.030239
0.030183
0.030254
0.041141
0.020356
0.030223
0.030167
0.030221
0.066720
0.033374
0.030510
0.030262
0.030447
0.031012
0.031143
0.030271
0.030235
0.030348
0.030345
0.030349
0.030332
0.030399
0.030376
0.020354
0.020307
0.030233
0.030197
0.030205
0.060753
0.030193
0.036525
0.030766
0.030324
0.030287
0.020379
0.030253
0.030339
0.030516
0.030405
0.030337
0.045849
0.051929
0.030377
0.030408
0.030289
0.030276
0.030298
0.030313
0.059912
0.030246
0.030289
0.030213
0.030205
0.030155
0.030321
0.029610
0.030418
0.030260
0.020325
0.020257
0.030357
0.045468
0.032444
0.037355
0.037860
0.039054
0.038655
0.040740
0.074052
0.042890
0.081869
0.039272
0.042629
0.042843
0.042623
0.026584
0.029973
0.044403
0.030905
0.020852
0.021076
0.033717
0.030984
0.020710
0.030654
0.021108
0.020511
0.020526
0.020538
0.020387
0.020320
0.024383
0.027636
0.020348
0.020317
0.020313
0.020218
0.020453
0.020343
0.020262
0.020380
0.030348
0.030311
0.030143
0.030509
0.038506
0.030064
0.030029
0.060100
0.029964
0.030060
0.030049
0.030028
0.030131
0.030035
0.030089
0.030041
0.030118
0.030102
0.030136
0.030102
0.030088
0.030746
0.030048
0.030124
0.030148
0.050789
0.030441
0.060272
0.030126
0.030117
0.030154
0.030128
0.030282
0.030166
0.030096
0.039848
0.033276
0.030100
0.030083
0.030189
0.030302
0.030087
0.030140
0.030101
0.030167
0.030481
0.031118
0.060923
0.030655
0.030521
0.030553
0.045422
0.045331
0.052140
0.031145
0.045263
0.031246
0.031089
0.030897
0.031030
0.031091
0.032748
0.031029
0.031128
0.031065
0.052520
0.032499
0.060680
0.030148
0.030233
0.030348
0.030415
0.030318
0.030346
0.030219
0.030234
0.030170
0.030236
0.030191
0.030160
0.030473
0.030302
0.030236
0.030336
0.030258
0.030265
0.030245
0.078849
0.038657
0.038507
0.039116
0.043630
0.050053
0.030270
0.053868
0.041147
0.030990
0.030991
0.031345
0.020263
0.020144
0.020166
0.020224
0.020102
0.020196
0.020329
0.020161
0.020168
0.020136
0.020236
0.020170
0.020172
0.020140
0.020123
0.020168
0.020162
0.020158
0.020135
0.020147
0.020299
0.020152
0.020216
0.023986
0.026442
0.020246
0.020066
0.020057
0.020089
0.020229
0.020200
0.020187
0.020119
0.020052
0.020176
0.020340
0.020096
0.020049
0.026006
0.026617
0.020185
0.020143
0.020124
0.020210
0.020255
0.020081
0.020113
0.020105
0.020133
0.020274
0.020150
0.020151
0.020074
0.020172
0.020044
0.020129
0.020220
0.020009
0.020168
0.020093
0.020174
0.020118
0.020120
0.020201
0.020409
0.020114
0.020113
0.020170
0.020174
0.021672
0.026596
0.022735
0.020130
0.020051
0.020200
0.020303
0.020061
0.020091
0.022043
0.020116
0.020110
0.020118
0.020134
0.020337
0.020084
0.026006
0.026185
0.020182
0.020165
0.020138
0.020154
0.020095
0.020091
0.020064
0.020147
0.020110
0.020056
0.020252
0.020211
0.020078
0.020151
0.020078
0.020171
0.020099
0.020116
0.020071
0.021335
0.024526
0.020848
0.020264
0.020068
0.020077
0.020049
0.020197
0.020349
0.020807
0.020170
0.020192
0.020178
