0.503922
0.032096
0.031956
0.031635
0.031617
0.031358
0.031281
0.031495
0.031302
0.031329
0.031342
0.031260
0.031035
0.031175
0.031219
0.031171
0.031334
0.031117
0.032811
0.032845
0.055316
0.031269
0.031249
0.031235
0.031070
0.031104
0.031233
0.031178
0.050334
0.031493
0.031003
0.031089
0.031249
0.031142
0.030935
0.030997
0.031127
0.030989
0.031067
0.030868
0.060651
0.031195
0.031108
0.031009
0.031026
0.031232
0.031120
0.030966
0.031014
0.038428
0.031368
0.030912
0.031255
0.031392
0.030945
0.031176
0.030925
0.030981
0.031029
0.031188
0.070275
0.030779
0.030591
0.030685
0.030808
0.031004
0.030872
0.030627
0.030581
0.030715
0.030495
0.030530
0.030730
0.030642
0.030390
0.030452
0.030581
0.030506
0.030447
0.030591
0.060838
0.032056
0.031186
0.030560
0.030588
0.030828
0.030544
0.030469
0.030487
0.030598
0.030395
0.053859
0.030742
0.030630
0.030475
0.030699
0.030429
0.030498
0.030571
0.030537
0.060099
0.030484
0.030359
0.030337
0.030607
0.030777
0.030623
0.030561
0.030560
0.030427
0.030500
0.030721
0.039471
0.030982
0.030910
0.030676
0.030603
0.030553
0.030573
0.030537
0.060402
0.030393
0.034727
0.033235
0.030796
0.030588
0.031009
0.031560
0.031384
0.030856
0.030867
0.032216
0.039026
0.042847
0.043124
0.042832
0.042763
0.043107
0.043041
0.043085
0.068778
0.034764
0.030550
0.030439
0.030373
0.030292
0.030467
0.030526
0.030481
0.030483
0.030648
0.039679
0.031308
0.031000
0.030935
0.030965
0.030640
0.030918
0.030926
0.030572
0.060349
0.030519
0.030676
0.030523
0.030560
0.030631
0.030868
0.030824
0.031102
0.031154
0.031163
0.031208
0.048819
0.040140
0.032486
0.031996
0.032108
0.032099
0.032292
0.032303
0.062399
0.032892
0.042744
0.032421
0.032211
0.032258
0.032170
0.032213
0.032460
0.032119
0.032309
0.032018
0.032192
0.032129
0.032193
0.032164
0.032441
0.032346
0.031871
0.032020
0.061726
0.031278
0.039438
0.030936
0.030743
0.031109
0.031242
0.031863
0.031862
0.032212
0.031815
0.032176
0.032796
0.039183
0.031981
0.032655
0.033008
0.032982
0.032781
0.032858
0.062856
0.032754
0.032700
0.032681
0.032523
0.032399
0.031744
0.032140
0.032116
0.031947
0.031896
0.030499
0.051737
0.031849
0.032019
0.032446
0.032604
0.032439
0.032452
0.047868
0.047878
0.032398
0.043859
0.032385
0.031987
0.031545
0.031591
0.030986
0.030660
0.029961
0.029803
0.055493
0.034048
0.045778
0.030606
0.030826
0.029878
0.029763
0.030761
0.031173
0.061478
0.031361
0.041442
0.031803
0.031179
0.031113
0.031071
0.031004
0.031027
0.029859
