0.520404
0.033960
0.030407
0.030706
0.029886
0.030217
0.029939
0.030052
0.030705
0.031020
0.030009
0.030010
0.030054
0.030190
0.030082
0.030099
0.030018
0.030068
0.029962
0.042664
0.054300
0.029964
0.029978
0.030014
0.030077
0.030180
0.030208
0.030128
0.030092
0.046785
0.030542
0.030060
0.030644
0.030206
0.030129
0.030207
0.030133
0.030078
0.020197
0.020357
0.061080
0.030176
0.030114
0.030036
0.030006
0.030071
0.030143
0.030053
0.030021
0.029945
0.030088
0.033213
0.032820
0.030046
0.030145
0.030339
0.030147
0.030256
0.030270
0.030326
0.059886
0.030650
0.037432
0.030902
0.030133
0.030216
0.030664
0.030325
0.030325
0.030543
0.030401
0.030463
0.030265
0.030593
0.030185
0.030184
0.030096
0.030297
0.030404
0.030319
0.060467
0.030483
0.030385
0.049078
0.031358
0.020320
0.030700
0.020181
0.020142
0.030036
0.020143
0.030088
0.030231
0.030335
0.020483
0.020930
0.028257
0.020368
0.020330
0.020261
0.059646
0.030314
0.030033
0.029875
0.029940
0.030090
0.030036
0.029963
0.030114
0.030063
0.029974
0.030042
0.030051
0.029931
0.030060
0.030039
0.029211
0.042941
0.041090
0.030201
0.060066
0.030291
0.030273
0.030169
0.030115
0.030025
0.030071
0.053999
0.030303
0.029963
0.030142
0.030246
0.030195
0.030249
0.030347
0.030199
0.030432
0.030625
0.030511
0.030487
0.060162
0.030579
0.030688
0.031427
0.030999
0.030566
0.030540
0.030805
0.041498
0.030906
0.030478
0.030463
0.030524
0.030378
0.030450
0.030320
0.030477
0.030543
0.030409
0.040616
0.060511
0.030504
0.030638
0.030657
0.030563
0.030494
0.030714
0.030476
0.030533
0.030681
0.030679
0.030567
0.030686
0.030950
0.031989
0.030599
0.031075
0.031436
0.030566
0.050611
0.064857
0.030584
0.030621
0.030555
0.030497
0.030607
0.030460
0.030668
0.030603
0.041124
0.033719
0.030560
0.030330
0.030359
0.030361
0.030295
0.030196
0.030147
0.030520
0.030218
0.060173
0.030223
0.030197
0.030186
0.030339
0.030353
0.030296
0.030192
0.030323
0.030329
0.050649
0.030605
0.030307
0.030203
0.030321
0.030334
0.030338
0.030386
0.030589
0.030367
0.061009
0.030864
0.030464
0.030495
0.030771
0.030638
0.030658
0.030735
0.030501
0.030498
0.030442
0.030360
0.030207
0.030329
0.030282
0.030304
0.030273
0.030270
0.030346
0.030150
0.060517
0.033894
0.030172
0.031622
0.030161
0.030056
0.030201
0.030318
0.030301
0.030622
0.030478
0.041473
0.030756
0.037806
0.030561
0.030561
0.030808
0.030575
0.030654
0.030700
0.059981
0.030648
0.030743
0.030797
0.030732
0.030742
0.030720
0.030566
0.030604
0.030603
0.030343
0.030505
0.040886
0.034590
0.030365
0.030697
0.030577
0.030452
0.030474
0.030480
0.060228
0.034030
0.040303
0.038533
0.030350
0.030259
0.030193
0.030247
0.030162
0.030214
0.030200
0.030201
0.030276
0.030141
0.030086
0.030573
0.030086
0.030140
0.030301
0.030051
0.059886
0.030251
0.057279
0.030174
0.030194
0.030200
0.030082
0.030118
0.030152
0.030260
0.030328
0.030291
0.033404
0.039926
0.030290
0.030266
0.030230
0.030293
0.030259
0.030068
0.060122
0.030074
0.030144
0.030145
0.030070
0.030171
0.030419
0.030132
0.030073
0.030131
0.030143
0.030214
0.030116
0.039013
0.030415
0.030066
0.030277
0.045325
0.045269
0.029968
0.060029
0.030015
0.046390
0.030854
0.030157
0.030692
0.029149
0.029179
0.029203
0.045195
0.029238
0.045308
0.030094
0.041752
0.042793
0.042209
0.039969
0.040844
0.032676
0.030382
0.053165
0.036687
0.030977
0.030813
0.030652
0.030813
0.040832
0.042311
0.044962
0.047508
0.020649
0.020678
0.033767
0.026175
0.038100
0.031170
0.031107
0.054926
0.045025
0.038003
0.064378
0.031885
0.040208
0.039948
0.043127
0.039402
0.031173
0.032067
0.035191
0.040730
0.039696
0.040139
0.040631
0.040171
0.040172
0.036430
0.030702
0.030653
0.030871
0.031165
0.061860
0.035987
0.039325
0.039198
0.040003
0.038939
0.042213
0.042111
0.045047
0.058696
0.041183
0.030077
0.030125
0.030299
0.030375
0.030029
0.029968
0.030011
0.029980
0.030088
0.064769
0.030187
0.030077
0.030044
0.030030
0.030217
0.029355
0.030219
0.045972
0.030109
0.030180
0.030066
0.030115
0.030771
0.030166
0.030100
0.030093
0.030123
0.045460
0.030424
0.061769
0.030595
0.030079
0.030146
0.030520
0.030093
0.030098
0.030031
0.029997
0.030092
0.030182
0.037576
0.030493
0.030129
0.030115
0.030262
0.030079
0.030156
0.030195
0.030160
0.060775
0.030078
0.030060
0.030040
0.030076
0.030288
0.030009
0.035397
0.034580
0.037172
0.030323
0.046737
0.031757
0.030385
0.030005
0.030012
0.030027
0.030128
0.030294
0.047667
