0.492439
0.030627
0.030183
0.030410
0.030209
0.030239
0.030123
0.043450
0.035298
0.034845
0.030293
0.030354
0.030423
0.032468
0.034165
0.034072
0.034050
0.034380
0.038854
0.043586
0.080375
0.060997
0.033008
0.034725
0.030002
0.054271
0.030485
0.030358
0.038217
0.037884
0.041592
0.041831
0.046987
0.071003
0.031462
0.031070
0.030743
0.031595
0.031149
0.030834
0.060525
0.030654
0.030638
0.030642
0.030918
0.030636
0.030626
0.030613
0.030659
0.030568
0.033344
0.030838
0.030762
0.030712
0.040131
0.035092
0.029711
0.029940
0.030285
0.029810
0.060695
0.030044
0.029918
0.030046
0.042258
0.035709
0.029988
0.029840
0.029902
0.029814
0.030031
0.029859
0.029866
0.029825
0.029910
0.029773
0.029827
0.029891
0.029847
0.029854
0.059963
0.029944
0.029902
0.029857
0.030044
0.029913
0.038918
0.029935
0.029855
0.029785
0.029960
0.029943
0.029741
0.029992
0.030009
0.029804
0.030081
0.039365
0.038219
0.038034
0.068293
0.042032
0.042478
0.041819
0.042075
0.042101
0.041986
0.042903
0.042099
0.042164
0.042085
0.042099
0.066498
0.044073
0.046134
0.048822
0.030144
0.030262
0.030255
0.030017
0.060093
0.040853
0.038001
0.037903
0.038027
0.041361
0.042050
0.042127
0.042028
0.042050
0.042019
0.041885
0.042188
0.045330
0.067452
0.061341
0.038942
0.042528
0.056145
0.067719
0.092829
0.039001
0.030606
0.030023
0.030255
0.030236
0.030043
0.029869
0.030549
0.029925
0.029916
0.029958
0.030129
0.029857
0.030023
0.029858
0.029904
0.029896
0.030000
0.029883
0.059631
0.029814
0.029890
0.033791
0.029891
0.029906
0.029884
0.029915
0.029856
0.029821
0.029900
0.030013
0.029884
0.029949
0.040656
0.032845
0.030037
0.029948
0.029948
0.030034
0.059344
0.030089
0.029924
0.029975
0.029915
0.029956
0.029974
0.030046
0.029989
0.029945
0.029870
0.029852
0.029935
0.029941
0.029859
0.030279
0.034172
0.029911
0.029870
0.030037
0.059680
0.029834
0.029958
0.029889
0.029965
0.034564
0.033683
0.030574
0.030008
0.029824
0.029915
0.030035
0.029829
0.029927
0.029949
0.029879
0.029890
0.029914
0.029909
0.029882
0.059707
0.029964
0.030067
0.029866
0.029884
0.030140
0.029912
0.048104
0.032182
0.029923
0.030028
0.030067
0.030626
0.030152
0.030056
0.030090
0.030083
0.029977
0.049307
0.031135
0.060037
0.030123
0.030085
0.029996
0.030081
0.030143
0.030021
0.030109
0.030147
0.030347
0.030053
0.030008
0.030328
0.030070
0.030102
0.029949
0.030087
0.030074
0.030042
0.030697
0.069571
0.030062
0.031599
0.030006
0.030002
0.030185
0.030087
0.030102
0.030149
0.030040
0.034535
0.029988
0.030007
0.029961
0.030028
0.030011
0.019943
0.029930
0.030335
0.029861
0.059477
0.029808
0.029903
0.029909
0.029867
0.030253
0.030195
0.029942
0.030019
0.019835
0.019930
0.019789
0.019788
0.024133
0.022957
0.020099
0.019846
0.019895
0.019875
0.019835
0.019843
0.019836
0.019822
0.019809
0.019900
0.019822
0.019904
0.020323
0.025933
0.020199
0.019937
0.019797
0.019983
0.019948
0.019843
0.019881
0.025424
0.026731
0.025702
0.025566
0.025378
0.020069
0.019837
0.019872
0.019804
0.020517
0.019883
0.019725
0.019833
0.019798
0.019847
0.019917
0.019727
0.019812
0.019694
0.019703
0.019807
0.019838
0.020706
0.025368
0.020233
0.019786
0.019691
0.019817
0.019773
0.019747
0.019771
0.019902
0.019815
0.019827
0.019816
0.019964
0.019882
0.019830
0.019857
0.025467
0.020133
0.019880
0.019847
0.019697
0.019755
0.019958
0.019998
0.019764
0.019807
0.019722
0.019781
0.019830
0.019715
0.019853
0.019893
0.019936
0.019786
0.019785
0.019791
0.019686
0.019794
0.019822
0.019811
0.019811
0.019736
0.019825
0.019763
0.019791
0.019757
0.019811
0.019759
0.025619
0.021874
0.019815
0.019938
0.020378
0.019810
0.019776
0.019767
0.019785
0.019785
0.019779
0.019795
0.019746
0.019894
0.020048
0.022986
0.023869
0.020011
0.019825
0.019838
0.019801
0.019798
0.019817
0.019966
0.019813
0.019742
0.019783
0.019704
0.019855
0.019892
0.019826
0.019721
0.019624
0.019814
0.019831
0.019936
0.019829
0.019804
0.019790
0.019847
0.019693
0.019772
0.019854
0.019857
0.019883
0.019762
0.019793
0.021447
0.025259
0.020028
0.019770
0.019728
0.019816
0.019947
0.020137
0.020029
0.019792
0.019799
0.019849
0.019852
0.019883
0.019840
0.019776
0.023012
