0.541461
0.045552
0.064069
0.038407
0.034538
0.034712
0.034641
0.034076
0.034204
0.034274
0.034170
0.034010
0.033996
0.033928
0.034137
0.034006
0.034157
0.033869
0.034099
0.033806
0.058042
0.033701
0.055189
0.034822
0.033889
0.034069
0.034031
0.033531
0.033675
0.033257
0.033647
0.033776
0.039247
0.033381
0.033339
0.033154
0.033242
0.033347
0.032769
0.032175
0.061706
0.032193
0.032025
0.032072
0.032104
0.032160
0.032256
0.032032
0.031982
0.032115
0.032402
0.032176
0.046154
0.034682
0.032893
0.033061
0.033210
0.033489
0.032853
0.032524
0.062719
0.055874
0.034839
0.032346
0.032500
0.032746
0.032516
0.033001
0.032948
0.032839
0.032652
0.032916
0.032879
0.032896
0.032469
0.032794
0.030097
0.032838
0.032950
0.032058
0.063860
0.047202
0.036554
0.030472
0.031054
0.030499
0.030495
0.030368
0.030240
0.030398
0.030929
0.044411
0.040856
0.039413
0.035241
0.030334
0.030299
0.030360
0.030528
0.030523
0.060805
0.030576
0.030838
0.030247
0.030103
0.033539
0.033399
0.033212
0.033685
0.033826
0.033129
0.054556
0.044273
0.033428
0.033660
0.034418
0.034154
0.034345
0.030838
0.034361
0.073738
0.045699
0.045566
0.042936
0.047679
0.033384
0.032640
0.032375
0.032717
0.032404
0.021253
0.032007
0.032090
0.032238
0.031580
0.034739
0.031426
0.031620
0.032015
0.032430
0.085568
0.032102
0.031715
0.031550
0.031523
0.031251
0.031506
0.031534
0.031386
0.031532
0.044868
0.031683
0.031389
0.031562
0.031798
0.031327
0.031248
0.031511
0.031121
0.031349
0.061253
0.031219
0.031021
0.031048
0.030884
0.030851
0.030589
0.030395
0.020390
0.030386
0.030304
0.035144
0.032353
0.030509
0.030660
0.030294
0.030529
0.030511
0.030541
0.030387
0.020353
0.020456
0.020327
0.043526
0.030931
0.030975
0.031297
0.031110
0.047381
0.047381
0.047415
0.047694
0.032001
0.032703
0.032864
0.033091
0.033257
0.032712
0.032575
0.032684
0.062846
0.057794
0.041534
0.033239
0.040620
0.041085
0.033006
0.033359
0.033543
0.032550
0.055427
0.032263
0.031680
0.031592
0.031791
0.031997
0.032568
0.032513
0.033061
0.032629
0.062212
0.031976
0.032545
0.032514
0.032564
0.032968
0.032866
0.032390
0.032282
0.032042
0.043988
0.033047
0.032199
0.033023
0.032746
0.033509
0.033054
0.033033
0.032531
0.032153
0.066680
0.032688
0.032210
0.032199
0.032079
0.031899
0.032144
0.032102
0.031507
0.031689
0.031940
0.031935
0.031974
0.031916
0.032022
0.032241
0.031785
0.031690
0.032133
0.032162
0.062560
0.036234
0.032366
0.032063
0.031878
0.031963
0.031692
0.031646
0.031615
0.031671
0.031407
0.042929
0.031609
0.031759
0.031605
0.031668
0.033088
0.031479
0.031572
0.031374
0.061902
0.031460
0.031653
0.031516
0.031705
0.031602
0.031753
0.031791
0.031874
0.031708
0.031640
0.037364
0.032913
0.031599
0.031578
0.031498
0.031457
0.031400
0.031584
0.032135
0.061858
0.055134
0.032000
0.031665
0.031467
0.031346
0.031540
0.031727
0.031466
0.031614
0.031438
0.031314
0.031444
0.031241
0.031161
0.031290
0.031322
0.031473
0.031533
0.031462
0.062107
0.036256
0.035375
0.031471
0.031438
0.031785
0.031650
0.032389
0.031884
0.031798
0.042543
0.051428
0.032487
0.020966
0.021019
0.021064
0.020960
0.021546
0.020967
0.021052
0.020974
0.020882
0.021000
0.020993
0.020826
0.020891
0.020969
0.020914
0.020918
0.020987
0.020986
0.020945
0.021048
0.020905
0.020922
0.021246
0.020930
0.020908
0.020906
0.024291
0.024218
0.021108
0.020830
0.020831
0.020918
0.020904
0.020818
0.020967
0.020982
0.020854
0.021003
0.020876
0.020864
0.020878
0.024358
0.021133
0.020904
0.020896
0.020883
0.020864
0.020928
0.020852
0.020950
0.020962
0.020912
0.020973
0.020835
0.020906
0.020836
0.020864
0.020828
0.020801
0.021016
0.020973
0.020911
0.020963
0.020942
0.021013
0.020939
0.020840
0.020891
0.020837
0.020775
0.025289
0.025198
