0.542292
0.058426
0.030360
0.030404
0.029980
0.030122
0.029979
0.030030
0.029814
0.030058
0.029981
0.030012
0.029825
0.029979
0.029861
0.029973
0.030056
0.029814
0.044569
0.031125
0.055109
0.030732
0.030751
0.030636
0.030852
0.030842
0.030921
0.030784
0.045308
0.030674
0.029940
0.030030
0.029958
0.030059
0.030061
0.029886
0.030152
0.029928
0.030104
0.030068
0.060108
0.029968
0.030015
0.030097
0.030030
0.030171
0.030017
0.030104
0.029894
0.038867
0.031390
0.030116
0.030121
0.029988
0.030428
0.030030
0.029988
0.029943
0.030048
0.032636
0.067840
0.030049
0.030081
0.030038
0.029979
0.029953
0.029981
0.029979
0.029968
0.030024
0.030113
0.029961
0.031087
0.030043
0.031199
0.030529
0.029960
0.029995
0.030201
0.030036
0.062718
0.031199
0.029947
0.029942
0.030208
0.029985
0.030029
0.030059
0.030038
0.030023
0.030052
0.052651
0.031026
0.030094
0.030098
0.030052
0.030031
0.030017
0.030127
0.030060
0.059659
0.030159
0.030207
0.030130
0.029959
0.030278
0.030010
0.030114
0.030117
0.030038
0.030087
0.030147
0.029994
0.039583
0.030422
0.030108
0.030086
0.030023
0.029941
0.030079
0.059825
0.030762
0.032116
0.039772
0.038677
0.043975
0.038612
0.041953
0.043567
0.030193
0.030236
0.030226
0.030142
0.030211
0.030212
0.030314
0.030168
0.030146
0.030384
0.030275
0.060055
0.030223
0.056592
0.038649
0.038787
0.030181
0.030166
0.030431
0.030312
0.030433
0.030341
0.030526
0.054593
0.031039
0.030711
0.039714
0.039468
0.039005
0.044151
0.042924
0.080413
0.067024
0.061114
0.039341
0.037351
0.030687
0.030889
0.030956
0.055850
0.032090
0.030635
0.030573
0.030644
0.030568
0.030608
0.030558
0.030736
0.030623
0.030618
0.037069
0.060908
0.031071
0.030801
0.030770
0.030899
0.030789
0.031016
0.030820
0.030821
0.030803
0.030883
0.030775
0.030954
0.030689
0.030709
0.030981
0.031836
0.045782
0.031248
0.030941
0.060763
0.031300
0.029949
0.031167
0.029816
0.031075
0.031012
0.034127
0.034749
0.031058
0.031141
0.029807
0.031000
0.029833
0.030991
0.031088
0.030057
0.030790
0.030700
0.030808
0.060409
0.030559
0.030685
0.030786
0.030644
0.031049
0.031087
0.030852
0.053344
0.031312
0.030794
0.030679
0.030911
0.030977
0.031091
0.031121
0.030985
0.030746
0.030599
0.042831
0.061365
0.030655
0.030888
0.030744
0.031073
0.031009
0.030944
0.031134
0.030907
0.031083
0.030904
0.031030
0.031017
0.030841
0.030925
0.030724
0.030705
0.030591
0.030493
0.030676
0.062213
0.031151
0.030499
0.030543
0.030455
0.030329
0.030557
0.030459
0.030210
0.030524
0.030381
0.030819
0.045769
0.030878
0.030456
0.030470
0.030555
0.030530
0.030461
0.030458
0.060586
0.030084
0.030207
0.030138
0.030245
0.030450
0.030346
0.030313
0.030342
0.030620
0.030384
0.030501
0.030370
0.037314
0.039965
0.039174
0.037449
0.030360
0.030393
0.030217
0.060014
0.030853
0.030495
0.044355
0.030676
0.030240
0.030278
0.039258
0.041391
0.042883
0.042966
0.042712
0.050591
0.043071
0.042903
0.042880
0.043038
0.043229
0.060879
0.052081
0.062506
0.030545
0.030348
0.030430
0.030758
0.030633
0.030314
0.056589
0.039046
0.039068
0.030236
0.030092
0.030215
0.030077
0.030254
0.030191
0.030020
0.030106
0.029980
0.030018
0.059984
0.030095
0.030035
0.030135
0.030072
0.030095
0.030208
0.054641
0.033110
0.030563
0.030113
0.030338
0.030250
0.030064
0.030271
0.030127
0.030272
0.033902
0.057319
0.033616
0.063553
0.029874
0.030121
0.030020
0.029963
0.030157
0.029973
0.030254
0.030069
0.033876
0.030176
0.030070
0.033963
0.030048
0.030018
0.034072
0.034108
0.030150
0.031874
0.045630
0.074867
0.030241
0.029974
0.030126
0.029935
0.030231
0.030110
0.030093
0.041832
0.030586
0.030154
0.030034
0.033986
0.033787
0.030234
0.030221
0.030238
0.030472
0.030326
0.030609
0.060289
0.030690
0.030521
0.030163
0.030009
0.030133
0.033967
0.034288
0.030237
0.034972
0.032973
0.030576
0.030282
0.030501
0.030254
0.030287
0.030338
0.030360
0.030257
0.030136
0.064850
0.030590
0.030336
0.030393
0.030447
0.030408
0.034559
0.033901
0.032058
0.030762
0.030368
0.030787
0.030557
0.030797
0.030508
0.030493
0.030223
0.030259
0.030351
0.030223
0.059899
0.038520
0.030754
0.030637
0.030664
0.030520
0.030569
0.030500
0.030428
0.030858
0.031808
0.031452
0.040486
0.031058
0.030989
0.030834
0.031018
0.030701
0.030772
0.030527
0.060969
0.030644
0.030593
0.030463
0.030602
0.030693
0.030659
0.030721
0.030744
0.030515
0.030860
0.030682
0.030671
0.033945
0.033555
0.030817
0.030768
0.030761
0.030763
0.030800
0.060786
0.030920
0.030682
0.032977
0.041126
0.039724
0.040074
0.039889
0.043626
0.043855
0.062404
0.031092
0.053267
0.048687
0.030885
0.031042
0.031149
0.031090
0.031075
0.031141
0.060916
0.042412
0.040416
0.030836
0.030911
0.031229
0.030941
0.030902
0.030956
0.029992
0.053481
0.032330
0.030880
0.031100
0.030982
0.031310
0.031091
0.030948
0.031151
0.031036
0.061105
0.030776
0.030785
0.030742
0.030711
0.030908
0.030955
0.031044
0.031162
0.031063
0.030850
0.047046
0.036705
0.030832
0.030990
0.030826
0.030716
0.030704
0.030867
0.030859
0.060384
0.045542
0.036324
0.031007
0.030872
0.030730
0.030807
0.031003
0.030796
0.030740
0.031103
0.030948
0.031015
0.030939
0.030972
0.030831
0.030593
0.030485
0.030592
0.030417
0.063614
0.033715
0.030407
0.030363
0.030203
0.030345
0.030154
0.031094
0.030186
0.034153
0.034173
0.045417
0.035392
0.034913
0.031225
0.037233
0.044963
0.044617
0.048447
0.048542
0.078727
0.051213
0.070612
0.034124
0.034395
0.034065
0.034162
0.048926
0.044447
0.044355
0.044290
0.041930
0.034251
0.033889
0.033828
0.033566
0.046201
0.034045
0.033617
0.033603
0.063551
0.033831
0.033707
0.033740
0.033691
0.033839
0.033716
0.033995
0.033736
0.033729
0.033691
0.033699
0.033649
0.033859
0.033857
0.033831
0.043346
0.034158
0.033791
0.033766
0.063671
0.033879
0.033833
0.033823
0.033889
0.041653
0.034598
0.030013
0.030086
0.030088
0.030093
0.030632
0.030191
0.030197
0.030277
0.030274
0.030554
0.030539
0.030484
0.030780
0.060750
0.030801
0.030880
0.030916
0.031160
0.030017
0.030086
0.052105
0.030112
0.030877
0.030896
0.030736
0.030569
0.030658
0.030586
0.030510
0.030664
0.031039
0.036340
0.030713
0.061279
0.030841
0.030484
0.030697
0.030708
0.030678
0.030715
0.030761
0.030723
0.030841
0.030723
0.030712
0.030813
0.030366
0.030350
0.030392
0.030429
0.030291
0.030250
0.042530
0.064120
0.030329
0.030536
0.030354
0.030207
0.030343
0.030555
0.030492
0.030491
0.036240
0.032667
0.030359
0.030480
0.030072
0.030268
0.030249
0.030260
0.030536
0.034587
0.031862
0.060661
0.030785
0.030588
0.030941
0.030951
0.030900
0.031001
0.030852
0.030936
0.031059
0.031009
0.034813
0.031080
0.031108
0.030975
0.030899
0.031018
0.031161
0.031132
0.031058
0.061571
0.040936
0.031025
0.030887
0.030890
0.031082
0.031022
0.031185
0.031210
0.031075
0.030985
0.030972
0.031106
0.031042
0.030987
0.031082
0.031107
0.031323
0.031277
0.031280
0.061305
0.031464
0.041771
0.032110
0.031664
0.031804
0.031875
0.031504
0.031448
0.031304
0.031240
0.031235
0.052296
0.039623
0.031551
0.031347
0.031251
0.031198
0.031275
0.031369
0.061457
0.031455
0.031471
0.031447
0.031541
0.031586
0.031609
0.031488
0.030771
0.030546
0.030609
0.030745
0.030522
0.053224
0.039885
0.039191
0.038890
0.041078
0.042938
0.053988
0.092318
0.033018
0.030869
0.030815
0.030863
0.030801
0.030746
0.030867
0.030909
0.030847
0.030713
0.030693
0.030590
0.030524
0.030618
0.030853
0.030740
0.030620
0.030761
0.030851
0.061185
0.037556
0.037311
0.031090
0.031139
0.031319
0.031001
0.031249
0.031011
0.031048
0.030794
0.030936
0.050166
0.031224
0.031039
0.030903
0.030737
0.030577
0.030463
0.030320
0.060425
0.030447
0.030527
0.030543
0.030601
0.042782
0.040633
0.039284
0.035783
0.031108
0.030874
0.030890
0.030937
0.039082
0.031601
0.031415
0.031582
0.031457
0.031344
0.031506
0.061596
0.031530
0.051351
0.033235
0.031164
0.031224
0.031363
0.031546
0.031016
0.031358
0.031284
0.031309
0.031150
0.031203
0.031574
0.031125
0.031250
0.031036
0.030939
0.031031
0.060860
0.031057
0.030942
0.051468
0.033173
0.030279
0.030445
0.030375
0.030398
0.030449
0.030337
0.030206
0.030294
0.030204
0.033412
0.033691
0.030251
0.030179
0.030214
0.030248
0.060416
0.030293
0.030224
0.030519
0.030845
0.030264
0.030087
0.030889
0.030042
0.030232
0.029928
0.030116
0.030157
0.030156
0.030130
0.030164
0.033158
0.039989
0.030290
0.030304
0.060624
0.030153
0.030135
0.030301
0.030170
0.030155
0.030176
0.041935
0.032837
0.030163
0.030047
0.030128
0.029993
0.030102
0.030061
0.030271
0.029992
0.030168
0.030229
0.030146
0.060484
0.030153
0.030090
0.030181
0.030038
0.030295
0.030156
0.030127
0.030020
0.040195
0.038877
0.038722
0.038630
0.038610
0.042586
0.068081
0.054629
0.037499
0.030249
0.029979
0.060237
0.030089
0.029980
0.029999
0.033995
0.034000
0.033705
0.030040
0.030063
0.029986
0.030018
0.030023
0.030183
0.030052
0.030371
0.031318
0.031374
0.030373
0.040053
0.035211
0.060461
0.030153
0.030244
0.030065
0.030095
0.030224
0.030006
0.029947
0.057258
0.033890
0.033647
0.034025
0.033955
0.033836
0.034025
0.030067
0.030028
0.033840
0.033893
0.033804
0.060264
0.033819
0.034004
0.034027
0.030155
0.030267
0.030144
0.029972
0.030051
0.034044
0.034131
0.033687
0.033649
0.033709
0.033450
0.033653
0.033502
0.033616
0.033649
0.043436
0.065154
0.033584
0.033776
0.033504
0.033737
0.033486
0.033238
0.033249
0.032936
0.033145
0.032874
0.032735
0.032702
0.032735
0.032510
0.032831
0.032688
0.033039
0.033009
0.042239
0.064143
0.033657
0.032830
0.033361
0.033302
0.032949
0.032817
0.033263
0.036977
0.035605
0.033280
0.033312
0.033325
0.033122
0.033066
0.032994
0.032906
0.032697
0.032731
0.032830
0.062906
0.032505
0.032683
0.032838
0.032798
0.032566
0.032734
0.032780
0.033211
0.040870
0.032771
0.032564
0.032803
0.032619
0.032956
0.032928
0.033255
0.033156
0.033140
0.056135
0.074236
0.043594
0.047771
0.047447
0.047053
0.046944
0.047258
0.046987
0.046544
0.046175
0.046357
0.046828
0.046697
0.082671
0.065160
0.035512
0.040030
0.033974
0.033889
0.034143
0.064639
0.041149
0.033790
0.033703
0.033608
0.034077
0.033690
0.033557
0.033787
0.034058
0.029953
0.030037
0.030115
0.030039
0.030041
0.033932
0.030215
0.033867
0.033927
0.033691
0.060019
0.053672
0.030436
0.034110
0.033929
0.030060
0.030120
0.030008
0.029960
0.034005
0.030106
0.029985
0.044377
0.033983
0.034791
0.034629
0.030917
0.034775
0.034737
0.034688
0.064269
0.030059
0.034137
0.033972
0.034072
0.033921
0.034019
0.034057
0.034170
0.030213
0.030053
0.030354
0.045789
0.030714
0.030375
0.030228
0.030215
0.030221
0.030137
0.030147
0.060676
0.030176
0.033546
0.033827
0.030133
0.030252
0.030162
0.030202
0.030178
0.030274
0.030164
0.030204
0.030377
0.030252
0.030426
0.030529
0.030460
0.037167
0.049296
0.030460
0.060690
0.030424
0.030457
0.043395
0.030910
0.030395
0.030443
0.030537
0.030381
0.030493
0.030400
0.030454
0.030540
0.030411
0.051358
0.032094
0.031348
0.031212
0.031398
0.030625
0.060616
0.031201
0.030570
0.030693
0.030512
0.030578
0.030540
0.030481
0.030303
0.039408
0.039086
0.038982
0.039519
0.048779
0.040461
0.040102
0.040175
0.040308
0.040672
0.041546
0.069189
0.041634
0.043396
0.037446
0.031645
0.031932
0.031691
0.031813
0.031654
0.031586
0.030769
0.030845
0.030779
0.030661
0.030728
0.030726
0.030787
0.030828
0.030902
0.030815
0.061077
0.040056
0.030858
0.030491
0.030513
0.030353
0.030318
0.030388
0.030408
0.030279
0.030193
0.030217
0.043542
0.031212
0.030192
0.030172
0.030160
0.030102
0.030032
0.034007
0.063939
0.033948
0.033863
0.033955
0.034020
0.034104
0.033929
0.034090
0.034112
0.034052
0.033870
0.033780
0.060084
0.043585
0.034540
0.034342
0.034141
0.033956
0.033931
0.034012
0.064786
0.059888
0.034449
0.033960
0.034218
0.033966
0.034054
0.034250
0.033985
0.034212
0.034039
0.034160
0.034055
0.034058
0.034020
0.034177
0.034489
0.034348
0.034219
0.034359
0.064729
0.047199
0.033525
0.033336
0.033239
0.033312
0.033334
0.033276
0.033205
0.033122
0.033106
0.045792
0.033694
0.033289
0.033180
0.033261
0.033386
0.033369
0.033260
0.033372
0.063391
0.033953
0.033831
0.033484
0.033321
0.033302
0.033120
0.033200
0.033330
0.033300
0.033330
0.055490
0.033333
0.033333
0.033246
0.033182
0.033250
0.033222
0.033374
0.033216
0.064101
0.037514
0.034250
0.033271
0.033212
0.033229
0.033247
0.033232
0.033393
0.033280
0.033326
0.033256
0.033627
0.033257
0.033350
0.033565
0.033209
0.033385
0.033360
0.033421
0.066256
0.033682
0.033455
0.033035
0.033259
0.033242
0.033168
0.033357
0.033329
0.033263
0.062695
0.036318
0.033386
0.033211
0.033170
0.033414
0.033190
0.033437
0.033166
0.032967
0.063005
0.033143
0.033463
0.033799
0.033280
0.033273
0.033290
0.033395
0.033351
0.033658
0.058372
0.033441
0.033751
0.033522
0.033419
0.033725
0.033577
0.033636
0.033315
0.033537
0.075289
0.033178
0.033394
0.033334
0.033503
0.033892
0.033920
0.030209
0.030285
0.030247
0.030354
0.030441
0.030693
0.030531
0.030487
0.030837
0.030854
0.030649
0.030786
0.030817
0.062027
0.032800
0.030954
0.031063
0.030876
0.030561
0.030776
0.030646
0.030650
0.030513
0.030583
0.049806
0.031118
0.030611
0.030868
0.030888
0.030773
0.030836
0.031016
0.030848
0.060514
0.030899
0.031294
0.030874
0.030763
0.032568
0.034171
0.036690
0.030728
0.030690
0.030908
0.030738
0.053451
0.039803
0.031583
0.031271
0.031374
0.031402
0.031328
0.031362
0.061553
0.031466
0.047065
0.033546
0.030570
0.030761
0.030736
0.030705
0.039238
0.040782
0.039474
0.039488
0.030724
0.030748
0.030888
0.030685
0.030623
0.030677
0.030717
0.030578
0.060582
0.050358
0.034096
0.030707
0.030787
0.030587
0.030580
0.030428
0.030704
0.030662
0.030507
0.030646
0.042710
0.039433
0.039796
0.040266
0.040631
0.044202
0.044424
0.043995
0.079731
0.053783
0.030756
0.030618
0.030483
0.030583
0.030615
0.030665
0.030690
0.041640
0.031475
0.030646
0.030761
0.030770
0.030652
0.030419
0.030349
0.030093
0.030156
0.030271
0.090123
0.030177
0.030522
0.030200
0.030172
0.030065
0.030240
0.030227
0.030170
0.030313
0.030212
0.030305
0.030357
0.030381
0.030522
0.030712
0.030604
0.030708
0.030802
0.030463
0.075595
0.034793
0.030757
0.031379
0.030738
0.030747
0.030640
0.030835
0.030427
0.030474
0.030354
0.036670
0.035458
0.030300
0.030232
0.030388
0.030298
0.030297
0.030185
0.030395
0.060025
0.030300
0.030335
0.030559
0.030643
0.030477
0.030478
0.030485
0.030501
0.030441
0.030320
0.030193
0.030420
0.033708
0.037235
0.030391
0.030462
0.030430
0.030378
0.030365
0.060761
0.030483
0.030523
0.033658
0.033013
0.030449
0.030546
0.030460
0.030430
0.030411
0.030694
0.030631
0.039499
0.039668
0.041806
0.041811
0.034820
0.031270
0.031555
0.031339
0.061472
0.031136
0.031082
0.047474
0.031389
0.030900
0.030947
0.030763
0.030889
0.030832
0.030866
0.030716
0.030674
0.049851
0.033822
0.030970
0.030906
0.030934
0.031090
0.031206
0.061025
0.031143
0.029914
0.030278
0.030325
0.030437
0.029977
0.031211
0.031295
0.031164
0.030962
0.031044
0.030978
0.030891
0.031170
0.041538
0.031657
0.030912
0.031029
0.030961
0.061375
0.031451
0.030936
0.031265
0.031294
0.064384
0.031219
0.031090
0.031053
0.031338
0.031165
0.029952
0.029803
0.030404
0.029906
0.031265
0.030533
0.029981
0.030864
0.030845
0.060853
0.030583
0.030895
0.030778
0.030674
0.030913
0.040321
0.031549
0.030025
0.029993
0.030032
0.029945
0.030046
0.030015
0.029982
0.030034
0.030149
0.048363
0.038449
0.030980
0.060784
0.030730
0.031450
0.030715
0.030669
0.030780
0.030260
0.031148
0.031275
0.031099
0.031332
0.030951
0.031318
0.031198
0.031361
0.031141
0.031272
0.029961
0.058306
0.032348
0.062253
0.032083
0.032028
0.032203
0.032103
0.056764
0.041219
0.040959
0.040853
0.040902
0.040722
0.040593
0.040587
0.040357
0.040648
0.040374
0.042307
0.043105
0.047769
0.046242
0.073473
0.044858
0.030570
0.030275
0.031061
0.030401
0.030375
0.030461
0.030715
0.030519
0.030482
0.047174
0.031397
0.030828
0.030788
0.030649
0.031105
0.030774
0.030798
0.030854
0.060867
0.030726
0.030611
0.030474
0.030675
0.030501
0.030875
0.030570
0.030674
0.030574
0.030603
0.030653
0.030764
0.038415
0.031658
0.030518
0.030582
0.030551
0.030465
0.030732
0.060966
0.030624
0.030876
0.048260
0.032812
0.030429
0.030680
0.030501
0.030449
0.030584
0.030478
0.030461
0.030393
0.030659
0.030502
0.030517
0.030563
0.030316
0.030410
0.030388
0.060855
0.030495
0.031135
0.030297
0.032697
0.032900
0.030252
0.039012
0.030290
0.030377
0.030426
0.030944
0.030581
0.030572
0.030594
0.053164
0.033604
0.030981
0.030940
0.031027
0.060612
0.030658
0.030585
0.030505
0.030410
0.030565
0.030655
0.030427
0.030450
0.030513
0.030437
0.030388
0.030524
0.030420
0.030383
0.030230
0.032569
0.033545
0.030293
0.030387
0.060613
0.030372
0.030613
0.030450
0.030478
0.030368
0.031443
0.040950
0.039735
0.039107
0.033793
0.038391
0.032263
0.030718
0.030744
0.030822
0.030797
0.030709
0.030776
0.030665
0.060501
0.030258
0.030198
0.030232
0.030513
0.030397
0.063150
0.040004
0.031238
0.031213
0.031471
0.031208
0.031106
0.031131
0.031175
0.030631
0.056282
0.036619
0.030388
0.030922
0.060478
0.030409
0.030433
0.030456
0.030569
0.030376
0.030103
0.030133
0.033834
0.033911
0.033555
0.033803
0.033643
0.030100
0.030197
0.030355
0.030660
0.042328
0.030838
0.030405
0.061040
0.030848
0.030915
0.030716
0.030832
0.030818
0.030613
0.035668
0.034146
0.030717
0.030501
0.030515
0.030438
0.030843
0.030420
0.030256
0.030460
0.030468
0.030579
0.030735
0.061415
0.031307
0.030844
0.030464
0.030348
0.030507
0.030597
0.030353
0.030450
0.048868
0.030950
0.030405
0.030380
0.030451
0.030388
0.030486
0.030604
0.030555
0.030515
0.030548
0.077847
0.030395
0.030696
0.030460
0.030538
0.030585
0.030358
0.030427
0.030636
0.030998
0.030931
0.031034
0.030941
0.030895
0.030955
0.030827
0.030911
0.030657
0.030682
0.030976
0.060730
0.040753
0.031043
0.030674
0.030594
0.030784
0.030623
0.030832
0.030756
0.030832
0.030892
0.030860
0.044895
0.031131
0.030872
0.030775
0.031034
0.031114
0.030810
0.030667
0.060588
0.030791
0.030846
0.030747
0.030894
0.030823
0.030861
0.030866
0.030793
0.030784
0.042302
0.031003
0.030959
0.030911
0.031064
0.035429
0.041124
0.040006
0.039616
0.047579
0.070338
0.032047
0.032000
0.031891
0.032058
0.032012
0.032001
0.031995
0.032101
0.030876
0.032057
0.032122
0.032078
0.031806
0.032002
0.031544
0.031628
0.031585
0.031572
0.031608
0.080489
0.030919
0.030764
0.030931
0.030764
0.031024
0.031008
0.030576
0.031089
0.031215
0.049836
0.031240
0.030845
0.031426
0.031068
0.031094
0.030803
0.030865
0.031074
0.030996
0.061544
0.031142
0.030809
0.031131
0.030988
0.030897
0.030758
0.030966
0.031009
0.030899
0.030912
0.050987
0.033039
0.030808
0.030962
0.031010
0.030870
0.030781
0.030767
0.030899
0.060823
0.049582
0.031442
0.030725
0.030702
0.030665
0.030576
0.030857
0.030775
0.030824
0.030652
0.030611
0.030711
0.030566
0.030509
0.030811
0.030486
0.030624
0.030647
0.030570
0.060700
0.030626
0.030449
0.039454
0.030864
0.030630
0.030444
0.030511
0.030546
0.030515
0.030434
0.030662
0.030513
0.030490
0.044249
0.031035
0.030531
0.030247
0.030384
0.030715
0.060478
0.030606
0.030572
0.030724
0.030830
0.030663
0.030628
0.030506
0.030543
0.030612
0.030637
0.030529
0.030603
0.031097
0.030626
0.033900
0.040065
0.039506
0.039317
0.042299
0.074738
0.063531
0.045518
0.042189
0.039082
0.040982
0.043146
0.043081
0.043331
0.043228
0.042993
0.042880
0.043046
0.043314
0.060563
0.070869
0.061450
0.052705
0.033540
0.031044
0.061471
0.031032
0.030674
0.030603
0.030554
0.030639
0.030716
0.042606
0.034710
0.030610
0.030531
0.030535
0.030509
0.030308
0.030301
0.030263
0.030317
0.030245
0.030277
0.030267
0.060504
0.030314
0.030512
0.030467
0.030256
0.030199
0.030366
0.030350
0.030362
0.043900
0.039373
0.037466
0.030651
0.030547
0.030283
0.031531
0.030524
0.030329
0.030181
0.032664
0.082745
0.030224
0.030050
0.030072
0.030133
0.030222
0.030336
0.030332
0.030138
0.030103
0.030183
0.030285
0.030105
0.030212
0.030053
0.034021
0.033635
0.033648
0.033618
0.033963
0.066862
0.034129
0.033447
0.033680
0.033272
0.033662
0.033315
0.033256
0.033154
0.033461
0.037874
0.038038
0.030069
0.030063
0.030031
0.034023
0.033991
0.034097
0.030244
0.030060
0.060201
0.030148
0.030014
0.030144
0.030305
0.030278
0.030063
0.030149
0.030186
0.030035
0.030117
0.030005
0.040532
0.035232
0.030150
0.030116
0.030293
0.030152
0.030186
0.030110
0.060357
0.030137
0.050678
0.030700
0.030321
0.030308
0.030126
0.031351
0.035728
0.031042
0.031117
0.031104
0.031081
0.031439
0.031177
0.031091
0.031069
0.031090
0.031110
0.031108
0.061595
0.031242
0.031124
0.033791
0.038706
0.030382
0.030544
0.030586
0.030502
0.030523
0.030372
0.030509
0.030336
0.030543
0.052177
0.035161
0.030494
0.030421
0.030429
0.030528
0.060737
0.030646
0.030372
0.030443
0.030456
0.030476
0.030513
0.030374
0.030391
0.030490
0.030470
0.030454
0.030364
0.030435
0.030413
0.030396
0.039287
0.036387
0.030416
0.030420
0.060377
0.030510
0.030387
0.030365
0.030334
0.030297
0.047893
0.038604
0.030752
0.030261
0.030332
0.030478
0.030472
0.030606
0.030685
0.030830
0.030652
0.030843
0.030841
0.030871
0.060805
0.030765
0.030838
0.030783
0.030773
0.030777
0.030786
0.056073
0.040637
0.039703
0.039865
0.039600
0.043917
0.060048
0.052730
0.048120
0.030670
0.030825
0.039671
0.043556
0.074265
0.043624
0.052324
0.070947
0.036503
0.030879
0.030902
0.030792
0.030718
0.030854
0.030808
0.030814
0.055588
0.039820
0.039502
0.039333
0.040311
0.044137
0.044086
0.044091
0.083713
0.046942
0.052382
0.032092
0.032033
0.032129
0.031798
0.031897
0.041611
0.039729
0.031609
0.031718
0.031682
0.031687
0.031594
0.031463
0.031762
0.031605
0.031658
0.054704
0.070086
0.031595
0.031681
0.031895
0.031779
0.031925
0.031996
0.032288
0.030978
0.048134
0.033029
0.030815
0.030831
0.031915
0.032013
0.031794
0.032018
0.031936
0.032028
0.032071
0.062091
0.031839
0.031959
0.031867
0.031910
0.031924
0.032030
0.031863
0.031881
0.058971
0.035502
0.031924
0.032050
0.031786
0.032548
0.031915
0.031856
0.031779
0.031751
0.032005
0.070370
0.031967
0.031941
0.031910
0.031967
0.032571
0.031899
0.031969
0.032097
0.030908
0.031978
0.031698
0.031732
0.032066
0.031871
0.031581
0.031310
0.031263
0.031183
0.031308
0.083140
0.031851
0.031922
0.031884
0.030792
0.030812
0.030841
0.030859
0.031015
0.030731
0.040868
0.031933
0.031918
0.031949
0.032014
0.031764
0.031772
0.031930
0.031919
0.031672
0.061631
0.031592
0.031529
0.031551
0.031674
0.031492
0.031683
0.031551
0.031588
0.031602
0.047441
0.033686
0.029979
0.030288
0.030079
0.030291
0.029985
0.031328
0.031265
0.031164
0.062047
0.038553
0.030404
0.030517
0.030338
0.030497
0.030427
0.030257
0.030352
0.030429
0.030518
0.030498
0.030551
0.030517
0.030639
0.034709
0.042973
0.039440
0.031849
0.032197
0.062803
0.039419
0.031237
0.031119
0.031069
0.031145
0.031122
0.031064
0.030350
0.030270
0.030289
0.042817
0.031175
0.030264
0.031239
0.031393
0.031376
0.031244
0.030949
0.030901
0.061426
0.031124
0.030919
0.030871
0.031201
0.030938
0.031045
0.030923
0.031771
0.031116
0.031113
0.031173
0.033223
0.036679
0.030409
0.030377
0.030195
0.030349
0.030322
0.030197
0.060607
0.030246
0.030185
0.044598
0.030731
0.030181
0.030208
0.030210
0.030334
0.030175
0.030348
0.030312
0.030623
0.030534
0.030313
0.030220
0.030434
0.030216
0.030303
0.030282
0.060348
0.030258
0.046841
0.030818
0.030222
0.030268
0.030480
0.030510
0.030429
0.030527
0.030359
0.030482
0.031386
0.049883
0.030950
0.030528
0.030920
0.030634
0.030508
0.030565
0.060510
0.030408
0.030699
0.030414
0.030669
0.030457
0.030518
0.030556
0.030553
0.030474
0.030634
0.030505
0.030641
0.030653
0.030573
0.043585
0.034791
0.030711
0.030496
0.030592
0.060944
0.030703
0.030638
0.030821
0.030480
0.038075
0.037502
0.030556
0.030503
0.030545
0.030549
0.030416
0.030607
0.030541
0.030617
0.030683
0.030586
0.030551
0.030643
0.030698
0.061037
0.031056
0.030787
0.030957
0.030883
0.034685
0.063209
0.039925
0.032095
0.031755
0.032042
0.031862
0.031813
0.031142
0.031286
0.031323
0.033735
0.041793
0.040139
0.031098
0.061363
0.031197
0.031210
0.031156
0.031413
0.031002
0.031277
0.030203
0.030027
0.029958
0.030110
0.029955
0.029978
0.029921
0.030957
0.031760
0.031306
0.054064
0.032607
0.032117
0.061826
0.032012
0.031932
0.032044
0.032050
0.031088
0.032066
0.046030
0.030264
0.031140
0.031334
0.031306
0.031373
0.040532
0.040439
0.031222
0.040656
0.043183
0.044154
0.044571
0.074656
0.043896
0.044124
0.044075
0.063343
0.049854
0.031392
0.030262
0.030137
0.030221
0.030285
0.030282
0.030082
0.030045
0.049123
0.031092
0.029987
0.029912
0.030082
0.029925
0.059914
0.029901
0.030364
0.030173
0.059742
0.039248
0.038543
0.031114
0.030915
0.030852
0.031393
0.030946
0.030869
0.030810
0.050508
0.038764
0.038445
0.042626
0.042658
0.042423
0.073263
0.044316
0.078028
0.050216
0.030280
0.030928
0.030591
0.030355
0.030403
0.030639
0.030175
0.030157
0.030108
0.030098
0.030023
0.030021
0.030068
0.030152
0.030047
0.030046
0.060607
0.037088
0.030452
0.031092
0.029973
0.040793
0.039321
0.038822
0.039069
0.030053
0.041864
0.032720
0.030109
0.029957
0.030194
0.031245
0.031621
0.031886
0.031188
0.030007
0.060308
0.030466
0.030608
0.031442
0.031059
0.030399
0.030432
0.030132
0.030204
0.030182
0.052465
0.030229
0.030202
0.030221
0.030159
0.030114
0.030232
0.030181
0.029954
0.030160
0.060933
0.033250
0.030070
0.030049
0.029967
0.029904
0.030086
0.029954
0.030106
0.029867
0.029861
0.029906
0.031095
0.031019
0.031102
0.031078
0.029820
0.029906
0.029877
0.029966
0.059909
0.029985
0.051308
0.030037
0.029893
0.030000
0.030055
0.029943
0.029912
0.029869
0.029857
0.029830
0.029919
0.039773
0.034595
0.031017
0.030748
0.031085
0.030991
0.030850
0.061095
0.030989
0.030988
0.031126
0.030878
0.031128
0.031331
0.030069
0.029831
0.029947
0.030138
0.030127
0.030213
0.030008
0.033008
0.037718
0.030172
0.030243
0.030008
0.030235
0.059931
0.029991
0.030060
0.029852
0.032992
0.040899
0.029948
0.029970
0.029989
0.029838
0.029941
0.029947
0.029970
0.029946
0.030064
0.029987
0.030055
0.030012
0.030038
0.029900
0.060484
0.029891
0.029914
0.029915
0.030963
0.029883
0.046718
0.035426
0.029796
0.029841
0.029854
0.029919
0.029816
0.029906
0.030034
0.030196
0.031366
0.035697
0.038583
0.030009
0.060201
0.030094
0.030027
0.030198
0.030058
0.029952
0.030121
0.030162
0.029981
0.029876
0.029878
0.031095
0.030903
0.031117
0.030540
0.030328
0.030360
0.030224
0.030383
0.040617
0.060885
0.030102
0.030280
0.030389
0.030314
0.030436
0.030537
0.030814
0.030523
0.043708
0.031014
0.030379
0.030537
0.030472
0.030547
0.030530
0.030682
0.030668
0.030585
0.030731
0.060548
0.030187
0.030227
0.030247
0.030216
0.030176
0.030236
0.030119
0.030177
0.030100
0.030172
0.045504
0.039512
0.039479
0.039671
0.041422
0.043404
0.043009
0.043180
0.081141
0.072916
0.052403
0.030619
0.030813
0.030638
0.030578
0.030660
0.030820
0.030408
0.030490
0.030512
0.030603
0.030781
0.031070
0.031023
0.030003
0.030165
0.029893
0.029911
0.046533
0.068866
0.029875
0.030925
0.030969
0.030993
0.031008
0.030912
0.031015
0.030859
0.055468
0.040935
0.040819
0.040651
0.040676
0.040556
0.040680
0.040671
0.063184
0.044758
0.031914
0.062284
0.031885
0.037702
0.080050
0.032825
0.059108
0.032855
0.031548
0.031355
0.054671
0.030908
0.030432
0.031358
0.031559
0.039325
0.031203
0.031379
0.031690
0.038972
0.038977
0.069519
0.039062
0.046875
0.046703
0.048136
0.043677
0.043440
0.062540
0.046536
0.030586
0.030893
0.030537
0.030436
0.030487
0.030485
0.030244
0.031110
0.039584
0.030777
0.030932
0.060755
0.030847
0.030450
0.030052
0.030045
0.030228
0.030159
0.030572
0.039333
0.042413
0.042884
0.043295
0.043601
0.048923
0.054451
0.042836
0.042817
0.042776
0.042927
0.043240
0.107814
0.035289
0.030551
0.030572
0.030516
0.030485
0.030693
0.030753
0.030905
0.030867
0.030953
0.031060
0.030926
0.030849
0.031109
0.030740
0.030680
0.030409
0.030372
0.030370
0.061097
0.034378
0.039504
0.039224
0.039579
0.042372
0.037623
0.031270
0.030721
0.050446
0.032374
0.030887
0.031131
0.030928
0.030841
0.030902
0.030818
0.030752
0.030785
0.030717
0.061161
0.030935
0.030849
0.030377
0.030379
0.031080
0.030978
0.029859
0.029933
0.029830
0.031142
0.055304
0.030852
0.030818
0.030586
0.030673
0.030756
0.030638
0.030591
0.030398
0.061025
0.045048
0.039258
0.031639
0.031547
0.030827
0.030711
0.031989
0.031932
0.040794
0.042394
0.041264
0.031953
0.031962
0.032063
0.030722
0.031987
0.031883
0.031760
0.031912
0.062090
0.042141
0.033900
0.031073
0.031122
0.029833
0.030045
0.030065
0.030084
0.030429
0.030253
0.030296
0.040724
0.034967
0.030125
0.030181
0.030191
0.030200
0.029988
0.030347
0.060182
0.029916
0.029870
0.029891
0.031020
0.029992
0.030167
0.030135
0.030077
0.030121
0.029982
0.030074
0.029956
0.029923
0.055570
0.030048
0.029866
0.030005
0.031351
0.031409
0.061227
0.039660
0.031497
0.061919
0.038850
0.038698
0.040489
0.044249
0.044479
0.042830
0.042396
0.042486
0.042480
0.044419
0.044204
0.044446
0.044400
0.044277
0.042442
0.054776
0.070452
0.039585
0.039525
0.039587
0.032214
0.031251
0.031268
0.057941
0.033010
0.030039
0.029907
0.030087
0.030711
0.030044
0.030058
0.029996
0.030110
0.030060
0.029922
0.030018
0.060017
0.030011
0.029963
0.030016
0.030011
0.030056
0.029866
0.029931
0.030021
0.045551
0.038973
0.045546
0.040053
0.033663
0.031088
0.029993
0.029996
0.054735
0.038565
0.030914
0.062232
0.031181
0.030823
0.052748
0.030847
0.031026
0.034339
0.039913
0.039784
0.039938
0.039585
0.066157
0.041157
0.031240
0.031291
0.031024
0.031206
0.031074
0.031104
0.031016
0.061702
0.040246
0.039181
0.041498
0.042821
0.043038
0.043036
0.043338
0.043268
0.042907
0.043129
0.043077
0.042781
0.043280
0.042969
0.042846
0.043876
0.082279
0.058653
0.035475
0.072724
0.031590
0.030731
0.033587
0.038525
0.030477
0.030172
0.030186
0.030192
0.030186
0.031139
0.030060
0.030100
0.029887
0.029856
0.029882
0.029920
0.030155
0.029875
0.029849
0.059904
0.029965
0.029798
0.029846
0.052716
0.038920
0.030934
0.030965
0.031000
0.031202
0.030791
0.030627
0.030687
0.030808
0.030661
0.049245
0.038604
0.038488
0.038280
0.030121
0.063511
0.030881
0.033877
0.029976
0.030047
0.029985
0.029965
0.029985
0.029909
0.029895
0.029949
0.029975
0.029888
0.030085
0.030037
0.030012
0.035160
0.030038
0.030143
0.030038
0.059996
0.030051
0.030183
0.030021
0.029933
0.029947
0.040046
0.038528
0.040460
0.038479
0.044443
0.044286
0.044276
0.044630
0.044129
0.044344
0.044268
0.044261
0.044272
0.045446
0.077932
0.041439
0.029978
0.030274
0.031136
0.030944
0.031050
0.031232
0.031048
0.031013
0.030908
0.058167
0.039905
0.039795
0.031044
0.031040
0.030973
0.031126
0.042385
0.038664
0.071288
0.062840
0.049664
0.032770
0.032475
0.031334
0.031147
0.031149
0.031106
0.057495
0.040141
0.031065
0.031230
0.031003
0.031212
0.031186
0.031171
0.030184
0.030034
0.030105
0.067840
0.030041
0.031267
0.031019
0.030916
0.030949
0.031029
0.030930
0.031091
0.031811
0.030017
0.030254
0.030773
0.030875
0.030785
0.031366
0.031156
0.031310
0.031144
0.031283
0.061819
0.037118
0.031184
0.030060
0.031193
0.029902
0.029954
0.029997
0.029902
0.031109
0.030994
0.048192
0.031440
0.031046
0.030860
0.030638
0.030696
0.030797
0.031079
0.030981
0.061292
0.031124
0.029972
0.031166
0.031138
0.029886
0.029959
0.030361
0.029996
0.030170
0.030319
0.030451
0.031211
0.045174
0.031336
0.030891
0.031012
0.030660
0.030509
0.030496
0.060580
0.030328
0.030395
0.038312
0.032290
0.030930
0.030925
0.039599
0.039551
0.041250
0.053251
0.047999
0.030498
0.030290
0.030341
0.030275
0.030287
0.030241
0.030188
0.030040
0.060653
0.051655
0.030697
0.030729
0.031656
0.031229
0.030304
0.030113
0.030459
0.030252
0.030148
0.038940
0.048223
0.039145
0.038718
0.030057
0.030133
0.029969
0.030365
0.030179
0.060409
0.030156
0.029998
0.030067
0.030452
0.030598
0.030162
0.030253
0.030128
0.030020
0.030055
0.033736
0.033800
0.037376
0.035230
0.033518
0.033695
0.033535
0.033486
0.033461
0.063450
0.033246
0.034163
0.038845
0.033583
0.033876
0.033765
0.033669
0.033345
0.033422
0.033021
0.033350
0.033170
0.033195
0.033033
0.033115
0.033330
0.033180
0.033191
0.032938
0.063227
0.033020
0.035632
0.036228
0.042673
0.042815
0.042777
0.046700
0.046665
0.046638
0.066754
0.048901
0.049017
0.033777
0.033600
0.033754
0.033584
0.033637
0.033554
0.033343
0.063235
0.033337
0.033429
0.043027
0.035017
0.033831
0.051215
0.055386
0.041576
0.032794
0.032420
0.032526
0.032335
0.032377
0.032327
0.032532
0.032708
0.050168
0.032453
0.032452
0.062414
0.032490
0.033117
0.037519
0.032272
0.041801
0.042017
0.041706
0.045454
0.045587
0.045368
0.080511
0.054133
0.032961
0.032458
0.032456
0.039506
0.042271
0.041230
0.058378
0.068217
0.032383
0.031775
0.031863
0.031894
0.032133
0.031665
0.031688
0.031681
0.031861
0.032085
0.031850
0.033828
0.031660
0.031715
0.033030
0.032341
0.032383
0.032322
0.057630
0.066143
0.031686
0.031878
0.032053
0.031650
0.031847
0.032084
0.031866
0.021729
0.039685
0.037571
0.031757
0.031407
0.031512
0.031571
0.031586
0.031591
0.031893
0.032045
0.031904
0.061396
0.031528
0.031590
0.031697
0.031547
0.032032
0.031763
0.031605
0.031591
0.031590
0.046327
0.032230
0.031756
0.031139
0.031213
0.031256
0.031361
0.031146
0.020966
0.021030
0.021098
0.021198
0.027872
0.021421
0.021120
0.021099
0.021223
0.031096
0.030973
0.030790
0.030745
0.030908
0.030558
0.030311
0.030297
0.030458
0.030509
0.030467
0.030480
0.030529
0.060730
0.030401
0.030490
0.030288
0.030339
0.027040
0.021817
