0.397964
0.042294
0.042683
0.042948
0.042687
0.042970
0.046701
0.042523
0.039801
0.042843
0.043593
0.042821
0.042795
0.043130
0.043132
0.041674
0.031528
0.021869
0.021920
0.021795
0.021402
0.031209
0.021142
0.031328
0.030366
0.030481
0.038769
0.039649
0.039220
0.039006
0.030560
0.030583
0.029961
0.020611
0.044565
0.044118
0.039892
0.039044
0.039054
0.033697
0.064261
0.030524
0.030606
0.030501
0.030714
0.030709
0.030658
0.030504
0.030565
0.030676
0.030608
0.030558
0.030762
0.030615
0.030606
0.051453
0.040019
0.039096
0.038966
0.037494
0.061519
0.031361
0.031370
0.031295
0.045433
0.038679
0.031600
0.031427
0.031397
0.031465
0.031401
0.031339
0.031380
0.031358
0.031497
0.031472
0.031604
0.031454
0.031432
0.031339
0.060765
0.031236
0.031288
0.031259
0.048174
0.040766
0.040286
0.039924
0.037862
0.066146
0.038045
0.031891
0.032947
0.040161
0.039156
0.039465
0.049263
0.030621
0.030753
0.030710
0.060537
0.033266
0.028669
0.030652
0.030669
0.028689
0.030993
0.030763
0.030688
0.030758
0.030654
0.030533
0.057496
0.031689
0.030478
0.030602
0.030520
0.030665
0.030653
0.030567
0.061162
0.030618
0.044677
0.035041
0.030635
0.030829
0.030673
0.030488
0.032044
0.031682
0.030972
0.030972
0.031329
0.031261
0.031188
0.031012
0.031140
0.031009
0.031094
0.030990
0.060161
0.030473
0.030690
0.033609
0.033866
0.030675
0.030529
0.030517
0.030482
0.030754
0.030554
0.030618
0.030573
0.031208
0.037818
0.030600
0.030522
0.030648
0.030737
0.030728
0.059959
0.030484
0.030681
0.030662
0.030802
0.030751
0.030505
0.031278
0.030551
0.030492
0.030654
0.030575
0.030612
0.030543
0.030675
0.041408
0.030810
0.030605
0.030591
0.030632
0.060720
0.030564
0.030488
0.030700
0.030550
0.050476
0.031038
0.030593
0.030792
0.030543
0.030578
0.030842
0.030510
0.030604
0.030606
0.030561
0.030563
0.030547
0.030453
0.030643
0.060300
0.030608
0.030535
0.030545
0.030695
0.030723
0.035885
0.034024
0.030449
0.030479
0.030514
0.030792
0.030579
0.030442
0.030455
0.030374
0.030577
0.057152
0.033440
0.031454
0.061098
0.031439
0.031509
0.031410
0.031420
0.031395
0.031267
0.031399
0.031430
0.031481
0.031662
0.031434
0.031345
0.031388
0.031348
0.031363
0.031369
0.031432
0.040259
0.031059
0.060107
0.030716
0.030601
0.030746
0.030744
0.030642
0.031179
0.028801
0.051960
0.031451
0.030692
0.030678
0.030662
0.030715
0.030626
0.030655
0.030704
0.030794
0.030639
0.031265
0.061771
0.030725
0.030807
0.031146
0.030647
0.030527
0.030605
0.030733
0.028737
0.032884
0.033852
0.030580
0.030637
0.030593
0.030525
0.030585
0.030662
0.030655
0.030620
0.030521
0.076011
0.030825
0.030886
0.030733
0.030693
0.030838
0.030601
0.030629
0.030787
0.031073
0.030766
0.030732
0.030625
0.030590
0.030625
0.030656
0.030675
0.030692
0.030544
0.030656
0.061653
0.037681
0.030698
0.030621
0.030773
0.030653
0.030618
0.030743
0.030573
0.030547
0.030664
0.048126
0.033396
0.030602
0.030622
0.030738
0.030791
0.030748
0.030580
0.030551
0.060411
0.030849
0.030715
0.030744
0.031405
0.030731
0.030507
0.030731
0.030626
0.030653
0.030650
0.030690
0.054268
0.032072
0.031662
0.029562
0.031451
0.031506
0.031413
0.031367
0.061177
0.031826
0.039533
0.032139
0.031374
0.031483
0.031429
0.031483
0.031444
0.031463
0.031495
0.031415
0.031494
0.031560
0.031501
0.030867
0.030536
0.030646
0.030579
0.030478
0.060415
0.030634
0.030596
0.044980
0.033644
0.031453
0.031522
0.031913
0.031561
0.031611
0.031430
0.031476
0.031533
0.033141
0.036010
0.030670
0.030680
0.030619
0.030586
0.030614
0.060628
0.030643
0.030632
0.030763
0.030616
0.030914
0.030649
0.030723
0.030749
0.033269
0.040707
0.039516
0.039268
0.054726
0.039921
0.039072
0.039808
0.043382
0.052159
0.054192
0.060331
0.041217
0.039546
0.047592
0.066677
0.048341
0.031166
0.030875
0.031064
0.031542
0.030988
0.031377
0.030938
0.031375
0.031036
0.030678
0.030579
0.030528
0.030605
0.030696
0.075007
0.031463
0.031447
0.031394
0.031447
0.031475
0.031473
0.029765
0.031574
0.056202
0.035149
0.030725
0.030653
0.030649
0.030668
0.030644
0.030582
0.030708
0.030595
0.030768
0.060178
0.030778
0.030705
0.030545
0.030565
0.030771
0.030696
0.030558
0.030535
0.030638
0.031830
0.034419
0.030666
0.030582
0.030586
0.030683
0.030594
0.030677
0.030771
0.030588
0.060922
0.037499
0.030646
0.030679
0.030957
0.030800
0.034593
0.041021
0.040042
0.030626
0.030790
0.030708
0.031042
0.030611
0.030780
0.030708
0.030702
0.030627
0.030786
0.030700
0.061222
0.035907
0.030591
0.030612
0.030587
0.030563
0.030522
0.030558
0.030643
0.030651
0.031028
0.044812
0.035042
0.030825
0.031119
0.030763
0.030681
0.030636
0.030769
0.030684
0.060496
0.030791
0.030823
0.030772
0.030609
0.030678
0.030869
0.030818
0.030732
0.030740
0.058187
0.033064
0.030630
0.030637
0.031442
0.031095
0.031181
0.031036
0.031217
0.031704
0.101360
0.043405
0.043162
0.043260
0.043243
0.043076
0.043497
0.043097
0.043282
0.043057
0.043047
0.043235
0.043116
0.043213
0.043754
0.047520
0.046926
0.057013
0.031635
0.031855
0.061846
0.031816
0.031685
0.052698
0.039131
0.031489
0.031450
0.031420
0.031503
0.031494
0.031417
0.031767
0.031416
0.031479
0.031543
0.031454
0.031526
0.031868
0.031600
0.031550
0.060931
0.031375
0.031432
0.031513
0.053721
0.031399
0.031348
0.031331
0.032202
0.031600
0.031358
0.031469
0.031403
0.031394
0.050244
0.031857
0.030649
0.030813
0.030815
0.030696
0.060494
0.030597
0.030950
0.030833
0.030756
0.030629
0.030884
0.030957
0.030992
0.030671
