0.376704
0.042333
0.042176
0.042284
0.076488
0.042190
0.042073
0.047845
0.056648
0.030134
0.030319
0.031411
0.045744
0.031559
0.030086
0.029958
0.030022
0.029967
0.030069
0.029964
0.053928
0.030192
0.030226
0.030194
0.020260
0.030082
0.030096
0.030062
0.029966
0.030082
0.020123
0.020144
0.020049
0.020086
0.020128
0.020192
0.025931
0.020408
0.020048
0.020035
0.020018
0.020090
0.020050
0.019996
0.019997
0.020025
0.019980
0.020012
0.019969
0.020106
0.020030
0.023678
0.023416
0.020206
0.020004
0.020100
0.020016
0.020058
0.019974
0.020083
0.020148
0.019970
0.020019
0.020011
0.020012
0.020135
0.020007
0.020015
0.020069
0.019987
0.020127
0.020080
0.020014
0.020088
0.020112
0.020002
0.020079
0.020052
0.020018
0.019991
0.020164
0.020116
0.039145
0.020492
0.020155
0.020080
0.020015
0.020118
0.020051
0.020048
0.020063
0.020069
0.020030
0.020384
0.020055
0.019999
0.020088
0.021157
0.025665
0.020361
0.019988
0.019935
0.019993
0.029863
0.020065
0.020057
0.020165
0.020157
0.020107
0.020066
0.020064
0.020130
0.020062
0.020063
0.020058
0.020066
0.020142
0.020143
0.020078
0.020060
0.020118
0.020185
0.020087
0.020069
0.020031
0.020129
0.020126
0.020055
0.020029
0.025342
0.022046
0.020179
0.020002
0.020084
0.020087
0.020063
0.020107
0.020036
0.020113
0.020089
0.020101
0.020008
0.020142
0.020140
0.020001
0.026077
0.020626
0.020114
0.020086
0.020069
0.020058
0.020207
0.020096
0.020128
0.020082
0.020068
0.020105
0.020035
0.020216
0.020138
0.020039
0.020171
0.020121
0.020110
0.020014
0.020032
0.020092
0.020094
0.020033
0.020064
0.020018
0.020071
0.019985
0.020090
0.020173
0.020014
0.020200
0.025886
0.020503
0.020053
0.020524
0.020438
0.020472
0.020498
0.020490
0.020421
0.020510
0.020479
0.020484
0.020665
0.020726
0.020397
0.021292
0.027151
0.027134
0.020021
0.022340
0.026243
0.026062
0.020047
0.020028
0.020107
0.020080
0.020121
0.020067
0.020108
0.020183
0.020141
0.019964
0.020097
0.020471
0.020043
0.020031
0.019967
0.020021
0.020076
0.020061
0.020076
0.020080
0.020060
0.019950
0.020141
0.020092
0.025856
0.024751
0.020061
0.020092
0.020073
0.019989
0.020054
0.020081
0.020054
0.019980
0.019997
0.020157
0.020026
0.020050
0.020050
0.022052
0.026132
0.021909
0.020101
0.019997
0.020008
0.020048
0.019966
0.020078
0.020041
0.020023
0.019984
0.020058
0.020003
0.020022
0.020067
0.020046
0.020040
0.020009
0.020047
0.019941
0.020022
0.019968
0.020031
0.020071
0.020101
0.020135
0.020079
