0.353477
0.030410
0.030553
0.030327
0.043645
0.030350
0.030210
0.030355
0.030391
0.030607
0.030472
0.030377
0.030237
0.030168
0.030161
0.051351
0.030422
0.030343
0.030413
0.030491
0.054312
0.030311
0.030323
0.030351
0.030336
0.030368
0.030343
0.030368
0.030428
0.030360
0.030183
0.030306
0.030252
0.030244
0.030355
0.030373
0.033986
0.035375
0.030571
0.030596
0.060127
0.030374
0.030440
0.030443
0.030425
0.030514
0.033015
0.039907
0.030612
0.030588
0.030904
0.031413
0.036539
0.030464
0.030532
0.030875
0.030652
0.030808
0.030681
0.030783
0.061163
0.030794
0.031102
0.031003
0.031036
0.030936
0.030827
0.034825
0.030641
0.045882
0.030772
0.030524
0.030740
0.030550
0.030957
0.030854
0.031022
0.042436
0.034689
0.030915
0.061408
0.030545
0.030574
0.030381
0.030568
0.030592
0.030700
0.030730
0.030695
0.031050
0.030672
0.030531
0.030532
0.030810
0.030678
0.030564
0.030663
0.030533
0.035242
0.033825
0.060194
0.034095
0.033531
0.031022
0.030915
0.030872
0.031282
0.031056
0.048469
0.031160
0.030751
0.030832
0.030707
0.030939
0.030646
0.030387
0.030630
0.030632
0.030559
0.030833
0.061301
0.031245
0.031076
0.031219
0.030936
0.030994
0.031083
0.030914
0.030895
0.035298
0.032017
0.030892
0.030755
0.030671
0.030685
0.030527
0.030450
0.030407
0.030657
0.030901
0.064717
0.030955
0.030529
0.030415
0.030419
0.030473
0.030570
0.030641
0.030575
0.030536
0.030561
0.030621
0.030540
0.030696
0.031015
0.030798
0.030633
0.030799
0.030512
0.030754
0.061260
0.037012
0.031434
0.030613
0.030596
0.031018
0.031011
0.030765
0.030891
0.030941
0.030813
0.030868
0.035896
0.032687
0.030603
0.030729
0.030396
0.030540
0.030964
0.031018
0.060604
0.031184
0.031506
0.031366
0.030945
0.031096
0.030664
0.030858
0.030877
0.030536
0.030899
0.030844
0.030913
0.053579
0.039540
0.031825
0.032125
0.032081
0.031983
0.032021
0.062278
0.032405
0.056901
0.040673
0.040567
0.040343
0.043574
0.044235
0.054662
0.071367
0.052435
0.031567
0.031470
0.031475
0.031191
0.030880
0.030794
0.030771
0.030519
0.051180
0.063025
0.039658
0.039384
0.039116
0.043003
0.042847
0.043045
0.066736
0.053214
0.046393
0.030734
0.030719
0.046453
0.030805
0.030896
0.045948
0.030525
0.045829
0.030534
0.030509
0.046109
0.030547
0.030601
0.030591
0.030522
0.067132
0.036904
0.030545
0.030594
0.031041
0.030711
0.030766
0.030756
0.030739
0.030662
0.059165
0.031403
0.030622
0.030727
0.030904
0.061014
0.031399
0.032060
0.031084
0.030768
0.030846
0.030646
0.030685
0.030740
0.030670
0.030732
0.030658
0.030841
0.030764
0.030973
0.031053
0.041334
0.031139
0.031052
0.031174
0.061131
0.031414
0.031276
0.031461
0.031455
0.031522
0.043395
0.033428
0.031504
0.031755
0.031702
0.031905
0.032186
0.031721
0.031858
0.031852
0.031921
0.031802
0.031827
0.031507
0.067425
0.033823
0.031339
0.031518
0.031404
0.031318
0.054990
0.031705
0.030933
0.030936
0.031091
0.030709
0.030709
0.031027
0.030931
0.030583
0.046861
0.038458
0.030667
0.031377
0.060522
0.030681
0.031111
0.030893
0.030852
0.030949
0.030917
0.030952
0.031034
0.031028
0.030882
0.031002
0.030718
0.030797
0.044273
0.030653
0.031086
0.040126
0.034081
0.030933
0.060598
0.030908
0.030732
0.030732
0.030935
0.030918
0.030769
0.033815
0.033387
0.030820
0.030775
0.030964
0.031229
0.031039
0.031231
0.031027
0.030787
0.030732
0.028806
0.030802
0.061288
0.031197
0.030965
0.030915
0.030908
0.031140
0.031139
0.031313
0.053801
0.031389
0.031310
0.030954
0.030675
0.030775
0.031030
0.030905
0.030974
0.030979
0.030990
0.052891
0.060830
0.031022
0.030868
0.030900
0.030905
0.030801
0.031061
0.030954
0.030997
0.030931
0.030866
0.030904
0.030984
0.030862
0.030820
0.030780
0.030690
0.030843
0.030962
0.030659
0.071706
0.030845
0.030697
0.031007
0.031631
0.030743
0.030701
0.030813
0.031061
0.030605
0.042367
0.031024
0.031041
0.030966
0.031143
0.031038
0.031016
0.030920
0.031121
0.031310
0.061017
0.031069
0.030742
0.028690
0.030582
0.030713
0.030558
0.030910
0.030620
0.028647
0.031636
0.035674
0.033661
0.030969
0.030728
0.030853
0.030684
0.030593
0.030658
0.030680
0.061346
0.041954
0.034307
0.030543
0.030633
0.030687
0.030656
0.030619
0.030792
0.030673
0.030779
0.030576
0.030575
0.030756
0.030611
0.030696
0.030691
0.030733
0.030593
0.030768
0.060633
0.030646
0.058085
0.035510
0.031312
0.031555
0.031362
0.031558
0.031404
0.031336
0.031358
0.031447
0.047992
0.033980
0.030919
0.031011
0.030672
0.030715
0.030753
0.030909
0.060312
0.030824
0.030985
0.030830
0.030723
0.030882
0.030737
0.030670
0.030785
0.030676
0.030649
0.030610
0.030999
0.030763
0.044333
0.030915
0.030646
0.030622
0.030615
0.030624
0.060568
0.030668
0.030654
0.030595
0.042886
0.031871
0.030738
0.030810
0.030493
0.030623
0.030580
0.030662
0.030786
0.030639
0.030829
0.030664
0.030631
0.030635
0.030572
0.030597
0.060185
0.030577
0.031329
0.030671
0.030612
0.048617
0.031792
0.030774
0.030751
0.030879
0.031066
0.030935
0.030890
0.031018
0.031049
0.031089
0.042139
0.031597
0.030957
0.030563
0.046189
0.030600
0.030586
0.030789
0.046012
0.030629
0.030712
0.030849
0.030989
0.030945
0.030945
0.031026
0.047414
0.030577
0.031391
0.038491
0.030868
0.030659
0.031015
0.035463
0.068282
0.038797
0.031704
0.031475
0.047712
0.035101
0.031330
0.031328
0.031108
0.031235
0.031214
0.032091
0.031413
0.031110
0.031091
0.031038
0.031002
0.031027
0.031301
0.031162
0.061833
0.031122
0.037908
0.038140
0.057554
0.039014
0.053294
0.042722
0.042596
0.042729
0.065109
0.078728
0.030713
0.030709
0.030696
0.030594
0.030691
0.030579
0.030312
0.030299
