0.407617
0.075080
0.051985
0.030885
0.031215
0.031098
0.031019
0.031101
0.030880
0.050842
0.031771
0.031003
0.030554
0.030752
0.030767
0.030884
0.030694
0.030434
0.030711
0.047169
0.055056
0.030861
0.030823
0.031407
0.030835
0.031291
0.030913
0.030939
0.030980
0.031521
0.030646
0.030795
0.030924
0.030808
0.030872
0.031174
0.031310
0.031075
0.030848
0.035501
0.060812
0.031134
0.031195
0.030988
0.031281
0.031104
0.040051
0.049787
0.034414
0.032383
0.032025
0.032221
0.031954
0.031549
0.032149
0.031666
0.031277
0.031135
0.030831
0.030919
0.060978
0.031255
0.031146
0.031242
0.031188
0.031476
0.031533
0.031250
0.044554
0.034715
0.031485
0.031361
0.031608
0.032297
0.031579
0.032533
0.031738
0.031688
0.031958
0.042671
0.078815
0.032040
0.031837
0.031791
0.031844
0.031789
0.031829
0.031677
0.031821
0.031583
0.031450
0.031324
0.031296
0.031817
0.031403
0.031218
0.031561
0.031386
0.034771
0.035966
0.061216
0.031526
0.031570
0.031532
0.031337
0.031669
0.031430
0.031677
0.035111
0.031245
0.031435
0.031434
0.031358
0.031440
0.031284
0.031584
0.031687
0.031475
0.031542
0.031694
0.061135
0.031448
0.031597
0.031306
0.031314
0.031506
0.031712
0.031673
0.031456
0.041608
0.041118
0.031466
0.031567
0.031773
0.031677
0.032032
0.031557
0.031628
0.031532
0.041113
0.062389
0.031595
0.031536
0.031621
0.031742
0.031711
0.031667
0.031581
0.031590
0.031710
0.031454
0.031687
0.031557
0.031356
0.031339
0.031454
0.031356
0.031657
0.031669
0.031511
0.071131
0.031512
0.032224
0.031789
0.031716
0.031595
0.031575
0.031508
0.031482
0.034753
0.033306
0.031300
0.038886
0.043192
0.041177
0.040882
0.041165
0.044908
0.045199
0.044979
0.101766
0.058814
0.032852
0.035448
0.032118
0.044443
0.033041
0.041237
0.031789
0.040879
0.033146
0.031606
0.031612
0.031669
0.031879
0.058268
0.032346
0.031714
0.031824
0.031466
0.061312
0.031440
0.031710
0.031437
0.035978
0.031622
0.031550
0.031529
0.031645
0.031830
0.031784
0.031698
0.031669
0.031745
0.031812
0.034448
0.039859
0.031593
0.031502
0.031633
0.060940
0.031621
0.031499
0.031298
0.031505
0.058227
0.032713
0.032269
0.032209
0.032176
0.032337
0.032128
0.031896
0.031890
0.031696
0.031812
0.031629
0.031586
0.031583
0.031570
0.061311
0.031728
0.031664
0.032043
0.031884
0.031846
0.053098
0.032212
0.031947
0.031971
0.031791
0.031698
0.031685
0.031724
0.031789
0.031622
0.036147
0.036126
0.031683
0.031973
0.061176
0.031993
0.032006
0.032030
0.032056
0.032255
0.032135
0.032057
0.032043
0.032315
0.031897
0.031454
0.031571
0.031803
0.031845
0.032054
0.031821
0.040232
0.032370
0.031851
0.062126
0.032609
0.032974
0.033229
0.033267
0.032589
0.049461
0.033976
0.031725
0.031769
0.032000
0.031682
0.032243
0.031988
0.035801
0.043768
0.041651
0.031824
0.032385
0.031708
0.061370
0.031601
0.031454
0.031465
0.031538
0.031716
0.033869
0.041655
0.040953
0.041040
0.041801
0.045541
0.046187
0.045737
0.078028
0.052204
0.032559
0.033561
0.031758
0.032197
0.061780
0.031633
0.032155
0.031555
0.031326
0.031346
0.031435
0.031732
0.031696
0.031953
0.032210
0.031958
0.031729
0.032034
0.052438
0.031766
0.031789
0.031640
0.031732
0.031645
0.061061
0.031587
0.031621
0.054154
0.042060
0.037562
0.031955
0.031839
0.031645
0.031840
0.031849
0.032080
0.031850
0.031812
0.031813
0.031768
0.031583
0.031628
0.031633
0.031635
0.061574
0.031832
0.031764
0.032035
0.043790
0.032250
0.032030
0.032052
0.032246
0.031821
0.032140
0.031890
0.031701
0.031816
0.035929
0.035189
0.031848
0.032046
0.031978
0.032008
0.061272
0.032256
0.032294
0.032481
0.032331
0.032347
0.032461
0.032101
0.032201
0.032033
0.032015
0.031914
0.031915
0.032018
0.032002
0.046056
0.032956
0.032330
0.032467
0.032413
0.061995
0.032415
0.032405
0.032224
0.041645
0.036048
0.032009
0.032084
0.032065
0.032092
0.032126
0.031927
0.031828
0.031634
0.032257
0.032495
0.032171
0.034194
0.043141
0.035497
0.061785
0.032471
0.032427
0.032310
0.059625
0.038457
0.033314
0.033195
0.032726
0.032857
0.032764
0.032027
0.032100
0.032523
0.038780
0.034953
0.032622
0.032140
0.031579
0.031485
0.061520
0.031986
0.032049
0.032218
0.032074
0.031998
0.031845
0.031878
0.031948
0.031987
0.032137
0.031972
0.032085
0.040014
0.032242
0.066569
0.083228
0.032342
0.032392
0.032859
0.061869
0.032554
0.032277
0.032206
0.047712
0.032126
0.047604
0.032764
0.032274
0.032066
0.032147
0.032137
0.032109
0.048528
0.052808
0.032399
0.032032
0.031854
0.032045
0.031897
0.061599
0.031746
0.031760
0.031830
0.041081
0.035748
0.032152
0.049637
0.046661
0.035442
0.032464
0.032634
0.032675
0.033235
0.033149
0.032790
0.033249
0.033398
0.034005
0.033453
0.062743
0.033600
0.030198
0.034875
0.037620
0.033653
0.032629
0.033192
0.032125
0.032138
0.032180
0.032165
0.032177
0.034190
0.036182
0.032037
0.032010
0.032213
0.031968
0.031934
0.061626
0.031963
0.032120
0.031998
0.031958
0.031972
0.031868
0.032454
0.032175
0.032202
0.032496
0.038759
0.042241
0.032284
0.051113
0.032459
0.032354
0.032261
0.032196
0.032022
0.061526
0.032291
0.032212
0.034794
0.035717
0.032112
0.032132
0.032405
0.032500
0.032307
0.032509
0.032115
0.032228
0.031954
0.031972
