0.415506
0.030231
0.029911
0.030154
0.029818
0.032335
0.029787
0.029806
0.029892
0.029798
0.029822
0.029945
0.029780
0.039108
0.030086
0.029903
0.029908
0.029871
0.029862
0.029843
0.053485
0.029845
0.029793
0.057449
0.030945
0.030617
0.030629
0.030570
0.030641
0.030546
0.031573
0.031656
0.030707
0.030375
0.030639
0.030673
0.030679
0.030586
0.030568
0.030567
0.019900
0.019920
0.019825
0.019921
0.019905
0.030515
0.030490
0.025040
0.022063
0.019892
0.030559
0.019845
0.019877
0.019858
0.019879
0.019895
0.019986
0.019803
0.030525
0.019926
0.019894
0.019867
0.024084
0.023141
0.019970
0.019830
0.021163
0.019826
0.019840
0.019954
0.019824
0.019861
0.019819
0.019850
0.019891
0.019867
0.019869
0.019886
0.019833
0.019831
0.019850
0.019871
0.019911
0.019916
0.019850
0.019733
0.019753
0.019776
0.019840
0.019884
0.019818
0.019914
0.019891
0.020039
0.023538
0.022143
0.019813
0.019801
0.019817
0.019932
0.019757
0.019843
0.019864
0.019872
0.019774
0.019834
0.019760
0.019752
0.019755
0.019726
0.025998
0.022260
0.019968
0.019824
0.019877
0.019821
0.019761
0.019866
0.019799
0.019743
