0.366376
0.034770
0.030888
0.029872
0.029919
0.029789
0.029737
0.029828
0.029811
0.029866
0.029944
0.033073
0.032752
0.029990
0.029748
0.029933
0.029879
0.029781
0.029855
0.029889
0.053850
0.029855
0.039172
0.038058
0.038205
0.038297
0.042457
0.042274
0.055455
0.030744
0.049260
0.034769
0.030158
0.030339
0.030168
0.030173
0.030203
0.030273
0.030315
0.030340
0.062908
0.031268
0.030222
0.030411
0.030169
0.030355
0.030382
0.030286
0.030218
0.030383
0.030210
0.038851
0.031185
0.030262
0.030219
0.030169
0.030156
0.030105
0.030091
0.030129
0.060501
0.030237
0.030149
0.030197
0.030131
0.030157
0.030283
0.030173
0.030276
0.030228
0.030183
0.030329
0.030227
0.038647
0.034714
0.040018
0.039918
0.030997
0.031128
0.031121
0.061043
0.030895
0.045710
0.031140
0.030184
0.030236
0.030363
0.030199
0.030211
0.030293
0.030140
0.030175
0.030305
0.030301
0.030350
0.030445
0.030106
0.030416
0.030139
0.030188
0.060635
0.030196
0.030197
0.030172
0.042911
0.031017
0.030163
0.030222
0.030228
0.030242
0.030157
0.030226
0.030349
0.030551
0.030223
0.053611
0.030084
0.030056
0.030216
0.030165
0.059868
0.030011
0.030090
0.030289
0.030060
0.030230
0.030172
0.030159
0.030109
0.030620
0.030063
0.030205
0.030074
0.030324
0.030528
0.030326
0.038281
0.031306
0.030087
0.030131
0.060502
0.030103
0.030095
0.030019
0.030086
0.030106
0.050644
0.030417
0.030129
0.031040
0.031046
0.031173
0.031349
0.031085
0.031062
0.031122
0.030863
0.030577
0.030395
0.030448
0.060342
0.030347
0.030223
0.030084
0.030213
0.030178
0.030083
0.045592
0.031281
0.030197
0.030166
0.030119
0.030150
0.030233
0.030094
0.030138
0.030183
0.030093
0.043642
0.031534
0.060566
0.030465
0.030196
0.030049
0.030322
0.030063
0.030075
0.030193
0.030062
0.029983
0.030031
0.030084
0.030128
0.030028
0.030066
0.030044
0.030008
0.030104
0.030144
0.030099
0.082416
0.030103
0.030075
0.030118
0.030092
0.030168
0.030762
0.031094
0.030325
0.030024
0.040418
0.030476
0.030215
0.030193
0.030250
0.030424
0.030452
0.030507
0.030526
0.030423
0.061002
0.030462
0.030429
0.030579
0.030640
0.030409
0.030462
0.030554
0.030501
0.030529
0.030438
0.043454
0.035272
0.030631
0.030988
0.030582
0.030669
0.030974
0.030837
0.030699
0.060538
0.056794
0.039311
0.039274
0.039389
0.030658
0.030520
0.030818
0.030766
0.030868
0.030845
0.031270
0.030787
0.030895
0.030938
0.030743
0.030758
0.030692
0.030659
0.030837
0.061037
0.051290
0.033900
0.030872
0.030789
0.030715
0.030659
0.030616
0.030595
0.030789
0.030667
0.041915
0.031619
0.030892
0.030686
0.030686
0.030625
0.030841
0.030873
0.030936
0.060650
0.031026
0.030925
0.030884
0.031372
0.030998
0.030828
0.031069
0.031040
0.031012
0.030955
0.031050
0.041195
0.031704
0.040117
0.039734
0.038154
0.031011
0.030969
0.030972
0.061505
0.035560
0.038599
0.030869
0.030864
0.030939
0.030906
0.031017
0.031003
0.031056
0.031011
0.030942
0.031013
0.032900
0.031023
0.046471
0.030951
0.031040
0.030952
0.030870
0.061506
0.031047
0.043909
0.032140
0.031663
0.031779
0.031695
0.031731
0.031772
0.031804
0.031842
0.031901
0.045575
0.042062
0.041271
0.032367
0.031127
0.031390
0.031361
0.031166
0.060716
0.031130
0.031249
0.031124
0.031332
0.031414
0.031189
0.031317
0.031231
0.031065
0.031248
0.031308
0.054987
0.041659
0.040847
0.040937
0.044194
0.043989
0.065431
0.059679
0.084791
0.035485
0.033502
0.031786
0.031925
0.031698
0.031508
0.031447
0.031419
0.031632
0.031663
0.031608
0.031565
0.031678
0.031723
0.031706
0.032425
0.052413
0.042504
0.031601
0.061500
0.031584
0.031801
0.031419
0.032309
0.031541
0.048299
0.035163
0.031288
0.031327
0.031254
0.040414
0.040099
0.040308
