0.466508
0.035787
0.032337
0.031978
0.032042
0.031226
0.031303
0.031148
0.031211
0.031299
0.031223
0.046075
0.031644
0.031247
0.031281
0.031328
0.031261
0.031369
0.031322
0.031459
0.056710
0.038307
0.031618
0.031367
0.031366
0.031385
0.031411
0.031476
0.032125
0.031615
0.031670
0.031449
0.032317
0.031983
0.032077
0.031732
0.032118
0.032127
0.032076
0.031684
0.061318
0.036481
0.031495
0.031134
0.031250
0.031086
0.031338
0.031254
0.031299
0.031461
0.031411
0.048204
0.032470
0.031506
0.031485
0.031318
0.031302
0.031362
0.031290
0.031293
0.061059
0.031584
0.031593
0.031742
0.031631
0.031484
0.031629
0.031555
0.031654
0.031720
0.031666
0.049758
0.032660
0.031625
0.031595
0.031545
0.031533
0.031497
0.031383
0.031277
0.061311
0.050820
0.031644
0.031636
0.031553
0.031579
0.031688
0.031482
0.031749
0.031651
0.031509
0.031357
0.031685
0.031302
0.031441
0.031298
0.031303
0.031276
0.031320
0.031245
0.060702
0.031154
0.037815
0.031275
0.031257
0.031111
0.031240
0.031245
0.031380
0.031274
0.031190
0.031177
0.052169
0.032420
0.031333
0.031340
0.031336
0.031226
0.031297
0.031264
0.061296
0.031244
0.031404
0.031583
0.031385
0.031722
0.031308
0.030970
0.031311
0.031107
0.031552
0.031384
0.031379
0.042138
0.031806
0.031384
0.031404
0.031462
0.031216
0.032013
0.060670
0.031992
0.031065
0.035086
0.031149
0.031136
0.031141
0.030988
0.031147
0.030955
0.031119
0.030917
0.030960
0.031118
0.030957
0.031058
0.031070
0.031101
0.031176
0.031325
0.062054
0.031052
0.031095
0.058873
0.037326
0.031065
0.031187
0.031208
0.031217
0.031194
0.031129
0.031192
0.031206
0.042853
0.031881
0.031290
0.031211
0.031327
0.031277
0.031268
0.060693
0.031289
0.031184
0.031237
0.031169
0.031340
0.031502
0.031340
0.031176
0.031181
0.031055
0.030781
0.031201
0.031049
0.050119
0.032992
0.031954
0.031817
0.031702
0.031780
0.061970
0.031690
0.031634
0.033304
0.035362
0.032053
0.032169
0.032042
0.031916
0.031693
0.032119
0.031848
0.031900
0.031828
0.031754
0.031629
0.031668
0.031604
0.031649
0.031637
0.060881
0.031513
0.031319
0.031350
0.039698
0.031420
0.031394
0.031334
0.031293
0.031155
0.031295
0.031306
0.031262
0.031423
0.032555
0.038107
0.031337
0.031440
0.031246
0.031340
0.061467
0.031427
0.031448
0.031518
0.031554
0.031494
0.031442
0.031457
0.031549
0.031443
0.031550
0.031621
0.031438
0.031489
0.034356
0.033860
0.031516
0.031603
0.031503
0.031561
0.061137
0.031579
0.031381
0.031549
0.036320
0.034056
0.031531
0.031417
0.031519
0.031453
0.031495
0.031600
0.031569
0.031464
0.031435
0.031451
0.031531
0.031397
0.031283
0.031309
0.061073
0.031382
0.031482
0.031495
0.031286
0.041378
0.032412
0.031927
0.031448
0.031816
0.031684
0.031745
0.031719
0.031497
0.031411
0.031386
0.048363
0.040803
0.040836
0.031622
0.060983
0.031580
0.031366
0.031497
0.031532
0.031446
0.031504
0.031463
0.031342
0.031408
0.031613
0.031613
0.031636
0.031674
0.031684
0.055657
0.040739
0.040582
0.040714
0.040727
0.074955
0.035576
0.035780
0.045314
0.031725
0.031973
0.031980
0.072152
0.045022
0.032243
0.032091
0.032111
0.032395
0.032297
0.031346
0.031376
0.031434
0.031638
0.031888
0.031561
0.061089
0.052234
0.031605
0.031371
0.031443
0.031436
0.031424
0.031242
0.031452
0.031362
0.031595
0.031672
0.041102
0.031314
0.031322
0.031164
0.031149
0.031236
0.031155
0.031294
0.061195
0.031412
0.031679
0.031695
0.031468
0.031466
0.031635
0.031778
0.031825
0.031770
0.031819
0.031734
0.035568
0.035596
0.032217
0.032123
0.032352
0.032327
0.032331
0.032284
0.061731
0.032221
0.046924
0.033574
0.032231
0.032382
0.032535
0.032632
0.032471
0.032537
0.032803
0.032662
0.032640
0.032711
0.032354
0.032624
0.032313
0.032550
0.032754
0.032301
0.062472
0.032284
0.052978
0.032438
0.032020
0.032366
0.032503
0.032708
0.033353
0.032794
0.032514
0.032619
0.046642
0.032623
0.032195
0.032128
0.032174
0.032008
0.032243
0.032246
0.061640
0.032116
0.032195
0.032279
0.032264
0.032305
0.032320
0.032411
0.032396
0.031960
0.032040
0.032006
0.032135
0.035964
0.032043
0.032054
0.032268
0.032574
0.032173
0.032389
0.062038
0.032159
0.036102
0.035994
0.031897
0.031708
0.031747
0.031943
0.031729
0.031774
0.031854
0.032098
0.031838
0.031948
0.032003
0.031928
0.031905
0.032071
0.031764
0.031679
0.061289
0.031809
0.031963
0.038936
0.031901
0.031771
0.031709
0.031700
0.031853
0.031739
0.031741
0.031797
0.031692
0.039302
0.041282
0.040910
0.040832
0.044631
0.044444
0.044534
0.074590
0.044002
0.044241
0.044610
0.045252
0.045066
0.044819
0.044917
0.069720
0.045536
0.065529
0.045579
0.032518
0.032305
0.032540
0.032465
0.047571
0.037308
0.031689
0.031455
0.060690
0.031432
0.031427
0.031430
0.031575
0.031492
0.031375
0.031381
0.031474
0.031389
0.031439
0.031622
0.031475
0.031521
0.031550
0.031453
0.033624
0.039505
0.031334
0.031323
0.061336
0.031278
0.031403
0.031317
0.031464
0.031400
0.054368
0.037524
0.032585
0.031344
0.031585
0.031225
0.031213
0.031165
0.031193
0.031090
0.031262
0.031227
0.031309
0.031329
0.060741
0.031231
0.031260
0.031221
0.031193
0.031130
0.031040
0.041035
0.040001
0.031233
0.031082
0.031023
0.031065
0.031163
0.031097
0.031170
0.031409
0.060859
0.032081
0.031853
0.061841
0.032079
0.031945
0.031801
0.032061
0.031823
0.031837
0.031837
0.031848
0.031754
0.031939
0.032864
0.031899
0.031924
0.032579
0.031793
0.031817
0.056226
0.031684
0.031762
0.061233
0.031847
0.032523
0.031599
0.031816
0.031753
0.052563
0.039555
0.031878
0.031685
0.031843
0.031771
0.031825
0.031825
0.031697
0.031749
0.031486
0.031375
0.031454
0.031567
0.061478
0.031356
0.031894
0.031725
0.031769
0.031816
0.032028
0.047499
0.033380
0.031474
0.031448
0.031447
0.031660
0.031650
0.031792
0.031472
0.031320
0.037676
0.032068
0.030663
0.060272
0.030464
0.030518
0.030599
0.030807
0.030601
0.030605
0.030661
0.030455
0.030630
0.030619
0.030970
0.030725
0.030797
0.030825
0.030594
0.030587
0.030653
0.037680
0.032167
0.060940
0.030664
0.030721
0.030656
0.030704
0.030778
0.030685
0.028769
0.035848
0.033123
0.030866
0.030601
0.030735
0.034336
0.040652
0.030750
0.030732
0.030863
0.030612
0.030684
0.060324
0.028621
0.030651
0.030823
0.030684
0.030796
0.030771
0.030718
0.058725
0.039929
0.039291
0.039268
0.041727
0.043220
0.043422
0.041941
0.031317
0.033914
0.030875
0.031020
0.061791
0.031069
0.031048
0.030585
0.030719
0.030564
0.030530
0.030558
0.030547
0.030559
0.030609
0.030627
0.030638
0.030621
0.030721
0.030593
0.028669
0.030782
0.041819
0.031111
0.060207
0.030650
0.030668
0.030631
0.030554
0.030698
0.030573
0.030713
0.054985
0.031260
0.030747
0.030680
0.030579
0.030560
0.030612
0.030638
0.030672
0.030668
0.030584
0.030646
0.060305
0.030662
0.030651
0.030641
0.030593
0.030503
0.030596
0.030619
0.043437
0.030929
0.030536
0.031195
0.030725
0.030624
0.030602
0.030529
0.030579
0.028651
0.030603
0.035444
0.062249
0.030644
0.030735
0.028718
0.030634
0.030816
0.031033
0.030663
0.030678
0.030578
0.030668
0.030763
0.030774
0.030670
0.030702
0.030564
0.030633
0.030678
0.028708
0.031090
0.060547
0.032009
0.030736
0.031042
0.030828
0.030675
0.030660
0.030896
0.030648
0.030766
0.030640
0.044227
0.035406
0.030643
0.030625
0.028802
0.030585
0.030654
0.030746
0.030949
0.060806
0.031751
0.031718
0.031304
0.031338
0.031606
0.031404
0.031531
0.031307
0.031230
0.031066
0.031244
0.037521
0.031211
0.031152
0.030729
0.030941
0.030974
0.030950
0.030837
0.060620
0.030777
0.044002
0.031181
0.030737
0.030700
0.020682
0.020530
0.026980
0.026975
0.027090
0.038576
0.030706
0.030629
0.020674
0.020580
0.030731
0.030957
0.031012
0.028838
0.060715
0.031032
0.039758
0.064080
0.039989
0.038684
0.031079
0.030726
0.030707
0.030964
0.030849
0.030992
0.031273
0.055445
0.031649
0.031171
0.031307
0.031051
0.031186
0.031143
0.060789
0.031232
0.031628
0.040642
0.031451
0.031166
0.031009
0.031056
0.030990
0.030943
0.030955
0.030972
0.030976
0.033440
0.034250
0.031052
0.030970
0.030986
0.031009
0.039774
0.070621
0.043558
0.058299
0.053437
0.060483
0.039528
0.031944
0.032293
0.031951
0.031759
0.031737
0.031837
0.033365
0.031965
0.031984
0.031954
0.031990
0.031748
0.032052
0.031773
0.061752
0.041948
0.040360
0.039984
0.039923
0.050782
0.070896
0.059604
0.031557
0.031189
0.031185
0.031191
0.031140
0.031219
0.031221
0.031262
0.031230
0.031193
0.031327
0.031625
0.061532
0.031245
0.040010
0.041092
0.040253
0.040270
0.062137
0.033463
0.037975
0.031287
0.031439
0.031334
0.031411
0.031310
0.031606
0.031408
0.055279
0.031944
0.031404
0.031367
0.061257
0.031419
0.031613
0.031687
0.031531
0.031520
0.031466
0.031599
0.032015
0.032241
0.031705
0.031581
0.031461
0.031476
0.031448
0.031535
0.031515
0.035008
0.031577
0.031567
0.061436
0.031686
0.031747
0.031692
0.031741
0.031785
0.035315
0.033208
0.032310
0.031672
0.031468
0.031663
0.031675
0.031590
0.031766
0.032027
0.031673
0.031795
0.031750
0.031646
0.061383
0.032097
0.031655
0.031822
0.031726
0.031597
0.031518
0.043626
0.031852
0.031638
0.031661
0.031532
0.031661
0.031777
0.031705
0.031559
0.031595
0.049542
0.033840
0.031728
0.062132
0.031809
0.031912
0.032464
0.031980
0.031650
0.031594
0.031632
0.031782
0.031770
0.031804
0.031793
0.031717
0.031725
0.031915
0.031857
0.032086
0.032060
0.041144
0.033029
0.062171
0.032228
0.032077
0.032022
0.032382
0.033008
0.032377
0.035100
0.034530
0.031873
0.032052
0.032132
0.032393
0.034837
0.032666
0.032510
0.032624
0.032456
0.032436
0.032172
0.062323
0.032064
0.031971
0.031911
0.031702
0.038750
0.044134
0.037555
0.032165
0.038927
0.032137
0.032113
0.032222
0.032151
0.032018
0.031946
0.047261
0.032302
0.032115
0.031911
0.061560
0.031941
0.032226
0.032380
0.032437
0.032624
0.032510
0.032623
0.032489
0.032390
0.032211
0.032360
0.032083
0.032092
0.032573
0.032945
0.053642
0.042480
0.041159
0.041473
0.076454
0.045516
0.045707
0.079799
0.053748
0.062906
0.032694
0.033108
0.032852
0.034354
0.032525
0.032608
0.032556
0.032622
0.032250
0.032128
0.032249
0.032423
0.032414
0.032269
0.061908
0.049965
0.042052
0.033123
0.033221
0.032991
0.033071
0.033110
0.033304
0.033039
0.033110
0.059165
0.033134
0.033000
0.032985
0.033129
0.033201
0.033074
0.032466
0.032254
0.062265
0.032432
0.032371
0.032397
0.032588
0.032416
0.032413
0.032454
0.032381
0.032279
0.032227
0.053355
0.032505
0.032389
0.032436
0.032379
0.032346
0.032491
0.032578
0.032744
0.062935
0.036229
0.032676
0.032964
0.032626
0.032643
0.032619
0.032681
0.032762
0.032575
0.032577
0.032564
0.033215
0.032833
0.032789
0.032624
0.033003
0.032614
0.032424
0.041202
0.062870
0.032415
0.032972
0.033593
0.033347
0.032817
0.032530
0.032759
0.032772
0.053163
0.036673
0.036546
0.036553
0.036497
0.036476
0.036796
0.036447
0.036416
0.036554
0.036517
0.066215
0.032701
0.032670
0.032129
0.032135
0.032159
0.032237
0.032089
0.040980
0.032235
0.032102
0.032494
0.032126
0.032010
0.032038
0.031993
0.031872
0.031973
0.040969
0.042288
0.072437
0.045917
0.046429
0.046134
0.045887
0.046043
0.046026
0.045716
0.045325
0.045183
0.044897
0.044993
0.045870
0.047969
0.049498
0.032885
0.032947
0.033178
0.033058
0.033019
0.084894
0.040784
0.040580
0.044758
0.044833
0.044620
0.044459
0.044551
0.044807
0.044784
0.045079
0.044726
0.044875
0.044854
0.063510
0.052289
0.059366
0.031739
0.031710
0.031849
0.061626
0.031394
0.035107
0.031287
0.031522
0.031381
0.031317
0.031372
0.031491
0.031384
0.031666
0.031516
0.031442
0.031405
0.031534
0.031489
0.031514
0.031571
0.031549
0.031364
0.061214
0.031412
0.045542
0.031890
0.031402
0.031426
0.031362
0.031392
0.031425
0.031531
0.031467
0.031842
0.063646
0.033978
0.032326
0.032448
0.032138
0.032125
0.032977
0.032368
0.061965
0.031771
0.031353
0.031383
0.031293
0.031299
0.031290
0.031406
0.031203
0.031186
0.031177
0.031303
0.047737
0.031548
0.031052
0.031457
0.031773
0.032074
0.031893
0.031729
0.061614
0.043015
0.032444
0.032223
0.031988
0.032048
0.032601
0.032814
0.033430
0.033354
0.033207
0.032642
0.032312
0.032067
0.032197
0.031960
0.031976
0.032073
0.032223
0.031958
0.073537
0.039213
0.031762
0.031939
0.032028
0.034150
0.031870
0.031851
0.032081
0.031846
0.031759
0.042876
0.031926
0.031850
0.031923
0.031967
0.032070
0.032007
0.032041
0.032094
0.062054
0.032301
0.032742
0.032590
0.032353
0.032814
0.032457
0.032753
0.032734
0.032680
0.049361
0.041640
0.033258
0.033183
0.033037
0.033069
0.033106
0.032959
0.032744
0.032548
0.081226
0.040233
0.032605
0.032514
0.032667
0.032926
0.033159
0.033133
0.033460
0.032984
0.032859
0.034482
0.033378
0.033043
0.032995
0.033545
0.034893
0.033335
0.033384
0.033022
0.071322
0.032553
0.032426
0.032567
0.032848
0.033088
0.032556
0.043437
0.041977
0.051234
0.046670
0.042239
0.046274
0.046188
0.045688
0.045715
0.045676
0.045381
0.045743
0.055795
0.107363
0.041884
0.032487
0.032672
0.032350
0.032575
0.032851
0.032799
0.032170
0.032164
0.047094
0.036620
0.032344
0.032535
0.032318
0.031948
0.032116
0.032051
0.032098
0.031993
0.061636
0.032007
0.031867
0.031919
0.031716
0.031922
0.032081
0.032240
0.032399
0.032528
0.032341
0.055504
0.032241
0.032334
0.032466
0.032906
0.032273
0.032584
0.034041
0.033609
0.064356
0.037004
0.032208
0.031940
0.031952
0.031733
0.031948
0.031976
0.031880
0.031974
0.031825
0.031710
0.031858
0.031717
0.031996
0.031925
0.032092
0.031953
0.031851
0.031824
0.061685
0.032105
0.044084
0.032390
0.031760
0.031531
0.031652
0.031587
0.031682
0.031649
0.031705
0.031681
0.042490
0.031604
0.031433
0.031256
0.031363
0.031337
0.031356
0.031264
0.061417
0.031452
0.031348
0.031404
0.031323
0.031287
0.031184
0.031314
0.031372
0.031513
0.031500
0.031246
0.031233
0.042785
0.033450
0.031217
0.031315
0.031058
0.031113
0.031222
0.061214
0.037988
0.031090
0.031097
0.030960
0.031025
0.031184
0.031075
0.031130
0.032025
0.033283
0.031384
0.031402
0.033525
0.031357
0.031473
0.031434
0.043714
0.043640
0.043565
0.092160
0.034526
0.031312
0.031271
0.031294
0.031328
0.031267
0.031552
0.031088
0.033236
0.039047
0.030905
0.031006
0.030917
0.031070
0.030966
0.031090
0.031163
0.030992
0.031047
0.060493
0.030709
0.028854
0.030811
0.030720
0.030807
0.030701
0.028875
0.030811
0.030674
0.052755
0.030131
0.030728
0.030713
0.030801
0.030619
0.030833
0.020613
0.020591
0.020851
0.020736
0.020716
0.020838
0.027873
0.020848
0.021317
0.046179
0.030350
0.046903
0.046588
0.046605
0.031099
0.046463
0.046324
0.031101
0.031017
0.031093
0.031034
0.031324
0.031206
0.060646
0.034775
0.034448
0.031196
0.031378
0.031347
0.031503
0.031040
0.031239
0.046733
0.031181
0.031789
0.052990
0.031243
0.031097
0.031062
0.031178
0.031239
0.030959
0.046360
0.060421
0.031101
0.031061
0.031142
0.031321
0.031480
0.031331
0.031361
0.031235
0.031167
0.031212
0.031373
0.040564
0.040851
0.031337
0.031354
0.031339
0.031244
0.031446
0.031456
0.061269
0.045142
0.034728
0.031337
0.031248
0.031353
0.031295
0.031276
0.031454
0.031312
0.031252
0.031433
0.031368
0.031354
0.031272
0.032110
0.032597
0.032203
0.032136
0.032208
0.061247
0.054825
0.040100
0.032449
0.032427
0.032229
0.032374
0.032475
0.032309
0.032445
0.032819
0.054640
0.035936
0.031735
0.031628
0.031511
0.031668
0.031738
0.031736
0.031868
0.061420
0.032083
0.032873
0.032561
0.032696
0.032618
0.033094
0.033354
0.033390
0.033646
0.033708
0.046139
0.037655
0.032279
0.032052
0.031826
0.031723
0.031695
0.031702
0.031694
0.062274
0.038738
0.031931
0.031838
0.031761
0.031734
0.031713
0.031876
0.031844
0.031659
0.031712
0.031602
0.031622
0.031650
0.031534
0.031429
0.031555
0.031424
0.031592
0.031451
0.060995
0.039286
0.036139
0.031367
0.031421
0.031203
0.031123
0.030976
0.031144
0.030663
0.030667
0.022664
0.027630
0.020794
0.020577
0.020631
0.020698
0.020518
0.020647
0.020504
0.020466
0.020578
0.020538
0.020571
0.020502
0.020533
0.020461
0.020522
0.020638
0.020470
0.020574
0.020603
0.020596
0.020690
0.020612
0.020567
0.020426
0.020597
0.020620
0.020514
0.020518
0.020588
0.027097
0.021074
0.020802
0.020526
0.020525
0.020593
0.020515
0.020505
0.020496
0.020533
0.020950
0.020531
0.020530
0.020602
0.020646
0.023395
0.025724
0.021246
0.020552
0.020561
0.020576
0.020612
0.020473
0.020511
0.020560
0.020609
0.020480
0.020469
0.020545
0.020553
0.020578
0.020559
0.020604
0.020462
0.020581
0.020519
0.020558
0.020463
0.020547
0.020651
0.020548
0.020496
0.020607
0.021406
0.024187
0.027058
0.027677
0.021411
0.020718
0.020636
0.020477
0.020519
0.020573
0.020685
0.020532
0.020558
0.020519
0.020530
0.020739
0.020572
0.020545
0.026055
0.024630
0.020729
0.020637
0.020558
0.020595
0.020581
0.020515
0.020557
0.020518
0.020547
0.020745
0.020569
0.020502
0.020537
0.020633
0.020636
0.020480
0.020526
0.020495
0.020587
0.020579
0.020574
0.020410
0.020606
0.020814
0.020714
0.020567
0.020576
0.020555
0.020506
0.026658
0.021079
0.020622
0.020733
0.020499
0.020597
0.020540
0.020507
0.020596
0.020538
0.020576
0.020650
0.020481
0.030462
0.020374
0.026633
0.031048
0.020362
0.020365
0.020328
0.020356
0.020348
0.020470
0.020316
0.020325
0.020360
0.020325
0.020368
0.020326
0.020480
0.020417
0.020397
0.020658
0.020512
0.020304
0.020376
0.020489
0.020369
0.020409
0.020339
0.020336
0.030411
0.020230
0.020278
0.020270
0.026486
0.025232
0.020255
0.020287
0.020266
0.020314
0.020283
0.020294
0.020331
0.020221
0.020224
0.020386
0.020261
0.020428
0.020283
0.024876
0.024549
0.020522
0.020333
0.020312
0.020306
0.020295
0.020229
0.020279
0.020257
0.020480
0.020426
0.020172
0.020293
0.030223
0.020286
0.030476
0.020170
0.020151
0.020254
0.020274
0.020244
0.020296
0.020338
0.020275
0.020243
0.020248
0.020176
0.020267
0.020260
0.022757
0.021344
0.020282
0.020310
0.020272
0.020288
0.020237
0.030665
0.020324
0.020289
0.020167
0.020305
0.020233
0.020308
0.020264
0.027077
0.020700
0.020288
0.020401
0.020246
0.020151
0.020273
0.020777
0.020240
0.020198
0.020312
0.020272
0.020353
0.020206
0.020314
0.020196
0.020190
0.020311
0.020246
0.020249
0.020287
0.020273
0.020157
0.020255
0.020275
0.020274
0.020178
0.020200
0.020267
0.020199
0.023269
0.027248
0.026287
0.026894
0.027286
0.026483
0.026435
0.026319
0.026562
0.040014
0.044647
0.024239
0.020782
0.020737
0.020759
0.020802
0.020829
0.020854
0.020883
0.020687
0.020269
0.020359
0.020272
0.020293
0.020275
0.020230
0.020363
0.020284
0.020334
0.020276
0.020241
0.020285
0.020319
0.020254
0.020272
0.020261
0.020249
0.020277
0.020375
0.020269
0.020275
0.020612
0.026809
0.020770
0.020408
0.020354
0.020254
0.020282
0.020273
0.030287
0.020286
0.020275
0.020267
0.020272
0.020288
0.020167
0.020260
0.025177
0.023234
0.020399
0.020176
0.020181
0.020236
0.020162
0.020157
0.020225
0.020235
0.020234
0.020233
0.020260
0.020157
0.020165
0.020185
0.020343
0.020214
0.020104
0.020185
0.020128
0.020221
0.020261
0.020292
0.020173
0.020143
0.020405
0.020184
0.020186
0.020116
0.020181
0.021800
0.025484
0.020392
0.020095
0.020249
0.026094
0.020295
0.020272
0.020264
0.020159
0.020249
0.020218
0.020268
0.020254
0.020278
0.020415
0.027304
0.020693
0.020179
0.020309
0.020240
0.020229
0.020285
0.020195
0.020144
0.020153
0.020238
0.020188
0.020215
0.020209
0.020237
0.020171
0.020166
0.020205
0.020346
0.020183
0.020141
0.020160
0.020160
0.020194
0.020236
0.020190
0.020146
0.020162
0.020133
0.020142
0.020237
0.020208
0.026272
0.020716
0.020201
0.020307
0.020246
0.020239
0.020277
0.020197
0.020198
0.020245
0.020271
0.020260
0.020207
0.020316
0.020208
0.024090
0.021668
0.020232
0.020281
0.020214
0.020213
0.020238
0.020284
0.020213
0.020276
0.020485
0.020253
0.020239
0.020294
0.020280
0.020325
0.020265
0.020225
0.020207
0.020271
0.020243
0.020224
0.020161
0.020281
0.020302
0.020243
0.020224
0.020127
0.020205
0.020329
0.020271
0.023252
0.024463
0.020442
0.020237
0.020225
0.020289
0.020218
0.020265
0.020322
0.020331
0.020176
0.020290
0.020938
0.021066
0.020622
0.021356
0.026052
0.020712
0.020306
0.020286
0.020270
0.020266
0.020294
0.020336
0.020284
0.020259
0.020235
0.020286
0.020212
0.020282
0.020246
0.020227
0.020276
0.020283
0.020226
0.020225
0.020319
0.020251
0.020257
0.020193
0.020305
0.020263
0.020311
0.020256
0.020249
0.020322
0.031022
0.026376
0.026322
0.026508
0.026218
0.026219
0.038780
0.032040
0.020586
0.020250
0.040470
0.020710
0.020297
0.020260
0.020224
0.020240
0.020214
0.020311
0.020281
0.020185
0.020254
0.020192
0.020226
0.020233
0.020083
0.020207
0.020294
0.020309
0.020155
0.020131
0.020219
0.020225
0.020298
0.020179
0.020174
0.020265
0.020263
0.020265
0.020238
0.020231
0.020203
0.020218
0.026217
0.020844
0.020416
0.020270
0.020229
0.020209
0.020267
0.020265
0.020239
0.020194
0.020251
0.020540
0.020309
0.020250
0.020279
0.021309
0.026214
0.022970
0.020178
0.020167
0.020165
0.026334
0.026337
0.026364
0.026315
0.026299
0.024973
0.020597
0.020255
0.020390
0.020249
0.020251
0.020324
0.020326
0.020343
0.030316
0.020253
0.020306
0.020230
0.020437
0.020294
0.020329
0.020315
0.020244
0.020258
0.025192
0.026955
0.020276
0.020205
0.020269
0.020307
0.020295
0.020302
0.020296
0.020311
0.020290
0.020309
0.020207
0.020460
0.020247
0.025504
0.026813
0.020203
0.020269
0.020279
0.020282
0.020299
0.020371
0.020355
0.020305
0.020366
0.020354
0.020280
0.020263
0.020315
0.020271
0.020293
0.020328
0.020339
0.020285
0.020355
0.020317
0.020260
0.020490
0.020226
0.020203
0.020188
0.020248
0.020241
0.020251
0.020201
0.024899
0.023808
0.020710
0.020296
0.020280
0.020203
0.020294
0.020219
0.020216
0.020318
0.020355
0.020222
0.020260
0.020240
0.020263
0.020546
0.027042
0.021463
0.020317
0.025946
0.026160
0.022049
0.020182
0.020247
0.020304
0.020347
0.020211
0.020202
0.020302
0.020265
0.020328
0.020303
0.020178
0.020190
0.020197
0.020191
0.020197
0.020308
0.020246
0.020282
0.020188
0.020197
0.020201
0.020281
0.020166
0.020195
0.022726
0.025966
0.020820
0.020484
0.020306
0.020286
0.020302
0.020310
0.020297
0.020187
0.020344
0.020273
0.020272
0.020334
0.020212
0.042065
0.020936
0.020300
0.020222
0.020254
0.020235
0.020859
0.020299
0.020232
0.020263
0.020238
0.020268
0.020134
0.020311
0.020305
0.020276
0.020186
0.020301
0.020313
0.020310
0.020205
0.020226
0.020176
0.020307
0.020489
0.020279
0.020190
0.020394
0.020222
0.020279
0.020341
0.026305
0.022728
0.020314
0.020238
0.020212
0.020234
0.020376
0.020262
0.020235
0.020471
0.020320
0.020320
0.020289
0.020339
0.020276
0.027113
0.020785
0.020254
0.020209
0.020260
0.020268
0.020262
0.020292
0.020328
0.020343
0.020200
0.020314
0.020220
0.020282
0.020344
0.020300
0.020330
0.020275
0.020282
0.020317
0.020313
0.020308
0.020444
0.020299
0.020268
0.020335
0.020280
0.020278
0.020287
0.020302
0.025885
0.026828
0.026584
0.026269
0.026419
0.026253
0.028689
0.043656
0.023499
0.020264
0.020347
0.020194
0.025946
0.026809
0.020216
0.020234
0.020284
0.020211
0.020168
0.020290
0.020273
0.020254
0.020200
0.020326
0.020283
0.020336
0.020485
0.020287
0.020291
0.020390
0.020378
0.020359
0.030285
0.020251
0.020327
0.020294
0.020861
0.020439
0.020354
0.020263
0.020326
0.020335
0.020362
0.026243
0.025423
0.020147
0.020265
0.020205
0.020221
0.020265
0.020329
0.020147
0.020282
0.020241
0.020103
0.020264
0.020336
0.042837
0.023626
0.020179
0.020287
0.020252
0.020291
0.020353
0.020218
0.020263
0.020332
0.023559
0.026282
0.025031
0.020206
0.020196
0.020580
0.020416
0.020314
0.020339
0.020357
0.020282
0.020464
0.020292
0.020339
0.020236
0.020241
0.020358
0.020306
0.020264
0.020356
0.026433
0.030862
0.020288
0.020303
0.020261
0.020272
0.020408
0.020265
0.020279
0.020545
0.020244
0.020357
0.020270
0.020281
0.021178
0.026308
0.020693
0.020286
0.020283
0.020228
0.020231
0.020210
0.020578
0.020528
0.020292
0.020285
0.020272
0.020234
0.020366
0.020308
0.020242
0.020254
0.020259
0.020243
0.020323
0.020303
0.020246
0.020266
0.020308
0.020342
0.020243
0.020283
0.020235
0.020289
0.020267
0.024690
0.026744
0.026465
0.026414
0.020378
0.020297
0.020224
0.020292
0.020308
0.020351
0.020257
0.020258
0.020299
0.020302
0.038960
0.023079
0.020386
0.020236
0.020204
0.020224
0.020278
0.020290
0.020254
0.020156
0.020185
0.020272
0.020356
0.020251
0.020339
0.020203
0.020310
0.020266
0.020298
0.020173
0.020225
0.020251
0.020276
0.020170
0.020192
0.020323
0.020257
0.020281
0.020208
0.020194
0.020314
0.021009
0.027064
0.021372
0.020313
0.020292
0.020289
0.020386
0.020297
0.020283
0.020656
0.020394
0.020249
0.021928
0.027315
0.020890
0.026445
0.021879
0.023214
0.020384
0.020328
0.020248
0.020269
0.020322
0.020395
0.020288
0.020250
0.020299
0.020350
0.020211
0.020196
0.020350
0.020247
0.020269
0.020246
0.020217
0.020251
0.020260
0.020195
0.020147
0.020162
0.020341
0.020370
0.020255
0.020274
0.020342
0.020281
0.020172
0.020613
0.026634
0.020617
0.020285
0.020240
0.020365
0.020541
0.020268
0.020503
0.020356
0.020223
0.020273
0.020228
0.020343
0.020191
0.020315
0.022911
0.025060
0.020403
0.020197
0.020284
0.020321
0.020227
0.020231
0.020200
0.020298
0.020205
0.020256
0.020307
0.020187
0.020271
0.020153
0.020241
0.020388
0.026295
0.026224
0.021390
0.020245
0.020302
0.020269
0.020304
0.020240
0.020342
0.020251
0.020272
0.020166
0.020175
0.020576
0.026520
0.021237
0.020287
0.020288
0.020308
0.020323
0.020114
0.020248
0.020283
0.020197
0.020230
0.020221
0.020329
0.020205
0.020305
0.024630
0.023647
0.020491
0.020357
0.020286
0.020389
0.020325
0.020303
0.020353
0.020351
0.020271
0.020205
0.020284
0.020293
0.020345
0.020318
0.020397
0.020211
0.020335
0.020396
0.020286
0.020311
0.020266
0.020333
0.020260
0.020226
0.020233
0.020236
0.020323
0.020314
0.020270
0.022493
0.025404
0.020494
0.020258
0.020295
0.020372
0.020355
0.020515
0.020284
0.020222
0.020282
0.020193
0.020216
0.020320
0.020231
0.020255
0.025540
0.022530
0.020229
0.020259
0.020305
0.020262
0.020293
0.020321
0.020470
0.020296
0.020320
0.020269
0.020837
0.020290
0.020666
0.020240
0.020372
0.020235
0.020281
0.020276
0.020265
0.020300
0.020308
0.020311
0.020305
0.020298
0.020254
0.020234
0.020309
0.020276
0.021813
0.025574
0.020847
0.020199
0.020308
0.020272
0.020344
0.020260
0.020199
0.020281
0.020278
0.020118
0.020235
0.020181
0.020226
0.020458
0.026872
0.020756
0.020242
0.020270
0.021004
0.020251
0.020231
0.020215
0.020252
0.020260
0.020224
0.020282
0.020248
0.020237
0.020308
0.020297
0.020185
0.020234
0.020299
0.020943
0.020215
0.020349
0.020237
0.020303
0.020231
0.020292
0.029469
0.030345
0.020312
0.020221
0.026457
0.020681
0.020346
0.020261
0.020313
0.020285
0.020370
0.020471
0.020356
0.020280
0.020513
0.020288
0.020424
0.020280
0.020324
0.022058
0.025616
0.020468
0.020265
0.020255
0.020244
0.020262
0.020236
0.020254
0.020288
0.030193
0.020132
0.020217
0.020276
0.020254
0.020150
0.020142
0.020186
0.020231
0.020179
0.020107
0.020260
0.020282
0.020281
0.020284
0.026292
0.026424
0.023110
0.020198
0.020143
0.023398
0.025036
0.020431
0.020215
0.020179
0.020246
0.020221
0.020198
0.020272
0.020214
0.020195
0.020247
0.020264
0.020200
0.020205
0.020198
0.024589
0.023693
0.020370
0.020102
0.020210
0.020136
0.020149
0.020154
0.020258
0.020349
0.020163
0.020171
0.020113
0.020188
0.020211
0.020237
0.020338
0.020210
0.020241
0.020195
0.020263
0.020251
0.020295
0.020236
0.020250
0.020166
0.020285
0.020171
0.020188
0.022136
0.025421
0.020463
0.020277
0.020207
0.020192
0.020236
0.020215
0.020276
0.020265
0.020188
0.020209
0.020290
0.020201
0.020226
0.020348
0.026157
0.026866
0.026193
0.026315
0.026388
0.026222
0.026481
0.026312
0.026287
0.026260
0.020789
0.021079
0.020875
0.020329
0.020257
0.020169
0.020226
0.020221
0.020297
0.020174
0.020195
0.020210
0.020238
0.020205
0.020210
0.020173
0.020128
0.020166
0.020310
0.026238
0.020808
0.020154
0.020175
0.020159
0.020227
0.020211
0.020174
0.020195
0.020247
0.020423
0.020182
0.020213
0.020248
0.020254
0.022824
0.024626
0.020380
0.020293
0.020420
0.020345
0.020291
0.020275
0.020360
0.020228
0.020301
0.020476
0.020339
0.020266
0.020342
0.020340
0.020301
0.020271
0.020300
0.020254
0.020290
0.020239
0.020178
0.020320
0.020284
0.020204
0.020206
0.020257
0.020284
0.020211
0.023693
0.026490
0.020300
0.020258
0.020185
0.020193
0.020226
0.020150
0.020154
0.020179
0.020121
0.020335
0.020138
0.020129
0.020502
0.020314
0.028207
0.021355
0.020661
0.020687
0.020684
0.020587
0.020670
0.026174
0.026262
0.026309
0.026334
0.026137
0.026270
0.025685
0.020679
0.020765
0.020758
0.020346
0.020757
0.020212
0.020186
0.020249
0.020248
0.020220
0.020171
0.020201
0.020279
0.023881
0.024848
0.021046
0.020807
0.020287
0.020263
0.020244
0.020236
0.020278
0.020271
0.020171
0.020268
0.020188
0.020245
0.020248
0.020181
0.026328
0.021822
0.020219
0.020143
0.020211
0.020177
0.020161
0.020267
0.020234
0.020143
0.020170
0.020233
0.020229
0.020289
0.020283
0.020258
0.020268
0.020195
0.020399
0.020263
0.020212
0.020204
0.020233
0.020247
0.020222
0.020208
0.020208
0.020259
0.020219
0.020851
0.020339
0.024437
0.020586
0.020176
0.020247
0.020228
0.020205
0.020193
0.020263
0.020383
0.020186
0.020204
0.020144
0.020247
0.020190
0.020121
0.023729
0.024056
0.020343
0.020246
0.020228
0.020199
0.020226
0.020238
0.020218
0.020244
0.020282
0.020223
0.020216
0.020293
0.020272
0.020296
0.020185
0.020247
0.020276
0.020200
0.020332
0.020255
0.020232
0.020268
0.020325
0.020170
0.020260
0.020320
0.020247
0.020298
0.020332
0.020427
0.026882
0.021365
0.020183
0.020187
0.020262
0.020175
0.020190
0.020324
0.020220
0.020243
0.020237
0.020194
0.020176
0.020247
0.021739
0.034346
0.020220
0.020185
0.020324
0.020257
0.020252
0.020199
0.020220
0.020244
0.020161
0.020210
0.020202
0.020791
0.020360
0.020225
0.020235
0.020221
0.020307
0.020236
0.020144
0.020123
0.020283
0.020270
0.020284
0.020149
0.020203
0.020247
0.020291
0.020219
0.020179
0.020983
0.026646
0.021280
0.020200
0.020198
0.020247
0.020215
0.020210
0.020180
0.020224
0.020345
0.024855
0.020258
0.020408
0.020167
0.020198
0.026026
0.021771
0.020136
0.020243
0.020229
0.020210
0.020399
0.020230
0.020133
0.020288
0.020277
0.020216
0.020238
0.020279
0.020268
0.020323
0.020243
0.020306
0.020315
0.020191
0.020256
0.020304
0.020276
0.020273
0.020473
0.020234
0.020251
0.020242
0.020287
0.020233
0.020306
0.024518
0.024815
0.021609
0.020341
0.020369
0.020576
0.020326
0.020253
0.020306
0.020957
0.020931
0.026283
0.026241
0.026350
0.020395
0.024288
0.021850
0.020246
0.020204
0.020861
0.020274
0.020257
0.020272
0.020241
0.020227
0.020216
0.020243
0.020238
0.020263
0.020297
0.020262
0.020400
0.020339
0.020359
0.020224
0.020327
0.020253
0.020201
0.020246
0.020541
0.020281
0.020376
0.020263
0.020257
0.020315
0.020197
0.020289
0.026433
0.020797
0.020355
0.020328
0.020243
0.020199
0.020345
0.020319
0.020396
0.020330
0.020402
0.020252
0.020306
0.020277
0.020295
0.024041
0.024106
0.020461
0.020301
0.020617
0.020312
0.020306
0.020308
0.020456
0.020309
0.020251
0.020262
0.020338
0.020284
0.020363
0.020306
0.020268
0.020338
0.020374
0.020306
0.020331
0.020401
0.021003
0.021667
0.027503
0.020316
0.020271
0.020289
0.020314
0.020302
0.020288
0.023551
0.025523
0.020640
0.020200
0.020272
0.020214
0.020311
0.020320
0.020226
0.020290
0.020250
0.020323
0.020193
0.020284
0.020263
0.023022
0.026856
0.020322
0.020229
0.020229
0.020208
0.020200
0.020254
0.020211
0.020152
0.020206
0.020253
0.020524
0.020265
0.020234
0.020220
0.020223
0.020332
0.020140
0.020175
0.020328
0.020309
0.020225
0.020238
0.020236
0.020261
0.020265
0.020278
0.020293
0.020213
0.020233
0.025849
0.026702
0.020206
0.020169
0.020206
0.020139
0.020245
0.020210
0.020244
0.020229
0.020259
0.020229
0.020202
0.020174
0.020174
0.023191
0.027206
0.020256
0.020308
0.020425
0.020261
0.020216
0.020249
0.020223
0.020386
0.020118
0.020335
0.020264
0.020329
0.020305
0.020283
0.020203
0.020223
0.020257
0.020459
0.020207
0.020239
0.020261
0.020218
0.020253
0.020232
0.020214
0.020378
0.020271
0.020202
0.020182
0.025900
0.022247
0.020341
0.020372
0.020332
0.020294
0.020298
0.020380
0.020290
0.020325
0.020304
0.020329
0.020514
0.020295
0.020236
0.021103
0.027222
0.026416
0.024259
0.020281
0.020199
0.020364
0.020330
0.020221
0.020224
0.020250
0.020169
0.020314
0.020262
0.020326
0.020293
0.020244
0.020310
0.020245
0.020231
0.020254
0.020293
0.020303
0.020201
0.020305
0.020199
0.020238
0.020347
0.020270
0.024111
0.021825
0.020329
0.020262
0.020487
0.020334
0.020304
0.020296
0.020294
0.020249
0.020277
0.020323
0.020315
0.021144
0.020345
0.021106
0.023745
0.020478
0.020226
0.020217
0.020357
0.020218
0.020277
0.020265
0.020208
0.020226
0.020293
0.020177
0.020242
0.020243
0.020286
0.020417
0.020219
0.020258
0.020314
0.020193
0.020361
0.020211
0.020218
0.020278
0.020344
0.020234
0.020301
0.020353
0.020276
0.020253
0.025657
0.022098
0.020266
0.020355
0.020314
0.020240
0.020307
0.020225
0.020251
0.020315
0.020272
0.020131
0.020252
0.020271
0.020280
0.020346
0.026228
0.020641
0.020320
0.020524
0.020325
0.020261
0.020186
0.020324
0.020229
0.020211
0.020242
0.020251
0.020163
0.020248
0.020299
0.020216
0.020231
0.020271
0.020235
0.020364
0.020280
0.020209
0.020247
0.020299
0.020246
0.020269
0.020331
0.020228
0.020622
0.020382
0.024190
0.022385
0.020261
0.020335
0.020301
0.020295
0.020235
0.020224
0.020253
0.020277
0.020271
0.020235
0.020176
0.020211
0.022772
0.024771
0.020545
0.020297
0.020249
0.020170
0.020317
0.020285
0.020276
0.020356
0.020311
0.020299
0.020326
0.020276
0.020284
0.020293
0.020221
0.020222
0.020340
0.020233
0.020317
0.020285
0.020347
0.020246
0.020238
0.020255
0.020272
0.020266
0.020270
0.020261
0.020293
0.020339
0.026246
0.020703
0.020290
0.020340
0.020321
0.020290
0.020296
0.020241
0.020292
0.020365
0.020338
0.020312
0.020347
0.020298
0.020222
0.026441
0.020838
0.020289
0.020228
0.020272
0.020246
0.020202
0.020561
0.020859
0.020984
0.020541
0.020285
0.020317
0.020674
0.020373
0.020265
0.020206
0.020345
0.020204
0.020182
0.020350
0.020284
0.020372
0.020211
0.020280
0.020205
0.020206
0.020241
0.020355
0.020184
0.020227
0.020526
0.026258
0.020694
0.020329
0.020257
0.020249
0.020208
0.020168
0.020308
0.020269
0.020144
0.020206
0.020249
0.020292
0.020288
0.020290
0.021980
0.025836
0.020543
0.020175
0.020137
0.020341
0.020314
0.020254
0.020245
0.020204
0.020262
0.020263
0.020266
0.020158
0.020284
0.020235
0.020344
0.020268
0.020193
0.020215
0.020357
0.020284
0.020222
0.020148
0.020525
0.020210
0.020270
0.020183
0.020185
0.020303
0.020229
0.020219
0.024813
0.023798
0.020357
0.020231
0.020339
0.020271
0.020190
0.020165
0.020302
0.020218
0.021818
0.024849
0.020438
0.021190
0.020282
0.021161
0.026176
0.021117
0.020316
0.020274
0.020309
0.020344
0.020257
0.020208
0.020304
0.020274
0.020226
0.020244
0.020200
0.020556
0.020309
0.020255
0.020220
0.020289
0.020267
0.020199
0.020246
0.020288
0.020279
0.020285
0.020218
0.020301
0.020346
0.020213
0.020298
0.020320
0.021117
0.026345
0.021143
0.020203
0.020181
0.020262
0.020279
0.020245
0.020292
0.020231
0.020227
0.020147
0.020232
0.020206
0.020287
0.020159
0.024077
0.023766
0.020480
0.020471
0.020265
0.020219
0.020331
0.020358
0.020257
0.020289
0.020351
0.020309
0.020220
0.020307
0.020300
0.020260
0.020154
0.020211
0.020242
0.020365
0.020319
0.020297
0.020287
0.020291
0.020204
0.020225
0.020241
0.020294
0.020341
0.021264
0.020341
0.020273
0.027239
0.026307
0.026612
0.020794
0.020369
0.020301
0.020249
0.020237
0.020287
0.020295
0.020303
0.020287
0.020252
0.045596
0.026492
0.020318
0.020177
0.020256
0.020323
0.020253
0.020249
0.020219
0.020241
0.020410
0.020400
0.020260
0.020126
0.023513
0.026610
0.026878
0.026531
0.026429
0.022703
0.020668
0.020665
0.020635
0.020641
0.020629
0.020554
0.020583
0.020638
0.023627
0.020928
0.020666
0.020617
0.020660
0.020687
0.020796
0.020766
0.020731
0.020675
0.020252
0.020210
0.020259
0.020337
0.027233
0.020325
0.020211
0.020293
0.020252
0.020237
0.020265
0.020202
0.020233
0.020138
0.020217
0.020261
0.020429
0.020214
0.020408
0.020222
0.020329
0.020284
0.020275
0.020250
0.020359
0.020363
0.020266
0.020140
0.020309
0.020231
0.020158
0.020159
0.020226
0.020264
0.022720
0.026367
0.021008
0.020285
0.020251
0.020592
0.020272
0.020214
0.020181
0.020322
0.020304
0.020355
0.020444
0.020261
0.020174
0.024107
0.022553
0.020232
0.020252
0.020253
0.020489
0.020283
0.020244
0.020157
0.020193
0.020160
0.020334
0.020244
0.020291
0.020179
0.020267
0.020202
0.020141
0.020160
0.020217
0.020168
0.020178
0.020185
0.020184
0.020177
0.020170
0.020162
0.022546
0.024853
0.020770
0.020266
0.020303
0.020264
0.020216
0.020247
0.020306
0.020279
0.020300
0.020230
0.020204
0.020447
0.020297
0.020456
0.026708
0.020572
0.020226
0.020270
0.020284
0.020386
0.020206
0.020192
0.020236
0.020350
0.020228
0.020173
0.020243
0.020217
0.020171
0.020241
0.020322
0.020274
0.020191
0.020255
0.020159
0.020109
0.020231
0.020158
0.020350
0.020332
0.020408
0.020288
0.020272
0.020188
0.020234
0.043176
0.020970
0.020275
0.020268
0.020398
0.020358
0.020297
0.020241
0.020351
0.020252
0.020215
0.020303
0.020350
0.020273
0.020205
0.036236
0.020975
0.020602
0.020715
0.020379
0.020308
0.020277
0.020307
0.020208
0.020279
0.020311
0.020279
0.020265
0.020327
0.020196
0.020365
0.020202
0.020400
0.020237
0.020479
0.020244
0.020317
0.020408
0.026253
0.025709
0.026471
0.026362
0.020441
0.020337
0.020234
0.039494
0.027742
0.028911
0.027566
0.027458
0.028881
0.028882
0.027297
0.026492
0.026313
0.026358
0.026539
0.026896
0.026757
0.026103
0.025314
0.020838
0.020690
0.020214
0.020289
0.020216
0.020349
0.020275
0.020208
0.020202
0.020157
0.020301
0.020213
0.020269
0.020276
0.020139
0.020165
0.020222
0.020185
0.020212
0.020249
0.020229
0.020200
0.020235
0.020367
0.020161
0.020407
0.024542
0.022915
0.020306
0.020211
0.020217
0.020155
0.020210
0.020383
0.020195
0.020139
0.020191
0.020208
0.020323
0.020183
0.022141
0.026917
0.020270
0.020435
0.020341
0.020280
0.020346
0.020267
0.020260
0.020266
0.020379
0.020390
0.020391
0.020298
0.020373
0.020413
0.020365
0.020307
0.020371
0.020403
0.020335
0.020606
0.020309
0.020321
0.020339
0.020407
0.020350
0.020344
0.020363
0.020418
0.026478
0.025888
0.020279
0.020303
0.020211
0.020144
0.020250
0.020238
0.020346
0.020217
0.020397
0.020282
0.020245
0.020172
