57	98	18	28
58	98	19	28
59	98	20	28
62	97	18	29
65	98	19	29
67	99	19	29
69	100	17	28
71	98	17	29
74	97	16	32
75	98	17	32
76	97	17	32
79	96	19	34
79	96	23	34
82	98	26	36
82	99	26	35
82	98	28	36
86	97	22	36
89	97	21	35
93	101	18	33
93	100	20	33
94	101	19	34
98	101	19	32
99	102	20	33
101	104	20	31
103	104	20	31
104	105	21	30
108	105	20	33
110	103	20	34
111	105	22	33
116	104	21	34
119	106	21	34
120	106	20	34
122	106	20	35
123	106	21	35
125	107	20	33
127	107	20	33
128	106	21	34
141	109	21	36
142	107	22	36
147	111	20	33
150	112	20	34
154	112	19	33
156	112	19	35
158	112	19	35
161	112	19	36
161	112	19	38
164	110	19	38
163	111	21	37
167	111	21	39
169	114	20	37
188	114	22	38
187	115	19	38
193	116	18	38
193	119	20	35
194	117	20	36
198	117	16	37
199	116	19	39
201	117	19	38
204	117	23	38
204	119	22	35
210	120	19	30
215	122	16	27
218	120	14	29
222	120	15	28
223	120	17	26
226	123	17	24
229	125	18	21
232	126	15	19
234	126	16	19
237	126	14	17
240	127	15	19
242	125	15	22
245	126	17	27
247	127	16	30
249	128	16	32
251	128	17	34
253	127	19	35
256	128	24	37
257	126	23	42
260	122	22	46
262	127	20	41
264	123	20	46
267	126	21	45
269	130	20	41
272	129	19	39
274	131	18	41
275	129	19	40
277	131	20	41
280	129	19	41
285	131	18	42
286	133	18	42
290	131	18	42
292	132	19	40
295	133	19	45
297	131	20	43
298	133	19	40
301	134	19	40
303	134	19	44
304	134	19	42
307	136	19	44
308	135	21	40
312	137	18	39
313	136	19	37
317	136	18	40
318	138	18	44
320	138	18	43
324	141	19	44
324	138	19	47
327	133	20	52
331	138	18	49
334	139	19	48
335	136	19	51
337	139	19	47
340	142	17	46
340	141	20	46
343	144	19	45
346	141	18	48
346	139	20	50
349	143	20	48
350	137	19	54
351	142	21	47
353	145	20	44
355	145	20	40
356	146	19	38
359	149	20	36
362	149	19	38
364	148	19	37
366	146	20	37
366	147	21	39
369	148	20	36
371	149	19	37
372	149	20	37
375	150	20	38
377	151	21	39
379	152	21	40
381	151	21	42
382	153	20	43
383	152	19	43
386	152	19	44
387	153	19	42
390	155	19	40
391	156	20	40
392	153	20	43
393	152	21	44
397	153	20	44
399	150	18	46
399	152	18	44
402	149	17	48
402	148	17	49
403	151	17	48
404	150	16	47
405	151	17	48
407	146	18	49
408	148	15	49
408	148	19	48
409	153	17	44
412	153	17	46
413	155	16	44
415	156	16	42
415	157	17	43
416	158	23	43
417	158	25	40
418	158	24	40
421	157	24	41
421	157	23	42
420	156	23	41
420	156	22	41
422	158	21	40
423	156	21	42
423	157	23	40
422	157	24	40
424	157	24	39
422	158	25	40
424	157	27	40
423	157	33	40
422	159	34	38
423	159	34	36
427	160	32	38
428	159	29	37
431	161	28	37
435	161	22	37
437	161	22	35
438	161	23	35
437	161	23	35
440	163	24	35
441	161	23	35
440	160	25	36
441	159	26	37
440	161	27	36
440	161	29	33
441	161	29	34
440	161	30	33
439	161	30	33
440	162	30	33
439	163	32	33
441	160	30	35
440	161	31	36
442	160	31	35
440	159	33	38
440	160	32	36
440	159	34	36
440	159	35	36
443	159	33	37
447	157	33	42
449	157	30	48
450	156	29	47
451	155	27	47
453	155	26	48
450	156	32	46
451	155	32	48
452	151	34	52
453	150	35	53
450	150	39	55
453	147	38	59
455	141	31	64
455	137	30	67
454	138	31	67
454	138	31	66
455	137	29	69
455	138	28	68
455	139	28	66
454	139	28	66
453	138	29	68
453	138	29	67
451	138	29	68
451	137	28	66
452	136	27	68
449	139	31	65
449	138	27	65
449	155	24	51
448	156	21	44
445	156	23	40
444	158	25	38
444	158	24	39
445	157	23	38
445	158	21	37
443	158	22	36
444	156	20	39
442	158	21	40
437	157	21	37
436	159	22	36
435	159	22	36
434	161	22	36
425	158	29	39
426	158	26	40
427	157	22	40
427	159	19	40
425	158	18	42
424	156	19	42
424	156	19	43
421	156	23	42
421	156	21	41
414	158	28	41
415	157	26	41
416	157	24	43
415	156	24	46
409	147	22	49
410	153	19	47
405	154	18	42
404	152	19	45
403	151	19	47
400	149	19	48
399	149	17	48
395	150	19	48
383	152	17	42
384	153	18	42
381	151	20	42
381	150	19	44
375	147	21	43
375	148	20	39
375	149	18	37
361	146	21	37
358	147	19	39
356	145	19	43
354	144	18	46
352	142	17	47
350	141	18	48
349	143	17	47
346	141	19	48
345	141	20	48
341	142	20	47
340	142	19	46
336	143	20	44
331	140	23	47
331	141	21	43
329	139	19	44
327	137	19	46
325	137	18	46
323	135	19	48
322	138	18	48
317	138	23	45
315	138	23	45
316	139	20	43
309	139	26	42
305	140	27	41
304	140	28	41
303	141	27	40
302	138	25	41
301	138	27	41
298	137	27	42
296	138	27	41
295	137	27	41
296	137	25	42
294	135	24	43
290	135	24	43
289	136	20	42
288	134	20	42
286	132	19	44
283	132	18	42
284	133	19	42
281	132	20	42
280	131	19	44
276	131	20	43
276	131	20	43
275	132	18	40
273	131	19	42
271	131	19	42
266	129	20	41
265	128	18	42
264	125	21	44
261	121	20	48
262	122	20	49
260	124	22	45
257	124	24	44
257	125	23	43
250	119	19	47
245	119	19	45
243	118	19	42
239	120	19	41
235	119	20	40
231	117	17	43
229	116	17	43
226	120	21	42
226	114	19	37
220	121	22	33
218	121	22	29
212	123	24	26
214	124	21	25
209	124	23	26
206	117	24	29
206	120	22	28
202	117	25	30
201	115	27	31
194	112	28	37
196	113	20	38
195	111	18	41
193	110	18	45
191	109	18	43
190	110	19	43
186	111	20	42
186	110	17	43
183	108	19	41
179	109	21	42
180	108	18	44
176	107	22	44
175	108	20	43
174	107	21	43
174	107	19	42
172	107	19	42
171	107	19	43
170	107	20	42
169	107	18	41
168	108	20	40
165	107	21	39
163	107	19	41
160	107	18	41
159	107	18	39
156	106	19	38
151	104	19	40
149	102	19	42
148	102	19	40
148	102	17	38
145	102	19	41
144	101	18	42
142	102	19	39
141	103	20	40
140	104	19	38
138	105	19	38
136	105	18	37
132	105	19	37
131	102	20	39
130	104	19	38
128	102	20	37
126	100	19	39
124	100	20	40
125	101	18	38
123	100	18	39
120	98	19	40
118	100	20	39
116	99	18	39
114	100	19	40
111	100	22	37
107	101	22	37
106	101	23	36
105	98	23	38
102	99	24	35
101	98	25	37
100	98	26	37
99	99	25	36
98	100	27	36
99	99	26	36
99	99	25	36
98	98	25	37
99	98	24	38
100	98	25	36
99	99	26	36
100	97	26	37
99	97	26	38
99	96	27	36
99	95	25	37
99	95	26	38
98	95	25	38
98	96	25	38
96	96	24	36
97	97	25	36
96	97	24	37
97	96	23	37
99	96	22	36
100	95	22	40
99	96	23	36
102	96	20	39
102	95	21	40
104	95	19	40
106	95	20	39
108	96	20	40
109	95	18	39
110	95	18	40
110	96	19	41
111	95	19	42
110	97	20	39
111	97	21	41
112	97	20	39
114	98	20	41
115	97	21	41
117	96	21	42
118	97	22	41
122	99	19	42
121	97	20	41
124	98	20	41
124	98	20	41
124	97	20	42
127	98	19	43
127	97	20	42
127	97	19	42
128	98	19	42
129	99	20	41
131	100	19	41
131	99	19	42
134	100	17	40
135	99	18	43
136	99	19	43
136	98	19	43
139	99	18	43
140	100	19	45
142	99	18	44
142	101	20	44
143	99	20	45
146	101	19	43
149	102	20	42
150	102	19	40
152	101	20	42
154	103	19	42
155	102	20	46
155	102	19	45
157	102	19	44
159	102	18	44
159	103	19	41
162	104	20	41
164	106	20	41
165	106	19	42
167	105	20	43
170	106	20	44
173	104	19	44
174	105	19	46
175	105	20	46
177	106	19	46
178	106	20	46
178	108	21	45
179	108	22	44
180	108	22	43
184	108	21	41
187	108	19	40
188	109	19	41
191	109	19	39
193	108	19	44
194	108	17	45
198	108	18	44
198	108	19	43
200	110	17	42
200	110	20	40
203	111	20	40
206	112	21	37
207	112	19	35
211	109	17	38
212	111	18	36
215	110	18	39
216	112	18	38
217	111	18	38
219	111	21	38
222	113	18	34
221	115	20	32
222	114	21	30
227	116	18	32
230	114	18	32
230	115	20	34
233	114	21	33
234	115	24	37
236	115	22	41
239	117	23	44
241	120	23	39
245	121	23	34
247	121	22	35
251	118	23	35
253	118	24	35
257	119	24	34
261	127	25	42
263	124	25	47
266	122	24	49
270	122	24	51
272	125	25	50
274	121	25	52
276	121	25	55
280	123	24	52
284	123	25	53
287	129	26	49
292	133	24	45
296	134	23	43
299	135	24	45
300	133	24	47
305	132	24	48
306	134	23	47
309	137	22	43
312	137	23	44
312	137	23	43
313	137	23	44
315	137	23	46
317	135	23	48
320	137	23	48
320	136	23	49
323	139	23	45
325	141	25	43
326	142	24	43
329	140	25	45
329	138	24	47
332	141	23	46
332	141	23	43
333	143	23	42
336	143	22	44
336	142	23	46
338	141	24	48
338	139	22	48
341	140	22	49
345	142	22	47
346	144	22	43
348	143	23	45
350	147	22	41
353	145	21	45
353	144	21	46
355	143	21	45
357	147	23	41
360	150	20	37
361	150	21	35
364	150	21	39
366	149	21	40
368	148	21	37
370	149	21	37
372	150	21	36
375	150	19	38
378	150	19	40
379	151	22	42
380	152	21	43
383	153	20	43
383	153	20	42
385	152	19	43
385	153	19	43
385	152	19	44
387	152	19	42
387	153	20	42
388	155	22	40
387	154	23	40
387	155	24	41
388	154	24	40
389	153	26	44
390	154	26	42
389	154	26	42
390	153	25	43
391	155	25	41
390	153	26	43
392	154	26	42
392	154	26	43
392	154	26	42
396	154	24	42
399	151	20	46
399	150	21	46
400	149	19	47
402	151	20	48
404	152	20	47
406	149	20	47
407	151	21	45
407	153	22	44
409	154	22	45
410	156	21	44
412	151	20	42
412	154	20	45
414	156	18	47
415	153	21	48
415	156	25	44
416	157	25	42
421	157	22	41
421	156	21	43
422	157	19	42
424	156	18	43
425	156	19	41
427	156	19	41
430	158	18	41
430	158	19	40
432	160	22	37
435	160	19	38
435	162	19	34
437	161	20	35
439	160	20	36
441	159	20	36
441	159	21	36
441	160	23	35
440	160	27	36
450	162	20	37
452	160	18	41
454	160	18	38
458	159	16	34
458	160	17	33
459	162	17	32
460	158	19	34
459	160	20	38
458	157	25	44
458	157	26	46
456	154	30	51
456	157	26	50
456	155	28	51
457	154	26	53
454	157	26	48
452	156	27	47
450	157	28	45
449	157	30	46
449	158	29	43
444	158	31	39
442	159	33	37
440	159	33	35
440	161	30	33
440	162	28	34
440	161	26	35
442	161	23	33
442	160	20	34
441	162	21	33
441	162	19	33
440	161	20	33
440	162	20	34
437	162	21	33
437	164	20	33
433	164	23	35
433	164	23	35
425	158	27	40
424	157	28	41
423	157	23	40
423	157	22	40
423	157	22	41
421	156	20	44
420	157	22	42
421	158	21	41
416	158	25	41
415	157	26	41
414	157	28	42
405	158	36	41
408	160	31	37
408	157	34	40
404	159	27	37
406	160	27	35
402	160	25	34
404	161	25	37
405	160	21	37
402	159	19	39
401	159	18	36
391	153	19	43
389	151	17	44
385	152	19	42
385	151	19	44
382	153	18	41
380	151	19	42
377	150	21	42
378	151	20	42
372	150	22	38
369	147	23	40
366	148	24	40
367	147	24	39
365	146	23	40
362	148	24	40
362	148	24	38
359	147	24	38
358	147	23	36
358	147	22	36
358	148	22	37
356	146	21	38
355	145	19	37
353	145	18	41
354	144	19	45
352	144	19	45
351	144	19	46
350	143	19	46
348	142	19	46
347	144	21	46
345	143	21	45
344	144	22	46
340	143	22	46
336	143	26	45
334	145	25	43
331	143	27	43
328	145	29	41
326	146	29	41
325	146	31	39
324	149	32	38
324	148	31	39
321	147	32	37
321	148	31	37
320	146	30	37
320	145	29	39
318	144	28	39
318	143	27	41
317	142	27	42
318	139	25	42
318	139	25	43
319	137	22	46
318	136	22	48
316	136	24	48
314	134	24	47
313	134	23	47
314	134	21	48
313	133	22	48
309	133	22	48
310	130	21	52
309	128	20	52
308	129	19	53
307	128	20	53
309	127	18	52
307	127	19	53
306	130	21	53
304	129	20	52
303	130	20	50
300	130	22	50
298	130	24	50
294	130	25	49
294	132	25	48
295	130	22	48
294	129	21	50
292	126	20	52
293	126	17	51
290	123	17	52
289	123	17	54
288	125	19	52
287	123	19	53
284	126	20	51
282	127	20	49
280	126	21	49
271	125	23	49
270	123	21	50
267	122	21	49
267	121	18	48
266	122	20	48
264	122	20	47
263	122	20	48
261	123	22	45
260	123	22	47
258	123	22	46
258	121	23	47
252	120	26	48
251	120	26	46
250	118	22	47
248	118	20	46
249	119	19	45
248	119	18	45
245	118	18	45
244	117	18	44
242	119	19	42
240	116	19	44
238	115	17	43
236	118	17	42
234	116	17	44
233	114	16	44
232	113	16	48
231	115	16	47
230	114	15	46
230	116	16	45
226	115	17	45
224	112	18	39
223	113	16	34
220	114	16	34
217	115	17	34
215	114	17	34
213	112	18	35
211	111	17	38
211	112	16	34
208	112	17	35
206	113	19	32
204	114	19	31
200	114	22	28
195	120	19	30
193	115	18	37
192	113	18	37
189	111	17	40
183	111	18	39
183	111	17	42
182	110	18	42
180	110	20	42
178	110	20	42
176	112	18	40
176	112	18	40
171	112	18	39
169	111	17	40
167	111	18	38
164	110	18	37
162	110	18	35
161	109	17	37
159	110	18	36
157	110	19	36
156	108	17	37
155	110	17	35
154	110	17	36
151	110	18	35
148	111	20	33
148	111	19	34
144	111	20	35
143	108	18	35
141	108	19	36
140	107	20	36
139	106	20	38
137	107	21	36
137	106	21	37
138	107	19	36
137	107	18	37
137	105	18	37
137	107	17	37
137	106	17	36
138	107	18	35
137	106	18	36
137	106	18	35
138	107	18	36
138	106	18	36
138	106	18	36
140	105	17	35
140	106	16	37
140	107	17	37
140	106	16	36
141	106	16	36
142	106	17	38
142	107	18	36
142	108	19	35
144	109	19	36
144	108	19	35
147	108	17	36
147	108	17	36
147	108	18	35
149	110	19	35
149	108	18	36
150	109	19	36
150	107	19	36
151	108	18	37
153	109	18	37
155	108	17	38
157	110	18	37
160	110	17	38
161	111	16	37
161	111	17	36
162	111	19	36
164	111	18	36
164	111	18	34
165	111	19	37
167	110	20	40
167	109	20	38
169	109	19	39
172	111	19	37
171	110	19	39
175	111	18	41
176	111	20	41
177	113	22	40
178	112	21	39
180	111	20	40
182	114	23	37
184	114	22	36
186	111	21	39
187	112	23	40
184	110	26	42
187	111	24	42
187	112	24	41
187	112	24	41
189	113	24	39
190	113	25	39
190	112	25	41
190	115	24	39
191	113	25	39
193	112	24	40
194	115	24	37
194	115	25	39
194	115	26	39
195	116	24	38
195	116	23	38
196	116	26	38
198	116	24	39
200	115	22	40
204	115	22	39
205	116	20	35
209	117	18	33
210	119	17	35
211	117	16	33
214	117	15	31
214	118	15	29
216	118	15	28
217	118	16	31
218	119	16	30
218	118	14	31
220	121	15	30
221	122	15	29
222	121	15	27
223	121	18	29
223	120	18	26
225	122	19	27
224	121	18	26
227	122	18	25
229	121	16	25
231	122	16	24
233	123	15	24
232	126	17	30
235	123	18	34
236	123	18	36
238	120	20	40
239	122	22	39
240	122	21	38
242	123	20	38
243	121	19	39
247	124	18	37
250	124	18	41
251	124	19	41
251	124	19	42
254	126	24	42
255	124	24	44
259	123	20	45
261	125	20	44
264	123	18	45
266	125	17	44
269	127	18	44
269	127	17	44
271	126	17	43
272	125	18	45
273	125	18	47
273	129	18	46
276	128	18	46
278	129	18	45
281	129	18	44
281	130	18	46
283	129	18	47
284	128	17	46
285	126	17	50
286	128	17	48
286	127	17	49
288	127	17	48
290	128	17	47
290	127	17	48
290	127	18	47
293	129	17	47
293	130	17	47
296	128	17	48
298	128	18	51
299	128	18	50
299	129	18	49
300	129	19	51
302	130	18	50
301	128	18	50
301	129	17	51
303	130	17	49
303	131	16	50
304	132	16	48
305	130	18	49
306	132	18	51
307	131	18	49
307	131	17	49
307	131	18	49
307	132	18	49
308	131	18	49
307	132	18	49
309	132	18	48
308	132	18	49
308	130	18	49
309	131	17	48
308	132	16	48
308	132	17	49
306	129	18	50
305	131	18	49
307	131	18	50
305	128	19	51
304	129	19	50
305	130	19	51
303	128	19	53
303	129	17	50
303	131	21	48
301	130	20	50
301	129	21	51
300	127	27	54
299	128	28	51
298	129	27	50
297	127	26	52
293	126	24	53
291	129	24	51
289	129	24	50
287	127	24	51
288	130	23	48
287	128	23	47
284	132	25	46
283	128	26	48
278	129	29	49
278	127	29	48
279	126	28	49
277	131	28	44
265	131	34	43
263	129	37	43
260	129	41	44
256	132	42	42
255	131	44	40
252	130	46	40
253	127	43	45
249	132	48	39
262	135	37	37
267	133	27	38
270	131	22	40
270	130	22	40
268	131	22	41
268	132	22	38
268	131	21	39
268	132	21	40
268	133	22	37
267	132	21	39
266	129	20	40
265	128	21	42
266	131	20	39
265	131	20	39
264	128	20	40
264	125	20	44
264	124	20	47
262	125	21	45
260	127	21	42
256	127	25	40
252	129	26	39
250	126	23	41
250	126	18	37
247	125	18	36
242	124	19	34
240	124	20	38
236	125	16	34
232	121	16	38
228	121	16	39
223	121	18	33
223	120	17	34
220	119	16	29
219	120	16	29
217	119	15	30
216	117	15	32
215	118	15	31
211	117	16	31
210	116	16	30
209	117	17	34
204	116	19	36
202	115	16	37
199	113	16	40
195	111	17	40
194	112	18	40
191	113	18	39
190	112	17	41
188	113	19	40
187	111	16	39
184	112	17	40
181	111	16	40
175	110	17	41
174	109	16	42
171	110	18	40
167	110	17	39
156	111	17	34
156	109	17	35
151	109	18	36
147	107	19	36
146	107	19	38
143	106	20	38
137	104	21	39
136	106	21	38
127	108	23	34
124	103	23	35
124	104	22	30
125	105	22	31
125	105	23	32
124	106	23	34
124	106	24	33
123	104	25	33
124	104	25	35
123	106	24	33
124	106	24	35
123	106	25	33
123	105	24	35
123	106	23	33
122	105	23	33
121	106	23	35
120	106	25	35
123	104	25	36
122	104	25	34
122	107	25	33
123	106	24	33
124	107	24	34
127	106	25	35
127	108	25	33
127	108	26	33
128	107	25	32
128	106	26	32
129	107	24	35
130	107	24	35
130	107	24	34
133	109	24	34
133	111	24	32
134	110	23	34
136	109	22	34
139	107	21	37
139	109	23	35
146	112	20	33
151	111	20	35
153	112	19	35
156	112	20	35
157	112	19	36
157	113	20	35
160	113	18	36
159	111	18	37
161	113	17	35
160	113	19	32
163	114	19	34
161	114	20	34
165	112	19	36
167	110	21	39
167	110	22	39
166	112	22	38
168	115	23	37
169	113	23	39
170	113	22	38
170	114	24	37
169	114	25	37
169	114	26	37
170	113	26	38
170	112	26	39
172	113	24	37
171	110	25	41
173	111	24	41
174	111	25	41
174	111	26	41
174	111	25	42
176	110	25	41
175	112	24	40
177	112	25	39
179	113	25	38
180	113	26	39
180	112	26	38
181	110	25	40
181	111	26	39
183	111	25	41
184	112	24	40
183	112	26	40
183	112	25	39
183	112	25	38
184	114	25	39
185	111	25	40
184	112	26	39
184	112	26	41
185	112	26	41
185	112	26	39
187	113	25	41
187	111	26	41
189	112	23	43
191	112	22	42
192	112	22	41
195	114	21	40
199	115	20	40
202	116	18	37
202	116	22	38
207	114	21	36
210	115	18	34
213	116	16	31
214	116	15	32
215	117	15	32
216	118	16	31
216	117	15	32
219	119	16	30
221	120	17	26
224	120	15	28
223	120	18	25
227	121	17	28
227	120	16	25
227	119	17	26
230	120	16	27
231	121	16	26
232	122	17	27
236	124	17	31
238	123	20	36
242	121	19	40
242	120	19	41
244	121	19	42
244	120	19	41
246	122	20	39
247	123	19	36
251	123	18	38
253	124	18	35
256	127	17	33
258	126	19	35
259	126	18	39
262	123	19	44
263	121	19	46
265	121	19	49
265	121	19	49
267	123	19	46
269	123	18	47
272	129	18	45
274	129	19	44
275	127	19	45
276	130	19	44
277	129	21	45
278	131	22	43
279	131	23	44
280	129	22	45
282	129	21	46
284	130	21	45
286	129	21	46
288	129	20	48
291	129	19	48
293	128	19	48
293	128	22	49
295	128	22	50
295	128	21	50
297	130	20	48
299	130	20	49
300	132	20	47
303	133	20	46
305	133	21	46
304	133	21	47
305	132	23	48
307	133	23	49
308	133	21	49
308	133	21	48
309	132	22	49
311	134	21	47
314	135	21	46
315	135	20	48
316	135	20	47
319	136	20	48
320	135	20	48
322	134	20	49
324	135	19	50
325	135	19	49
326	136	19	50
327	137	19	47
329	136	18	49
329	133	18	50
331	136	18	50
330	137	17	49
332	138	18	47
335	139	18	49
335	139	18	48
339	141	18	48
340	139	18	49
341	138	18	49
343	139	18	50
345	140	17	50
346	137	18	52
349	139	16	51
348	140	17	51
350	139	18	50
354	140	16	50
354	141	18	49
355	141	18	46
357	143	17	43
359	142	18	44
361	143	18	41
369	146	20	39
374	152	20	36
376	148	19	37
378	149	20	36
378	150	20	39
382	149	19	46
384	150	19	45
387	149	16	46
389	151	18	43
390	152	20	44
391	154	22	42
393	151	20	44
395	152	21	46
398	151	18	47
400	150	18	47
400	152	17	46
402	151	17	46
404	151	17	45
405	150	18	46
406	149	19	48
407	148	19	49
407	150	22	49
410	154	20	45
411	153	19	45
416	156	18	46
416	153	17	47
418	154	22	44
417	156	25	42
421	156	21	43
424	157	22	43
424	156	25	42
423	158	26	40
423	157	27	38
423	157	30	41
424	156	28	42
424	158	29	42
423	158	28	41
422	157	26	41
423	157	27	41
421	157	27	41
421	158	25	40
415	158	28	42
414	155	28	44
416	156	26	44
416	155	23	44
415	155	23	44
413	156	28	43
406	156	33	44
409	157	30	43
412	156	29	46
407	156	23	43
408	158	20	40
407	153	18	39
406	154	16	45
405	148	16	51
406	150	16	48
404	152	16	48
403	150	19	48
402	150	18	48
401	150	18	48
400	152	19	46
399	153	20	45
397	152	21	45
395	152	21	45
392	151	24	46
393	153	22	44
391	153	21	44
391	153	21	44
389	153	22	44
388	152	22	43
389	153	21	42
387	154	21	42
387	153	21	42
386	152	21	43
385	153	22	42
383	154	23	42
384	153	22	42
382	153	23	43
382	153	23	42
381	154	22	42
380	152	23	40
380	152	23	42
379	152	24	39
378	154	22	40
376	151	23	41
377	152	22	42
374	148	23	44
373	149	23	38
369	150	23	38
369	150	22	37
365	152	21	33
365	151	22	35
364	151	20	35
363	151	20	32
359	153	20	29
359	152	20	31
356	150	21	34
352	148	20	42
351	147	20	42
349	145	20	44
348	144	19	44
347	142	19	47
346	144	18	46
345	143	20	46
344	144	20	46
342	143	19	45
341	144	20	45
341	144	18	44
339	144	19	44
339	144	18	43
336	144	18	44
336	143	19	44
333	142	19	44
331	141	19	44
331	141	20	44
330	141	20	44
325	142	21	43
325	143	21	43
323	142	21	42
322	142	20	42
320	141	20	42
319	140	19	43
318	140	18	44
316	139	19	43
315	138	19	43
316	139	19	44
312	138	20	42
312	140	20	41
312	140	20	41
311	139	18	40
310	139	18	40
309	139	19	39
306	139	18	41
306	139	17	41
304	138	18	43
302	136	19	43
299	136	21	45
293	136	25	46
293	137	27	44
293	138	24	38
295	138	22	36
294	138	24	37
291	137	24	37
287	137	31	41
283	137	37	48
284	138	38	49
271	133	31	41
276	135	23	36
277	134	21	37
276	135	21	38
276	135	22	39
274	133	23	39
275	134	21	39
273	134	22	39
272	132	21	39
272	132	19	40
273	132	18	40
271	131	18	40
270	131	18	40
270	131	19	38
270	130	18	41
268	130	19	38
267	129	19	41
268	132	19	39
267	131	18	40
266	132	18	39
261	130	21	39
260	131	21	37
259	128	22	39
255	129	26	39
255	129	23	40
251	128	26	39
250	128	21	37
252	125	18	40
249	126	20	39
249	127	18	39
246	126	18	40
246	125	20	37
245	127	19	38
241	124	20	38
241	125	19	39
239	125	19	37
239	126	17	35
239	124	17	35
235	124	18	35
234	123	17	36
234	124	16	35
234	125	16	36
234	126	15	35
230	126	15	37
229	124	16	38
228	124	16	36
223	123	19	35
221	125	19	36
220	120	16	32
218	120	14	30
216	119	14	31
215	120	15	27
212	119	16	29
210	119	17	30
208	120	19	30
205	119	19	36
201	119	19	37
202	120	21	37
199	116	18	39
196	116	17	38
192	115	19	38
191	115	19	37
189	112	20	41
187	115	20	40
185	115	18	37
184	115	18	37
181	115	18	36
179	117	20	35
176	112	20	39
173	112	20	41
167	109	20	40
167	110	21	39
159	109	16	35
149	109	20	37
149	110	21	34
148	110	21	35
144	109	22	34
146	110	19	34
142	110	19	34
138	106	19	37
138	106	18	38
135	106	19	36
131	107	18	34
127	108	20	33
124	107	19	34
124	105	19	35
120	103	19	36
119	103	19	35
118	105	17	35
117	104	16	35
112	103	17	34
111	104	17	33
109	103	16	33
108	104	16	34
104	103	16	33
103	103	17	33
99	104	19	31
99	103	19	33
98	100	18	33
95	101	20	33
95	101	18	33
93	102	18	32
92	101	17	31
89	101	19	31
88	100	19	34
87	98	18	34
84	97	18	34
83	97	19	34
81	98	19	33
81	98	19	33
80	97	19	34
80	97	18	33
77	97	20	33
76	97	20	33
75	98	21	32
74	99	21	32
72	97	23	31
70	97	23	33
69	98	24	31
68	97	24	31
67	97	24	30
67	96	25	31
67	97	25	30
66	96	24	31
65	98	27	30
64	98	27	30
68	98	24	29
68	99	24	29
67	98	24	29
70	99	23	29
72	98	23	31
73	97	23	32
73	97	23	33
80	98	23	34
79	98	23	34
83	98	23	34
82	98	25	34
83	99	26	35
84	98	25	35
85	99	24	34
88	100	24	33
91	102	20	31
93	102	19	31
94	103	20	29
96	103	19	31
96	104	20	30
98	103	21	32
104	107	19	29
103	105	19	30
104	105	22	31
106	104	23	32
108	104	22	32
121	107	21	33
123	109	20	32
125	107	19	34
127	106	19	33
129	107	19	34
131	106	19	36
132	108	19	33
137	110	18	32
140	111	18	33
143	112	19	31
145	111	18	34
147	112	18	34
148	112	19	33
151	112	19	34
151	112	20	35
157	113	18	35
159	114	18	34
161	113	20	34
163	111	20	36
171	111	22	38
170	112	20	38
174	115	22	37
177	115	21	37
181	116	20	35
189	115	19	37
196	117	20	36
201	118	24	37
208	121	21	32
216	122	15	29
224	122	17	24
232	125	15	25
236	125	15	27
241	128	18	30
250	129	19	27
256	133	22	27
266	132	19	31
275	133	18	36
281	132	21	39
286	132	21	40
299	136	20	41
308	137	20	41
323	138	19	44
328	141	18	44
338	143	19	43
342	144	20	44
352	143	19	46
360	146	21	40
370	149	21	35
376	154	19	36
385	153	19	41
402	152	16	45
409	158	19	41
409	158	19	41
423	158	20	41
435	163	23	36
440	165	24	32
453	172	22	33
460	171	27	35
471	171	24	35
487	171	23	40
496	169	18	42
503	166	19	47
512	162	16	48
521	168	14	43
524	170	18	38
531	179	15	32
539	182	14	35
545	182	19	41
549	181	21	42
551	182	23	42
554	183	23	41
555	186	27	39
555	186	27	39
555	186	27	39
567	190	23	38
567	190	23	38
567	190	23	38
569	195	24	36
569	195	24	36
569	195	24	36
569	195	24	36
569	195	24	36
569	195	24	36
569	195	24	36
569	195	24	36
569	195	24	36
569	195	24	36
569	195	24	36
569	195	24	36
569	195	24	36
569	195	24	36
569	195	24	36
555	193	30	30
555	193	30	30
555	193	30	30
555	193	30	30
536	195	28	32
536	195	28	32
530	197	25	34
524	196	23	35
521	195	24	37
521	195	24	37
503	191	31	38
506	191	24	43
505	191	21	42
502	190	20	43
498	189	18	38
492	195	17	34
492	191	17	32
487	198	20	28
482	198	21	24
479	200	23	24
476	200	25	25
471	198	24	29
472	183	22	32
466	185	25	37
462	199	19	32
462	193	17	32
462	190	14	35
460	189	14	36
459	191	12	35
464	187	14	38
464	183	18	41
463	188	23	47
464	182	26	52
465	181	26	54
467	180	25	53
456	188	31	57
458	184	35	64
461	179	33	62
461	178	32	63
463	181	30	61
463	182	28	53
465	180	26	55
470	183	22	48
462	180	27	52
466	183	25	61
464	180	27	61
465	177	30	66
465	177	30	66
465	177	30	66
465	177	30	66
465	177	30	66
465	177	30	66
465	177	30	66
465	177	30	66
465	177	30	66
465	177	30	66
465	177	30	66
389	181	24	54
389	182	20	49
390	176	19	43
391	179	16	35
386	183	18	30
386	181	20	30
385	181	20	31
385	182	20	31
384	182	20	31
383	182	21	30
382	182	22	31
381	181	20	31
381	181	21	30
381	179	21	34
380	178	20	37
380	181	19	32
374	179	26	31
366	176	26	35
359	174	29	33
360	175	27	33
355	175	28	28
356	173	28	28
349	175	34	30
353	174	30	31
348	175	25	31
350	174	21	29
351	173	18	29
350	170	20	30
346	171	21	31
345	169	24	33
345	170	21	31
344	170	22	34
342	169	22	33
340	168	23	35
339	168	25	35
336	166	27	37
337	166	27	37
335	164	26	37
333	167	28	35
330	166	28	36
330	167	26	33
327	165	24	28
325	165	24	28
326	162	23	28
323	161	25	30
324	159	24	30
322	160	25	29
320	160	26	29
319	158	25	30
318	159	24	26
317	161	24	26
315	159	24	28
311	157	28	31
308	156	30	32
308	155	30	32
309	155	29	31
307	155	28	29
306	157	28	27
307	158	25	29
304	156	27	29
307	158	25	28
306	157	24	27
305	155	26	30
304	157	27	30
304	156	28	30
302	157	27	30
300	155	26	31
300	157	25	32
297	155	26	33
298	154	26	33
297	152	27	32
293	151	29	33
293	152	30	34
292	152	29	31
292	153	27	32
293	152	26	32
292	152	26	32
291	152	27	34
291	151	26	33
291	151	26	34
289	153	28	34
287	153	27	35
285	153	27	34
285	153	27	35
281	152	27	36
282	153	25	34
279	153	25	34
276	152	27	32
276	153	26	32
272	152	26	30
273	154	26	31
271	154	27	35
271	154	27	36
269	153	26	33
269	155	24	37
269	155	24	35
266	152	24	38
266	154	23	39
264	151	24	41
264	151	22	37
264	153	20	31
253	159	20	34
252	156	19	40
248	159	23	38
245	160	20	36
242	154	21	43
242	158	22	40
242	158	22	40
242	158	22	40
242	158	22	40
242	158	22	40
242	158	22	40
242	158	22	40
242	158	22	40
242	158	22	40
200	148	21	37
198	149	24	34
194	151	23	35
194	146	22	39
191	148	22	37
188	148	17	36
189	149	12	32
185	147	15	32
182	149	20	30
175	147	25	30
173	146	26	32
171	144	27	31
167	143	24	31
165	144	25	32
167	146	23	31
162	141	22	35
161	136	23	38
160	135	24	39
157	134	22	40
157	133	22	39
156	132	22	40
155	133	22	39
152	130	22	40
149	132	20	38
147	130	19	38
146	130	20	39
145	128	20	40
141	124	22	42
139	125	21	42
139	124	23	43
135	127	26	40
135	126	24	41
133	127	24	39
129	127	24	38
128	124	24	39
127	123	23	40
127	121	24	41
125	122	24	41
124	123	25	38
124	121	25	41
123	120	25	41
123	121	24	39
121	120	26	40
119	120	27	40
115	116	30	43
115	118	30	42
112	118	32	42
111	117	32	41
109	117	32	41
109	113	31	45
108	114	34	43
109	112	32	45
107	111	32	46
107	111	33	43
104	112	34	43
106	113	33	42
108	111	30	43
107	111	29	44
109	111	28	45
110	111	27	44
109	112	27	42
110	112	27	41
109	112	27	42
108	112	28	44
109	111	26	43
110	113	27	43
108	111	28	43
108	111	28	43
110	111	26	44
110	109	26	45
111	109	23	46
111	108	23	46
110	107	22	46
112	107	21	48
112	104	21	50
112	108	21	49
111	110	22	47
112	109	23	48
108	110	27	46
106	111	27	45
107	106	28	50
103	97	29	58
103	97	30	58
103	96	29	59
104	99	28	57
105	101	30	54
103	103	33	52
102	103	37	51
103	104	40	53
102	106	42	47
100	107	45	48
101	105	38	48
101	104	33	50
102	102	29	53
103	100	29	53
103	102	29	53
102	101	30	52
103	102	31	51
103	103	30	51
103	102	31	52
103	104	32	50
105	103	31	50
105	106	32	49
105	108	34	47
103	106	33	48
104	104	35	51
104	106	34	48
104	104	33	49
103	105	34	48
103	104	35	50
105	105	32	47
103	105	32	47
102	104	32	50
103	100	32	52
101	100	33	53
100	100	33	52
101	99	32	53
100	100	32	53
101	102	33	51
101	102	32	50
103	101	30	52
103	98	32	57
103	99	33	55
104	102	34	51
103	102	32	50
104	104	34	49
105	102	33	50
103	101	35	52
105	102	34	52
105	106	33	48
106	107	33	47
105	105	33	48
105	104	32	50
103	102	35	50
104	101	34	53
102	100	34	54
103	100	33	53
103	101	34	52
103	99	34	54
103	101	34	54
103	102	34	52
103	101	35	53
105	103	35	50
104	105	34	48
104	103	34	50
105	104	36	49
104	103	36	49
104	104	36	47
104	104	35	49
105	103	37	52
105	102	35	53
103	103	37	51
105	106	33	46
104	105	33	47
103	103	33	48
104	103	34	50
102	103	33	48
103	103	33	47
104	103	32	46
102	103	34	47
104	105	34	44
103	104	34	45
103	103	36	49
105	103	34	49
105	102	34	48
108	103	32	47
110	104	31	49
107	103	34	45
109	105	30	49
110	105	31	48
110	105	32	44
109	105	33	45
109	104	33	47
109	103	32	49
107	104	33	49
108	103	31	49
107	103	33	49
108	103	32	49
108	103	32	48
108	104	31	40
108	104	32	38
109	105	30	35
109	104	29	36
110	106	30	40
109	105	37	43
107	105	37	43
109	102	33	45
109	103	32	43
108	101	34	47
106	103	35	43
105	104	36	40
111	105	30	47
110	103	30	50
109	103	28	52
109	100	31	53
106	102	31	53
108	102	31	51
107	103	31	45
107	102	32	45
111	102	30	41
112	102	30	38
113	103	30	38
112	103	30	37
112	101	30	40
112	102	29	41
111	102	29	43
112	102	28	37
111	102	29	38
110	101	29	39
109	101	30	40
110	101	30	40
113	100	28	42
113	100	28	41
113	102	29	38
112	102	29	35
114	103	29	38
114	101	28	37
115	100	28	39
114	100	29	39
114	100	31	40
112	101	31	42
114	101	30	41
112	101	31	43
111	100	31	46
110	98	29	44
110	98	31	44
110	100	32	40
110	99	31	41
111	98	31	42
111	99	31	40
113	101	29	39
114	101	29	39
114	100	29	40
115	99	30	40
117	100	31	39
116	99	30	43
117	98	30	42
121	97	27	44
119	98	27	41
119	101	28	38
123	99	24	38
123	99	23	42
123	97	21	43
125	98	21	43
126	97	18	45
125	98	17	47
124	98	19	42
123	98	22	43
120	100	24	42
122	99	24	42
120	100	24	40
120	100	25	40
118	99	25	40
118	99	27	41
116	99	24	37
118	99	26	39
117	98	26	41
118	99	27	38
115	99	29	38
115	99	31	38
117	101	28	37
118	100	29	37
118	98	28	41
118	101	29	39
119	100	30	41
120	100	28	42
120	100	28	40
118	100	31	38
119	101	29	39
119	101	29	38
120	100	29	40
119	100	29	40
119	101	29	45
119	100	27	37
119	100	28	38
119	100	28	39
118	100	27	39
118	101	29	40
118	101	30	40
117	103	29	37
118	101	28	36
119	103	29	37
118	102	29	37
119	102	28	41
120	100	28	43
119	102	30	42
119	101	30	40
119	102	29	41
119	102	29	41
119	102	29	37
118	103	30	34
119	105	29	34
119	103	27	34
117	104	27	34
117	102	29	35
116	102	29	42
117	102	29	39
116	102	29	37
111	103	34	37
107	104	39	36
113	103	33	37
116	103	28	37
118	104	27	40
117	103	28	37
116	103	29	37
116	103	29	38
116	103	30	36
116	103	29	34
115	103	28	33
114	104	29	40
113	103	29	37
113	103	28	36
113	104	29	39
112	103	29	38
111	104	29	37
111	103	29	37
110	102	28	40
111	102	29	41
110	106	31	38
109	105	31	40
110	107	30	37
111	107	28	36
111	105	29	39
110	103	31	40
109	105	33	37
108	105	32	40
108	106	33	39
110	105	31	40
110	105	31	40
109	108	32	37
110	109	30	34
110	109	31	35
109	107	32	36
108	107	32	39
107	107	32	38
108	105	33	42
105	102	31	45
105	103	32	46
107	105	33	46
107	106	31	45
107	106	32	48
107	102	32	48
106	101	34	51
106	100	31	52
107	104	33	49
107	106	34	44
108	104	34	47
106	103	34	49
107	103	36	48
106	102	34	50
105	107	33	45
104	107	34	47
108	103	32	51
104	100	33	54
106	102	33	52
102	103	34	51
103	102	33	49
103	107	33	46
103	105	34	48
104	105	34	48
106	104	34	49
107	103	33	52
106	100	31	54
107	100	33	53
105	103	34	50
106	105	34	47
105	100	32	54
104	102	32	51
104	101	33	52
104	101	34	52
106	104	31	49
102	107	32	44
101	104	35	48
104	102	33	50
104	103	32	49
103	106	33	47
103	107	32	46
105	111	32	42
104	107	32	44
101	103	35	49
104	105	34	48
104	105	34	49
105	104	34	48
106	104	34	49
107	106	32	47
107	112	31	41
106	111	32	43
104	108	32	45
105	108	32	47
106	107	32	48
108	108	31	47
108	106	31	50
109	110	29	44
109	113	29	42
113	111	25	43
115	112	26	43
128	121	24	43
134	117	22	46
137	119	22	47
139	119	23	44
141	124	23	42
147	127	21	43
149	130	22	39
151	129	22	41
154	130	22	39
159	132	23	42
162	133	24	43
164	134	23	41
168	132	21	45
170	130	22	45
175	132	23	45
181	142	21	39
189	147	17	34
192	147	14	35
199	147	16	37
199	147	16	37
199	147	16	37
199	147	16	37
199	147	16	37
199	147	16	37
199	147	16	37
199	147	16	37
199	147	16	37
245	156	16	39
247	150	13	45
247	150	17	45
248	150	19	45
248	151	19	45
251	144	25	51
250	140	31	55
253	143	30	50
254	146	28	47
255	147	28	45
256	148	28	44
259	150	27	42
261	148	26	38
264	150	24	34
267	149	23	34
269	149	21	36
270	149	21	34
272	150	21	32
272	150	22	39
274	150	23	39
273	150	24	38
275	149	24	40
275	149	26	41
274	150	28	39
275	149	29	40
277	149	30	40
278	149	30	41
280	149	30	42
282	149	30	41
281	148	30	41
283	148	30	38
283	148	29	40
284	148	27	40
282	149	29	39
283	148	28	42
280	147	29	40
280	148	29	39
279	147	30	39
281	146	29	42
282	147	29	41
281	147	29	41
283	146	28	42
283	146	28	42
281	145	29	42
281	145	28	43
280	145	30	43
279	146	30	43
276	145	28	41
275	145	29	44
274	146	31	44
273	144	28	45
272	144	30	39
272	144	28	39
273	145	27	41
269	144	30	43
272	144	28	41
272	144	29	44
270	144	30	42
270	144	30	42
270	143	31	44
269	143	31	44
271	142	30	45
270	142	28	41
270	143	30	42
269	143	29	45
268	144	28	44
265	144	31	39
264	142	27	40
263	142	29	40
263	143	28	41
260	142	31	41
259	142	29	42
259	142	29	39
259	142	28	40
260	143	30	38
260	142	29	39
260	143	29	38
259	142	28	40
259	141	30	41
258	141	30	40
258	142	28	40
258	142	28	41
257	141	29	40
255	142	28	42
255	140	30	40
253	140	29	40
253	139	30	42
254	138	28	42
253	139	29	42
253	139	28	40
255	138	29	40
254	140	29	39
255	141	28	39
257	141	30	38
257	140	28	39
258	139	28	39
256	138	29	39
257	139	29	41
256	139	28	41
258	138	28	42
257	138	29	42
256	138	29	42
255	139	28	41
256	138	27	42
254	136	28	43
254	135	29	43
251	134	29	46
249	133	31	47
249	131	31	50
247	136	35	44
248	137	30	44
250	134	31	44
248	134	32	44
247	134	33	45
245	132	35	40
240	135	37	38
242	135	34	37
241	135	26	39
239	136	23	35
239	136	23	36
237	137	23	35
231	137	26	33
230	137	25	33
230	137	23	34
229	135	23	30
230	137	20	30
229	137	18	30
230	137	16	30
231	138	15	32
231	138	15	32
231	138	15	32
231	138	15	32
231	138	15	32
212	136	18	35
214	141	19	31
212	142	21	29
211	141	20	31
202	141	24	32
200	141	19	36
202	134	14	32
202	135	14	30
200	135	13	28
198	134	16	31
194	134	19	36
191	132	17	34
190	131	16	32
187	132	17	32
183	130	19	33
179	128	20	35
176	126	24	38
173	126	25	41
171	125	26	40
172	125	24	39
171	125	24	38
165	123	24	40
162	122	26	42
163	121	26	42
156	119	25	38
155	121	28	35
152	117	27	35
151	116	27	34
150	116	26	36
149	115	28	37
148	116	28	36
149	117	27	36
148	116	27	37
146	116	27	34
145	118	29	40
145	115	28	42
144	118	28	36
139	116	28	38
137	116	25	31
136	116	26	26
134	113	27	31
132	110	27	35
132	109	28	37
131	108	28	40
131	108	27	40
130	108	26	37
128	108	29	41
130	107	28	41
130	107	28	45
128	106	28	50
128	107	30	50
128	107	30	56
128	103	28	48
128	106	28	49
122	107	30	51
118	106	28	53
117	100	28	56
119	104	28	51
117	106	28	53
118	106	28	53
118	104	29	56
119	104	29	55
118	106	29	53
121	106	28	54
121	105	27	54
123	105	29	55
125	105	30	53
127	106	29	58
130	105	29	52
134	108	28	50
137	110	25	43
140	112	24	47
142	114	22	51
143	114	23	54
146	116	21	50
149	117	21	51
152	116	21	55
154	118	22	51
155	117	22	52
158	117	21	51
160	120	21	49
162	120	21	49
165	123	20	49
168	124	21	51
173	120	20	54
175	124	23	46
180	131	22	47
187	134	19	48
193	133	20	51
194	135	21	49
197	135	19	50
197	133	20	51
204	133	20	51
209	128	18	54
214	133	16	52
215	131	19	51
218	125	15	50
227	133	17	41
229	136	16	39
232	136	15	36
235	142	14	32
245	140	12	34
246	138	16	33
268	141	18	39
268	141	20	40
271	141	21	40
273	142	22	40
276	141	21	41
277	141	20	44
279	141	21	49
283	140	20	44
283	142	19	38
285	141	20	41
288	140	19	40
290	140	19	42
304	146	18	39
303	141	16	42
304	145	17	41
308	145	16	40
310	149	15	38
311	151	17	35
313	153	18	32
316	154	17	32
318	155	19	32
319	153	18	34
323	156	17	35
325	157	17	36
328	160	16	32
328	160	17	32
330	158	18	32
330	158	17	31
330	158	17	30
333	160	15	29
333	159	16	30
331	159	19	31
331	158	20	31
331	158	22	31
330	159	23	31
329	159	25	30
329	159	26	31
326	158	28	32
325	159	30	32
325	160	29	33
326	159	28	33
325	160	27	29
311	155	28	30
311	156	25	29
310	155	27	32
310	155	28	32
306	156	30	31
305	157	26	30
302	155	26	29
301	157	27	28
298	155	25	31
297	155	25	32
294	155	25	32
293	152	22	35
288	150	23	35
284	146	24	35
278	146	26	37
276	145	25	31
273	146	24	37
269	148	28	37
260	144	29	39
255	142	30	37
250	145	33	33
241	146	40	31
233	143	49	29
221	152	52	25
221	152	52	25
195	153	48	18
190	148	45	23
180	147	47	23
171	144	44	27
167	141	37	31
160	140	32	34
154	129	26	39
147	125	27	43
139	126	25	38
131	119	26	42
124	116	27	46
117	108	28	48
109	108	26	46
103	106	26	47
91	100	29	50
73	97	33	46
