0.458132
0.031305
0.031104
0.030852
0.030722
0.030699
0.030731
0.030725
0.030640
0.030653
0.030561
0.029956
0.029918
0.029999
0.030099
0.030053
0.029999
0.036319
0.042722
0.038012
0.054613
0.030802
0.030763
0.030905
0.030759
0.030720
0.030750
0.031149
0.034666
0.030900
0.030704
0.030707
0.031359
0.031831
0.030678
0.030817
0.030756
0.030794
0.031020
0.030785
0.060307
0.030688
0.030705
0.030766
0.030699
0.030865
0.031126
0.030919
0.031303
0.034669
0.030733
0.030688
0.030822
0.030793
0.030668
0.030648
0.030696
0.030758
0.030743
0.048319
0.060246
0.029948
0.029932
0.029894
0.029948
0.029975
0.030045
0.029808
0.029877
0.029769
0.029749
0.029748
0.030082
0.030024
0.029868
0.029874
0.029864
0.029979
0.030090
0.030103
0.061826
0.030396
0.029940
0.030049
0.029982
0.030056
0.030203
0.029989
0.029967
0.030034
0.029919
0.035132
0.032724
0.038091
0.038004
0.038023
0.042045
0.041989
0.042215
0.041952
0.072633
0.042159
0.049199
0.067748
0.067858
0.051302
0.038619
0.031080
0.030969
0.031012
0.031033
0.030881
0.030911
0.030800
0.030764
0.030790
0.057663
0.031800
0.030109
0.030184
0.059814
0.030002
0.029999
0.029881
0.029924
0.030141
0.029985
0.029974
0.030050
0.030027
0.030059
0.030003
0.029983
0.030027
0.030001
0.029952
0.029997
0.030023
0.039768
0.038155
0.059552
0.038759
0.038885
0.038351
0.038309
0.030134
0.057569
0.030302
0.029948
0.030115
0.030117
0.030011
0.029971
0.029961
0.030051
0.030017
0.029875
0.030162
0.030019
0.029918
0.059744
0.030340
0.030099
0.029999
0.030080
0.030077
0.030055
0.042048
0.037764
0.030947
0.031153
0.030799
0.030858
0.030747
0.030850
0.030835
0.031060
0.030910
0.041438
0.030280
0.059416
0.029949
0.030006
0.029953
0.029990
0.029974
0.029928
0.029960
0.030004
0.030173
0.030147
0.029984
0.030031
0.030025
0.029999
0.030113
0.029944
0.030456
0.030050
0.046041
0.061428
0.030001
0.030813
0.030156
0.030144
0.030111
0.030188
0.030098
0.029951
0.032950
0.039164
0.030230
0.030254
0.030321
0.030378
0.030367
0.030369
0.030401
0.030343
0.030295
0.059863
0.030316
0.030673
0.030682
0.030362
0.030412
0.030187
0.030333
0.030291
0.030338
0.030218
0.063677
0.038129
0.038091
0.042047
0.042087
0.043228
0.042184
0.042259
0.056448
0.078826
0.031094
0.031036
0.031018
0.031122
0.031704
0.031260
0.031119
0.031263
0.030934
0.030912
0.030965
0.030912
0.030965
0.030873
0.030999
0.031908
0.030854
0.031003
0.052569
0.060739
0.030962
0.031193
0.030890
0.030929
0.031224
0.030875
0.031991
0.053310
0.035497
0.030853
0.031211
0.030822
0.030802
0.030908
0.030934
0.030864
0.030919
0.031053
0.030910
0.060694
0.030782
0.030918
0.030807
0.030963
0.031057
0.030935
0.030920
0.031118
0.048699
0.036587
0.030984
0.030791
0.030798
0.030956
0.030900
0.030856
0.031530
0.031235
0.030885
0.077039
0.039630
0.039345
0.061060
0.030812
0.030933
0.030863
0.030942
0.030829
0.030960
0.030910
0.030909
0.030820
0.030935
0.030860
0.031298
0.030777
0.030926
0.030932
0.059213
0.060343
0.030226
0.030194
0.030333
0.030130
0.030143
0.030192
0.030259
0.030186
0.043062
0.030299
0.030021
0.029997
0.030278
0.030072
0.030041
0.030071
0.029895
0.029994
0.029886
0.059825
0.030175
0.030005
0.030025
0.030010
0.030068
0.029891
0.030062
0.030176
0.029993
0.029994
0.035778
0.030110
0.030087
0.030129
0.030119
0.029940
0.029993
0.030015
0.030025
0.059971
0.051419
0.030077
0.030115
0.030086
0.030118
0.030078
0.030254
0.030138
0.030068
0.030081
0.030031
0.030036
0.030137
0.030404
0.030376
0.029971
0.030115
0.030086
0.029916
0.059630
0.030161
0.033265
0.033071
0.030096
0.030058
0.030056
0.030155
0.030012
0.030010
0.030035
0.030016
0.030000
0.031842
0.033659
0.030095
0.030019
0.035918
0.039362
0.035980
0.060558
0.030202
0.030110
0.030287
0.030653
0.030037
0.030099
0.030239
0.030083
0.030154
0.030193
0.030068
0.030059
0.030161
0.036307
0.031686
0.030024
0.030097
0.030274
0.030073
0.059518
0.030049
0.030107
0.030024
0.032590
0.033168
0.030332
0.030330
0.029976
0.030008
0.030034
0.030100
0.030085
0.030023
0.030254
0.030138
0.030046
0.030000
0.030103
0.030015
0.060202
0.030111
0.030074
0.030142
0.030131
0.030030
0.051140
0.030960
0.030118
0.030129
0.030119
0.030100
0.029953
0.030136
0.030229
0.030058
0.038392
0.030334
0.030100
0.030146
0.059598
0.030107
0.029998
0.029993
0.030143
0.030172
0.030087
0.030046
0.029966
0.030090
0.030120
0.030091
0.030100
0.030147
0.030080
0.030047
0.029915
0.034398
0.033079
0.030636
0.060186
0.041140
0.033787
0.032252
0.030085
0.030252
0.030069
0.041490
0.030255
0.029963
0.030046
0.030246
0.030099
0.030069
0.030044
0.030045
0.030023
0.030063
0.030075
0.030260
0.059563
0.030030
0.030029
0.029956
0.029953
0.030456
0.030180
0.030229
0.033316
0.039956
0.030177
0.030035
0.030261
0.030118
0.029999
0.030066
0.030109
0.030061
0.030277
0.051447
0.069446
0.039311
0.042991
0.060289
0.038536
0.042478
0.030455
0.031785
0.030625
0.030549
0.030560
0.030555
0.030432
0.030454
0.030590
0.030426
0.032493
0.041222
0.030703
0.030635
0.059970
0.030687
0.030593
0.030558
0.030229
0.030116
0.049558
0.032214
0.030656
0.030155
0.030187
0.030101
0.030144
0.030136
0.030312
0.030249
0.030095
0.030114
0.030152
0.030073
0.060031
0.030057
0.030074
0.030108
0.030017
0.029997
0.030041
0.029951
0.054668
0.030971
0.030662
0.030505
0.030448
0.030523
0.030754
0.030590
0.030248
0.030175
0.030150
0.059179
0.059836
0.030202
0.030160
0.030264
0.030250
0.030220
0.030146
0.030217
0.030293
0.030238
0.030188
0.030174
0.030142
0.030085
0.030227
0.030257
0.030286
0.030227
0.030131
0.030126
0.065539
0.030288
0.030149
0.030116
0.030206
0.030146
0.030220
0.030430
0.030298
0.030181
0.030657
0.037141
0.030293
0.030111
0.030214
0.030073
0.030127
0.030089
0.030104
0.030115
0.060547
0.030090
0.030059
0.030105
0.030124
0.030221
0.030083
0.030141
0.030129
0.030137
0.030020
0.030031
0.035877
0.031749
0.030288
0.030305
0.030401
0.030403
0.030350
0.030282
0.060623
0.030195
0.051601
0.030246
0.030184
0.030308
0.030199
0.030273
0.030185
0.030209
0.030230
0.030213
0.030078
0.030277
0.030121
0.030094
0.038054
0.032494
0.030117
0.030276
0.060551
0.030056
0.034847
0.030205
0.030087
0.030107
0.030138
0.030044
0.030165
0.030156
0.030115
0.030219
0.031626
0.036579
0.030426
0.030135
0.030303
0.030086
0.030097
0.030170
0.060700
0.030087
0.030148
0.030082
0.030060
0.030329
0.030283
0.030267
0.030209
0.030166
0.030154
0.030270
0.030185
0.030235
0.059557
0.038889
0.038452
0.038403
0.038637
0.042456
0.088543
0.056153
0.033992
0.030041
0.030190
0.030221
0.030096
0.030123
0.030182
0.030652
0.030560
0.030301
0.030507
0.030133
0.030104
0.030168
0.030253
0.030274
0.030227
0.030226
0.059995
0.030162
0.056110
0.036174
0.030255
0.030239
0.030250
0.030320
0.030383
0.030288
0.030202
0.030240
0.031053
0.037322
0.030332
0.030343
0.030178
0.030184
0.030189
0.030178
0.059913
0.030236
0.030134
0.030272
0.030237
0.030178
0.030316
0.030263
0.030318
0.030365
0.030361
0.030146
0.030174
0.030246
0.043542
0.030418
0.030133
0.030101
0.030106
0.030142
0.059564
0.030381
0.030326
0.030212
0.034968
0.039179
0.038560
0.038411
0.038429
0.044039
0.051887
0.030282
0.030310
0.030342
0.030387
0.030325
0.030143
0.030175
0.030099
0.030463
0.060949
0.039755
0.056773
0.032428
0.030324
0.030121
0.030306
0.030095
0.030120
0.030124
0.030193
0.030159
0.030023
0.038803
0.032922
0.030084
0.030028
0.030077
0.030213
0.030320
0.061040
0.030113
0.030231
0.030074
0.030107
0.030150
0.030023
0.030103
0.030093
0.030440
0.030222
0.030264
0.055803
0.038661
0.037350
0.030154
0.030258
0.030154
0.030177
0.030043
0.059780
0.039755
0.034155
0.030098
0.030036
0.030022
0.030031
0.030491
0.030119
0.030025
0.030064
0.030196
0.030243
0.030041
0.030352
0.030187
0.030085
0.030217
0.030188
0.030146
0.059673
0.030038
0.030195
0.038911
0.030112
0.030083
0.030076
0.030182
0.030126
0.030039
0.030218
0.030088
0.030111
0.032644
0.033024
0.030219
0.030201
0.030026
0.030039
0.030086
0.059517
0.030202
0.030177
0.030148
0.030154
0.030119
0.030117
0.030216
0.030128
0.030032
0.030092
0.030071
0.030057
0.030159
0.030267
0.043312
0.031915
0.030124
0.030054
0.030072
0.060763
0.030189
0.030164
0.030121
0.030145
0.050444
0.030498
0.030402
0.030232
0.030381
0.030215
0.030212
0.030312
0.030893
0.030388
0.030320
0.030369
0.030147
0.030239
0.030195
0.060562
0.030271
0.030148
0.030181
0.030145
0.030234
0.034636
0.034442
0.030158
0.035221
0.039908
0.038249
0.038228
0.038175
0.030162
0.030078
0.048995
0.033675
0.030061
0.030217
0.059530
0.030032
0.030003
0.030108
0.029973
0.030058
0.030122
0.029934
0.030021
0.030068
0.030032
0.030220
0.030328
0.030145
0.030191
0.030082
0.030097
0.038101
0.030155
0.030147
0.060401
0.030195
0.030184
0.030133
0.030326
0.030228
0.030066
0.037769
0.030134
0.030242
0.030120
0.030268
0.030248
0.030298
0.030178
0.030187
0.030282
0.030315
0.030334
0.032763
0.066072
0.030162
0.030126
0.030166
0.030515
0.030136
0.030116
0.031545
0.039306
0.038155
0.030145
0.030257
0.030166
0.030216
0.030121
0.030251
0.030127
0.030200
0.039524
0.033436
0.060243
0.030201
0.030243
0.030292
0.030228
0.030209
0.045769
0.030227
0.030209
0.030480
0.030241
0.030176
0.030196
0.030178
0.030166
0.030149
0.030288
0.030272
0.030340
0.034973
0.063472
0.030177
0.030265
0.030272
0.030338
0.030965
0.030324
0.030378
0.030301
0.032602
0.033710
0.030244
0.030259
0.030253
0.030197
0.030314
0.030804
0.030633
0.030385
0.030429
0.059891
0.030381
0.030582
0.030512
0.030515
0.030560
0.030498
0.030491
0.030420
0.030223
0.030380
0.039085
0.034596
0.030215
0.030173
0.030300
0.030401
0.030448
0.030062
0.030985
0.064220
0.032425
0.031097
0.031033
0.031056
0.031042
0.030964
0.031021
0.030920
0.030954
0.030971
0.030996
0.030901
0.046618
0.030354
0.030137
0.045354
0.030057
0.030149
0.030406
0.059626
0.039207
0.038260
0.038213
0.038299
0.042140
0.043777
0.046386
0.030048
0.037048
0.031208
0.030174
0.030272
0.030099
0.030097
0.030104
0.030099
0.030228
0.030150
0.030208
0.061044
0.030126
0.030202
0.030118
0.030210
0.030303
0.030204
0.030199
0.030194
0.030188
0.030178
0.051825
0.030363
0.030165
0.030132
0.030431
0.030118
0.030119
0.030161
0.030216
0.060293
0.040404
0.030520
0.030246
0.030059
0.030258
0.030305
0.030254
0.030140
0.030203
0.030167
0.030188
0.030231
0.030216
0.030091
0.030224
0.030287
0.030082
0.030196
0.030427
0.061423
0.030148
0.056387
0.030504
0.030137
0.030236
0.030134
0.030072
0.030196
0.030233
0.030225
0.030148
0.030216
0.051833
0.030459
0.030084
0.030091
0.030099
0.030351
0.030357
0.060709
0.030135
0.030187
0.030314
0.030401
0.030237
0.030131
0.030205
0.030188
0.030111
0.030148
0.030285
0.030150
0.048227
0.031075
0.030355
0.030273
0.030293
0.030257
0.030145
0.059662
0.030187
0.030217
0.049163
0.031987
0.032435
0.032195
0.031687
0.031472
0.031305
0.031454
0.031358
0.035159
0.047692
0.031155
0.031047
0.031049
0.031069
0.031157
0.031014
0.061116
0.030962
0.031089
0.052909
0.037900
0.031018
0.030865
0.030889
0.030846
0.030939
0.030832
0.030816
0.030919
0.052956
0.031194
0.030126
0.030041
0.030077
0.030056
0.030093
0.060238
0.030248
0.030105
0.030248
0.030258
0.032241
0.030313
0.030258
0.030224
0.030122
0.030295
0.030090
0.030100
0.030087
0.030139
0.033099
0.033189
0.030217
0.030238
0.030393
0.060665
0.030344
0.030387
0.030589
0.030200
0.038833
0.030875
0.030316
0.030275
0.030194
0.030220
0.030228
0.030217
0.030202
0.030328
0.030354
0.030199
0.030244
0.030156
0.032531
0.060951
0.030293
0.030228
0.030306
0.030373
0.030248
0.030593
0.039338
0.030645
0.030320
0.030299
0.030244
0.030216
0.030265
0.030162
0.030261
0.030387
0.033587
0.034896
0.030230
0.060152
0.030283
0.030257
0.030219
0.030110
0.030136
0.030154
0.030104
0.030182
0.030179
0.030146
0.030140
0.030170
0.030191
0.030225
0.031070
0.030201
0.030210
0.030122
0.036644
0.060469
0.030193
0.030292
0.030110
0.030093
0.030162
0.030215
0.030171
0.030276
0.048139
0.038261
0.031004
0.031024
0.030985
0.031090
0.031010
0.031024
0.032031
0.031682
0.030984
0.060709
0.030998
0.031109
0.031082
0.030974
0.031035
0.030880
0.031000
0.031056
0.030969
0.054864
0.038924
0.038373
0.038528
0.068294
0.059479
0.030751
0.062125
0.039436
0.040030
0.060579
0.031518
0.031102
0.031147
0.031253
0.031101
0.031028
0.031181
0.031213
0.031305
0.031384
0.031103
0.031026
0.031207
0.030959
0.031096
0.032529
0.044519
0.030193
0.030146
0.060555
0.030362
0.030452
0.030285
0.030222
0.030377
0.036250
0.032954
0.030301
0.030193
0.030421
0.030301
0.030160
0.030238
0.030222
0.030330
0.030216
0.030223
0.030204
0.030229
0.061114
0.030293
0.030325
0.030279
0.030182
0.030196
0.030234
0.036084
0.039138
0.038396
0.030229
0.030155
0.030205
0.030431
0.030226
0.030129
0.030159
0.030123
0.051464
0.030350
0.059871
0.030221
0.030169
0.030201
0.030221
0.030149
0.030325
0.030156
0.030209
0.030207
0.030150
0.030118
0.030195
0.030180
0.030345
0.030363
0.030208
0.030097
0.030463
0.049364
0.070010
0.038632
0.038527
0.038526
0.042313
0.058548
0.042549
0.040367
0.043589
0.034411
0.031260
0.046669
0.031415
0.031132
0.031239
0.030962
0.031046
0.031196
0.032477
0.039780
0.061210
0.031447
0.031189
0.031097
0.031076
0.031802
0.053764
0.030373
0.030465
0.030381
0.030235
0.030152
0.030242
0.030233
0.030213
0.030469
0.030302
0.035139
0.030563
0.030246
0.060837
0.030268
0.030263
0.030254
0.030147
0.030247
0.030175
0.030356
0.030229
0.030244
0.030194
0.030208
0.030275
0.030189
0.030055
0.030227
0.030209
0.030108
0.040488
0.034199
0.060170
0.031086
0.030343
0.030104
0.030201
0.030179
0.030060
0.030121
0.039233
0.034078
0.030147
0.030064
0.030119
0.030148
0.030659
0.030111
0.030126
0.030317
0.030074
0.030091
0.060677
0.030072
0.030227
0.030843
0.030221
0.030123
0.030113
0.030201
0.030452
0.030237
0.039920
0.031024
0.030102
0.030228
0.030135
0.030302
0.030166
0.030209
0.030089
0.030099
0.061512
0.036733
0.030268
0.030186
0.030118
0.030078
0.030189
0.030207
0.030173
0.030262
0.030226
0.030159
0.030109
0.030064
0.030192
0.030271
0.030120
0.030206
0.030073
0.030198
0.059511
0.030198
0.039192
0.030517
0.030145
0.029968
0.030184
0.030490
0.030701
0.030256
0.030046
0.030151
0.030395
0.039070
0.030462
0.030135
0.030463
0.030125
0.030194
0.030115
0.060474
0.030181
0.030243
0.030196
0.030208
0.030159
0.030139
0.030150
0.030394
0.030202
0.030229
0.031270
0.031214
0.030116
0.031521
0.037666
0.030195
0.030197
0.030106
0.030152
0.060452
0.030184
0.030210
0.030679
0.051677
0.039044
0.038249
0.038511
0.039056
0.042661
0.042236
0.042143
0.042454
0.065706
0.067839
0.065265
0.035774
0.032444
0.030391
0.052711
0.064384
0.030391
0.030080
0.030129
0.030092
0.030365
0.030070
0.030174
0.030222
0.048108
0.034153
0.030092
0.030142
0.030135
0.030360
0.030194
0.030063
0.030150
0.030264
0.030168
0.061143
0.030179
0.030161
0.030274
0.030278
0.030216
0.030090
0.030085
0.030015
0.030099
0.050976
0.038119
0.030924
0.031268
0.031057
0.030995
0.031061
0.030943
0.031079
0.031075
0.068676
0.038305
0.030986
0.030985
0.031025
0.031363
0.031570
0.030912
0.031138
0.031012
0.020204
0.031078
0.031114
0.030881
0.030965
0.030667
0.030219
0.030150
0.030347
0.030107
0.060247
0.053804
0.038849
0.038391
0.038299
0.038471
0.042255
0.042222
0.042432
0.056628
0.027123
0.021527
0.030465
0.020410
0.020268
0.030423
0.020327
0.020274
0.020285
0.020252
0.020147
0.020197
0.020206
0.020178
0.020149
0.020146
0.020221
0.020195
0.020181
0.020184
0.030158
0.020200
0.020194
0.020171
0.030205
0.020144
0.030195
0.030270
0.037500
0.023885
0.061436
0.032274
0.030285
0.030672
0.068467
0.034714
0.030038
0.030126
0.029954
0.029986
0.030002
0.030164
0.029988
0.030196
0.030120
0.030075
0.030165
0.030041
0.030046
0.030178
0.059630
0.030094
0.030250
0.030347
0.030364
0.046789
0.031013
0.030566
0.030648
0.030500
0.030508
0.030408
0.030414
0.030279
0.030384
0.030450
0.035026
0.022559
0.020761
0.020452
0.020499
0.020617
0.020530
0.020494
0.020519
0.020540
0.020478
0.030476
0.030239
0.030275
0.030178
0.030140
0.030063
0.030068
0.030125
0.030035
0.030295
0.030123
0.030102
0.030092
0.060718
0.037979
0.030720
0.030099
0.030154
0.030105
0.030088
0.030248
0.030153
0.030099
0.030268
0.030106
0.033907
0.032183
0.030023
0.030154
0.030169
0.030123
0.030112
0.030009
0.060924
0.030055
0.030077
0.030408
0.030137
0.030202
0.030307
0.030101
0.030116
0.030075
0.030023
0.030098
0.030141
0.029993
0.035191
0.038980
0.038421
0.038418
0.038208
0.044303
0.072801
0.042548
0.064383
0.035025
0.030439
0.030406
0.030431
0.030412
0.030212
0.030139
0.030183
0.030084
0.030251
0.030409
0.030128
0.030204
0.030240
0.030117
0.030141
0.030200
0.059694
0.030187
0.030121
0.033641
0.030138
0.030263
0.030259
0.030182
0.030148
0.030826
0.031180
0.030162
0.030168
0.033624
0.039228
0.038548
0.038377
0.038534
0.042370
0.037472
0.059478
0.030136
0.030167
0.030251
0.030229
0.030325
0.030278
0.030181
0.030153
0.030197
0.030175
0.030411
0.030163
0.043076
0.021566
0.020167
0.020108
0.020171
0.020124
0.020149
0.020371
0.020130
0.030136
0.030178
0.030213
0.030434
0.037370
0.030794
0.030118
0.030076
0.030050
0.029975
0.030233
0.030075
0.030170
0.030199
0.030108
0.030094
0.030124
0.030213
0.060465
0.030218
0.030195
0.030185
0.030060
0.030161
0.030158
0.052043
0.030607
0.030199
0.030338
0.030335
0.030421
0.030223
0.030290
0.030176
0.053006
0.038417
0.030960
0.031068
0.061575
0.031094
0.031130
0.030998
0.031064
0.031081
0.031040
0.031044
0.031102
0.031104
0.031121
0.031176
0.031622
0.041886
0.038964
0.058733
0.038612
0.030370
0.030263
0.030309
0.059625
0.030338
0.030303
0.030275
0.030195
0.037687
0.030186
0.030206
0.030530
0.030316
0.030365
0.030298
0.030262
0.030168
0.030249
0.046343
0.030381
0.030214
0.030272
0.030190
0.060514
0.030425
0.030331
0.030323
0.030397
0.058274
0.032811
0.030438
0.030411
0.030432
0.030529
0.030596
0.030554
0.030670
0.030516
0.030453
0.038018
0.032541
0.046960
0.030418
0.061424
0.030391
0.030399
0.030432
0.030332
0.030370
0.030448
0.030377
0.030512
0.030324
0.030525
0.030479
0.030357
0.030363
0.030460
0.030389
0.030392
0.039504
0.030762
0.030441
0.062178
0.030566
0.030426
0.030447
0.030486
0.030512
0.030391
0.041928
0.030948
0.030367
0.030511
0.030601
0.030380
0.030415
0.030416
0.030462
0.030457
0.030493
0.030431
0.030382
0.060905
0.030459
0.030427
0.030494
0.030426
0.030481
0.030403
0.030394
0.035382
0.039719
0.038929
0.038696
0.030577
0.030449
0.030646
0.030468
0.030410
0.057466
0.030798
0.030453
0.060656
0.030313
0.030394
0.030289
0.030358
0.030569
0.030379
0.030376
0.030364
0.030314
0.030417
0.030335
0.030328
0.030393
0.030501
0.030338
0.030297
0.030458
0.052319
0.039233
0.071804
0.039167
0.038781
0.037712
0.030169
0.030232
0.030240
0.039183
0.030376
0.030299
0.030472
0.030338
0.030342
0.030292
0.030328
0.030251
0.030319
0.030458
0.030379
0.030327
0.060872
0.030384
0.030440
0.030234
0.030991
0.031439
0.030312
0.030257
0.041648
0.030631
0.030358
0.030335
0.030248
0.030224
0.030194
0.030224
0.030261
0.030313
0.030231
0.055001
0.063279
0.031287
0.031229
0.031028
0.040128
0.037146
0.031039
0.031060
0.031232
0.031075
0.030988
0.031143
0.031151
0.031044
0.031079
0.031083
0.031190
0.031064
0.031047
0.046292
0.063010
0.030304
0.030213
0.030276
0.030516
0.030091
0.030197
0.030276
0.030207
0.037024
0.038705
0.038372
0.038315
0.039040
0.053061
0.048968
0.039205
0.030327
0.030299
0.034739
0.065666
0.030340
0.030242
0.030134
0.030174
0.030387
0.030349
0.035866
0.037947
0.030112
0.030467
0.030412
0.030907
0.030223
0.030336
0.030292
0.030133
0.030156
0.046532
0.037879
0.061491
0.030970
0.031161
0.031015
0.031103
0.030980
0.031029
0.031132
0.031194
0.031046
0.031023
0.031094
0.030959
0.031056
0.031075
0.033355
0.031100
0.031182
0.051925
0.030269
0.060235
0.030335
0.030485
0.030312
0.030242
0.030791
0.030097
0.030242
0.040364
0.030495
0.030300
0.030169
0.030191
0.030266
0.030120
0.030199
0.030290
0.030376
0.030238
0.030193
0.060382
0.030363
0.030339
0.030278
0.030268
0.030279
0.030396
0.030398
0.030339
0.049106
0.031512
0.030388
0.030397
0.030320
0.030258
0.030475
0.030319
0.030326
0.030408
0.030339
0.064671
0.030640
0.030372
0.030463
0.030373
0.030420
0.030404
0.030317
0.030443
0.030367
0.030467
0.034700
0.040056
0.030427
0.030333
0.030430
0.030547
0.030360
0.030375
0.030420
0.060088
0.051431
0.030469
0.030389
0.030392
0.030470
0.030539
0.030459
0.030342
0.030460
0.030495
0.030797
0.038507
0.031089
0.030392
0.030565
0.030423
0.030334
0.030512
0.030372
0.060175
0.030476
0.030564
0.030396
0.030462
0.030412
0.030423
0.030385
0.030346
0.030351
0.030410
0.030279
0.030417
0.035762
0.040498
0.038508
0.038539
0.038445
0.030205
0.030273
0.059377
0.030540
0.032277
0.039267
0.030138
0.030098
0.030164
0.030295
0.030317
0.030199
0.030863
0.030309
0.030221
0.030522
0.030107
0.030148
0.030027
0.020136
0.020098
0.020057
0.020099
0.020069
0.020032
0.020090
0.020103
0.030168
0.030159
0.039915
0.030767
0.030322
0.030510
0.030363
0.030432
0.030425
0.030208
0.030377
0.030377
0.030381
0.035793
0.030101
0.060694
0.030208
0.030186
0.030179
0.030193
0.030110
0.030246
0.030145
0.030226
0.030297
0.030334
0.030317
0.030306
0.030346
0.030335
0.030312
0.030399
0.030363
0.030259
0.041902
0.061940
0.030383
0.030253
0.030933
0.030375
0.030274
0.030471
0.030272
0.030274
0.034138
0.030422
0.030306
0.030325
0.030271
0.030323
0.030331
0.030467
0.030394
0.030233
0.030321
0.059918
0.030435
0.030414
0.032982
0.040376
0.038976
0.030462
0.030580
0.034686
0.032706
0.030493
0.030267
0.030213
0.030191
0.030340
0.030314
0.030295
0.030309
0.030166
0.067234
0.060591
0.031065
0.030958
0.031335
0.031203
0.031098
0.031214
0.031214
0.031110
0.031016
0.031056
0.031185
0.031096
0.031146
0.031906
0.031179
0.030970
0.031585
0.031077
0.053600
0.060687
0.030439
0.030208
0.030220
0.030254
0.030277
0.030485
0.052444
0.031292
0.030180
0.030369
0.030384
0.030342
0.030361
0.030333
0.030363
0.030296
0.030401
0.030451
0.030350
0.060571
0.030336
0.030291
0.030205
0.030111
0.030184
0.030079
0.030155
0.043832
0.030498
0.030073
0.030130
0.030000
0.030088
0.020013
0.019935
0.019932
0.020145
0.030178
0.030090
0.064873
0.030456
0.030044
0.030137
0.030304
0.030766
0.030198
0.030201
0.030118
0.030247
0.030037
0.030236
0.030145
0.030204
0.030229
0.030241
0.030205
0.030323
0.030182
0.030135
0.060059
0.048489
0.040114
0.030432
0.030490
0.030262
0.030251
0.030192
0.030257
0.030310
0.030162
0.030351
0.051314
0.038757
0.038409
0.038594
0.035329
0.030911
0.030907
0.031001
0.061220
0.037882
0.031060
0.031065
0.031037
0.031099
0.031104
0.031043
0.030444
0.038852
0.038735
0.070656
0.039897
0.042897
0.042839
0.042791
0.042945
0.042891
0.043113
0.045288
0.073636
0.068663
0.064797
0.047693
0.043496
0.030605
0.030692
0.030720
0.030767
0.030459
0.030358
0.030319
0.030289
0.030327
0.030244
0.030368
0.034216
0.030376
0.030377
0.030197
0.060483
0.030263
0.030311
0.030310
0.030235
0.043054
0.033808
0.030321
0.030318
0.030189
0.030257
0.030308
0.030217
0.030307
0.030350
0.036145
0.032150
0.030188
0.030041
0.030046
0.060908
0.030111
0.030118
0.030302
0.030178
0.030195
0.033246
0.043086
0.038338
0.038588
0.038349
0.042369
0.042192
0.042459
0.042418
0.041681
0.038195
0.035655
0.046915
0.031161
0.060978
0.031098
0.031256
0.031091
0.031862
0.030844
0.030956
0.030930
0.030977
0.030923
0.030938
0.030884
0.030856
0.030831
0.031184
0.040620
0.037689
0.030954
0.031022
0.031086
0.060659
0.031165
0.031270
0.031159
0.057107
0.038003
0.031197
0.031213
0.030986
0.031053
0.031039
0.031700
0.031177
0.043722
0.031050
0.031052
0.031285
0.030941
0.030992
0.030681
0.060042
0.030351
0.030301
0.030447
0.034927
0.030639
0.030455
0.020407
0.030333
0.040372
0.039397
0.038518
0.038531
0.054544
0.033598
0.030297
0.030333
0.030262
0.030415
0.030315
0.059796
0.030357
0.030366
0.030636
