0.365308
0.032637
0.031300
0.030469
0.030468
0.030507
0.030467
0.030386
0.030376
0.030450
0.030384
0.046128
0.039861
0.039209
0.039050
0.039624
0.050058
0.047927
0.030836
0.051259
0.064158
0.040606
0.043740
0.031059
0.031380
0.030974
0.031114
0.030841
0.030780
0.030830
0.030620
0.030710
0.030545
0.031579
0.030429
0.030651
0.030683
0.030697
0.030647
0.040890
0.064327
0.028665
0.030502
0.028625
0.030527
0.030532
0.030547
0.030681
0.028690
0.035112
0.037977
0.030818
0.030697
0.030564
0.030719
0.028661
0.030497
0.030737
0.031265
0.030959
0.060401
0.030584
0.030600
0.030656
0.030551
0.030990
0.030721
0.030617
0.030545
0.030671
0.034002
0.030926
0.028647
0.030559
0.030659
0.030605
0.030511
0.030462
0.030632
0.030481
0.061680
0.034974
0.030621
0.030687
0.030757
0.031055
0.030516
0.030816
0.030607
0.030509
0.030557
0.030459
0.030462
0.030586
0.030574
0.030640
0.030547
0.030548
0.030481
0.030545
0.059990
0.032835
0.036774
0.030806
0.030662
0.030673
0.030544
0.030627
0.030491
0.030667
0.030589
0.030687
0.038969
0.031281
0.030562
0.030454
0.030628
0.030637
0.030668
0.030590
0.060534
0.030554
0.030642
0.030623
0.030396
0.030709
0.030616
0.030484
0.030540
0.030718
0.030683
0.030915
0.030951
0.048541
0.032073
0.030907
0.031162
0.030969
0.031010
0.030934
0.060642
0.031072
0.031508
0.039530
0.031377
0.030945
0.030915
0.030987
0.031012
0.031062
0.030932
0.030975
0.031028
0.031114
0.031092
0.031070
0.031076
0.031079
0.031084
0.030998
0.060843
0.030973
0.031124
0.030950
0.039638
0.032428
0.031079
0.030944
0.031060
0.030985
0.031186
0.031101
0.031312
0.031265
0.031290
0.040281
0.031856
0.031320
0.031083
0.031117
0.060591
0.031162
0.031159
0.031186
0.031046
0.031061
0.031113
0.031140
0.031250
0.032190
0.031256
0.031202
0.031239
0.033494
0.036000
0.034209
0.035104
0.031327
0.031384
0.031116
0.061266
0.031145
0.031116
0.031299
0.031670
0.037547
0.031523
0.031325
0.031305
0.034461
0.032135
0.031533
0.031281
0.031439
