0.413172
0.033970
0.031815
0.039139
0.047035
0.047051
0.047081
0.055545
0.045716
0.045887
0.038724
0.035070
0.039881
0.042052
0.050244
0.040291
0.043923
0.077401
0.044090
0.043839
0.068477
0.052300
0.043998
0.043619
0.043632
0.043198
0.050832
0.069672
0.044262
0.031111
0.021024
0.020843
0.030826
0.026957
0.027671
0.020933
0.020940
0.020603
0.020779
0.020584
0.020674
0.026919
0.020573
0.020618
0.030589
0.030693
0.032789
0.033247
0.030549
0.030695
0.030625
0.030632
0.030666
0.030658
0.030586
0.030608
0.030621
0.030800
0.030648
0.030787
0.060541
0.030652
0.030549
0.030558
0.030607
0.030649
0.030772
0.030583
0.042552
0.030698
0.039093
0.043956
0.069591
0.050340
0.039736
0.036477
0.030833
0.030884
0.031147
0.030833
0.060938
0.030575
0.038389
0.039618
0.039305
0.039406
0.039551
0.043306
0.041353
0.040473
0.043254
0.057161
0.043487
0.048991
0.031013
0.030883
0.032850
0.030854
0.030788
0.031300
0.078106
0.039328
0.030846
0.030602
0.030639
0.030651
0.030561
0.030458
0.030711
0.030522
0.030665
0.030513
0.030510
0.030634
0.030612
0.030656
0.030647
0.030413
0.030592
0.030604
0.060952
0.049078
0.033932
0.030407
0.030470
0.030556
0.030484
0.030365
0.030616
0.030717
0.030345
0.030422
0.053016
0.030331
0.031031
0.030499
0.030423
0.030530
0.030452
0.030298
0.060249
0.030438
0.030569
0.030889
0.030336
0.030372
0.030356
0.030370
0.030312
0.030353
0.030370
0.030248
0.030317
0.048182
0.035026
0.030347
0.030353
0.030335
0.030383
0.030358
0.060653
0.030410
0.030281
0.046675
0.034452
0.030364
0.030331
0.030434
0.030246
0.030274
0.030363
0.030327
0.030380
0.030401
0.030264
0.030419
0.030379
0.030352
0.030340
0.030223
0.060319
0.030236
0.030445
0.030398
0.030337
0.043150
0.030700
0.030734
0.030540
0.030373
0.030460
0.030315
0.031838
0.030366
0.030541
0.055728
0.038977
0.038708
0.038536
0.041232
0.073467
0.058104
0.069228
0.053414
0.030510
0.031703
0.031620
0.030834
0.030690
0.030674
0.030470
0.031828
0.041589
0.038840
0.038875
0.032314
0.030410
0.030831
0.030331
0.030411
0.060128
0.048859
0.030797
0.030387
0.030365
0.030425
0.030353
0.030457
0.030342
0.030198
0.030280
0.030272
0.030482
0.030675
0.030727
0.030427
0.030428
0.030210
0.030155
0.030310
0.060571
0.030367
0.030337
0.036754
0.030382
0.030254
0.030371
0.030335
0.030422
0.030355
0.030325
0.030325
0.030385
0.030286
0.039463
0.033627
0.030412
0.030213
0.030456
0.030365
0.060501
0.036669
0.038946
0.036637
0.030399
0.030392
0.030499
0.030379
0.030293
0.030489
0.030443
0.030405
0.030307
0.030427
0.036153
0.037962
0.030396
0.030337
0.030292
0.030226
0.060732
0.030452
0.030288
0.030421
0.044381
0.034393
0.036570
0.030310
0.030447
0.030427
0.030309
0.030279
0.030442
0.030388
0.030370
0.030464
0.031181
0.030412
0.030435
0.030407
0.060055
0.030464
0.030364
0.030405
0.030520
0.035512
0.033914
0.030501
0.030385
0.030460
0.030451
0.030288
0.030436
0.030607
0.030418
0.030426
0.045431
0.031380
0.030327
0.030425
0.060591
0.030441
0.030413
0.030404
0.030354
0.030314
0.030457
0.030339
0.030486
0.030354
0.030337
0.030261
0.030387
0.030381
0.030308
0.030242
0.038316
0.039937
0.032688
0.030611
0.060338
0.030302
0.030321
0.030363
0.030308
0.030226
0.030380
0.049321
0.039370
0.038417
0.036785
0.030267
0.030317
0.030294
0.030462
0.030375
0.030645
0.030313
0.030426
0.030427
0.046143
0.030343
0.031087
0.030262
0.030301
0.030451
0.030550
0.030451
0.050751
0.038950
0.038915
0.039181
0.041815
0.042608
0.067009
0.049503
0.036883
0.039675
0.038563
0.048102
0.097181
0.042139
0.030537
0.030503
0.030514
0.030709
0.032281
0.030695
0.030844
0.030370
0.031061
0.030152
0.030123
0.030214
0.032389
0.035158
0.030172
0.045995
0.045796
0.030194
0.059992
0.030358
0.030378
0.031768
0.044194
0.039512
0.039523
0.039391
0.039360
0.039626
0.039981
0.040149
0.039812
0.039717
0.040079
0.039954
0.039761
0.039502
0.039516
0.039444
0.070194
0.040189
0.046740
0.037184
0.031345
0.031174
0.031368
0.031183
0.030899
0.043268
0.039316
0.039314
0.038380
0.042500
0.042549
0.042370
0.045539
0.042422
0.042584
0.068462
0.100516
0.055701
0.030492
0.063025
0.038068
0.031131
0.035093
0.032734
0.031570
0.031123
0.032570
0.031652
0.030937
0.051420
0.037961
0.031598
0.030949
0.030986
0.037657
0.037507
0.070060
0.030921
0.031071
0.030919
0.031079
0.030962
0.030927
0.036169
0.033253
0.031059
0.030936
0.030887
0.031007
0.052605
0.033818
0.031212
0.031629
0.031042
0.031040
0.031043
0.060839
0.031234
0.030959
0.044961
0.031703
0.030372
0.030266
0.030218
0.030399
0.030166
0.030427
0.030259
0.030277
0.030361
0.030377
0.030255
0.030328
0.030243
0.030286
0.030195
0.060696
0.030295
0.030252
0.030143
