0.375154
0.033636
0.070854
0.059609
0.031351
0.030362
0.030087
0.030124
0.030191
0.030064
0.032884
0.036685
0.029786
0.029881
0.029871
0.029881
0.029763
0.029864
0.029763
0.029791
0.053443
0.029750
0.029755
0.029778
0.029953
0.029818
0.029788
0.029851
0.029794
0.029806
0.029760
0.029765
0.052202
0.029951
0.029917
0.029860
0.029814
0.029798
0.030053
0.029893
0.060031
0.030746
0.047404
0.030542
0.030396
0.030354
0.030312
0.030267
0.030527
0.030426
0.029902
0.030129
0.029866
0.029869
0.029872
0.030008
0.029923
0.029977
0.029870
0.029973
0.059358
0.029801
0.029822
0.029874
0.041570
0.030339
0.029805
0.029996
0.029875
0.029872
0.029917
0.030085
0.029909
0.029882
0.029868
0.039055
0.037830
0.038085
0.038074
0.042122
0.072712
0.042207
0.042279
0.041959
0.042309
0.042206
0.042089
0.042214
0.042193
0.042107
0.064173
0.038023
0.035912
0.031111
0.030854
0.030799
0.030973
0.030855
0.030675
0.029945
0.060903
0.034260
0.029803
0.029871
0.030025
0.029974
0.029935
0.029942
0.038120
0.037920
0.037843
0.030052
0.029959
0.029907
0.029938
0.029979
0.029758
0.030208
0.030157
0.029967
0.069280
0.035218
0.038025
0.038126
0.038018
0.030505
0.029890
0.029866
0.029918
0.029948
0.029919
0.040513
0.030555
0.030051
0.030025
0.029948
0.030301
0.029984
0.030126
0.029850
0.059444
0.030565
0.029813
0.030019
0.029850
0.030962
0.029842
0.030475
0.029994
0.029898
0.030044
0.062889
0.035416
0.030030
0.029900
0.029966
0.029894
0.029916
0.029880
0.029879
0.059589
0.047087
0.030468
0.030957
0.039379
0.035309
0.029921
0.030273
0.029977
0.029953
0.029931
0.029942
0.038054
0.038128
0.038054
0.042431
0.042162
0.042129
0.042005
0.061543
0.073948
0.065752
0.042194
0.042090
0.046051
0.051213
0.073117
0.030376
0.030743
0.030014
0.030422
0.030057
0.029980
0.030281
0.029786
0.029926
0.029904
0.029810
0.029937
0.029947
0.059959
0.029882
0.029873
0.029958
0.029887
0.029855
0.029871
0.033119
0.029896
0.030575
0.029871
0.029871
0.029788
0.030136
0.029862
0.029852
0.029884
0.042442
0.030351
0.029934
0.059575
0.029956
0.029843
0.029843
0.029958
0.029881
0.029938
0.029955
0.029918
0.029973
0.029968
0.029836
0.029770
0.030162
0.030022
0.029948
0.029871
0.030005
0.029873
0.038731
0.060436
0.030096
0.029918
0.030104
0.029948
0.029972
0.030161
0.029839
0.030012
0.032835
0.038820
0.038007
0.038154
0.038171
0.038600
0.042332
0.041945
0.042020
0.042010
0.042129
0.086472
0.051393
0.030431
0.030222
0.030290
0.030320
0.052266
0.037906
0.030993
0.030936
0.030817
0.031299
0.030814
0.030756
0.030896
0.030858
0.030718
0.043646
0.032708
0.029918
0.059836
0.030003
0.030067
0.029936
0.037649
0.036920
0.030018
0.030260
0.030176
0.029925
0.029811
0.029962
0.030008
0.029906
0.030019
0.030060
0.029928
0.029982
0.058403
0.038355
0.068098
0.030098
0.030089
0.029990
0.030326
0.029969
0.029984
0.033266
0.040940
0.030075
0.030011
0.029978
0.029948
0.030158
0.030000
0.030090
0.030033
0.029915
0.030192
0.038191
0.068821
0.038531
0.042022
0.042142
0.042136
0.042657
0.068492
0.045954
0.055155
0.031226
0.031001
0.031274
0.031026
0.031097
0.037420
0.050770
0.038044
0.030893
0.030962
0.031051
0.060469
0.030890
0.031014
0.030824
0.030862
0.031571
0.030898
0.030931
0.030035
0.030141
0.030066
0.030215
0.030147
0.030075
0.030076
0.030062
0.060811
0.035332
0.030871
0.030804
0.060586
0.031212
0.031135
0.030992
0.030909
0.030921
0.044059
0.031301
0.030272
0.030038
0.030158
0.030104
0.030132
0.029981
0.030056
0.030091
0.030175
0.030124
0.030078
0.030094
0.059603
0.030239
0.030121
0.030256
0.030075
0.029987
0.030162
0.031104
0.037519
0.030580
0.030759
0.030082
0.030479
0.030193
0.030149
0.030138
0.030119
0.030095
0.030082
0.045170
0.060693
0.030175
0.030118
0.030182
0.032004
0.030727
0.030104
0.030087
0.030182
0.030213
0.030194
0.030144
0.039468
0.030298
0.030128
0.029958
0.030068
0.030139
0.030006
0.030263
0.072869
0.030110
0.030157
0.030129
0.030715
0.030291
0.030235
0.030198
0.030339
0.030257
0.048475
0.030546
0.030461
0.030472
0.030177
0.030378
0.030207
0.030257
0.030118
0.030326
0.060275
0.030089
0.031419
0.031302
0.030195
0.030152
0.030703
0.030174
0.030189
0.030139
0.030089
0.030218
0.039907
0.034141
0.030255
0.030073
0.030150
0.030130
0.030130
0.030153
0.059900
0.030090
0.033839
0.036624
0.030243
0.030085
0.030158
0.030068
0.030066
0.030162
0.030126
0.030075
0.030122
0.030146
0.030157
0.030051
0.030406
0.030128
0.030198
0.030129
0.060054
0.030214
0.030054
0.030196
0.034643
0.032882
0.030194
0.030075
0.030074
0.030335
0.030396
0.030207
