0.360775
0.048601
0.047284
0.030437
0.031008
0.030703
0.030697
0.030431
0.030424
0.030534
0.030574
0.049717
0.038525
0.031178
0.031204
0.031600
0.030946
0.031143
0.031080
0.031308
0.054680
0.030696
0.020011
0.020015
0.020015
0.020027
0.020018
0.020059
0.019997
0.020005
0.020013
0.020073
0.020059
0.020017
0.020036
0.030879
0.046848
0.036008
0.040492
0.026125
0.065416
0.038350
0.039178
0.042280
0.065397
0.030546
0.030240
0.020776
0.030631
0.030675
0.030593
0.020606
0.020609
0.020459
0.020665
0.020605
0.020632
0.020500
0.020490
0.020634
0.020691
0.020483
0.030468
0.020582
0.020520
0.020565
0.020556
0.020502
0.020492
0.020398
0.020476
0.020462
0.020612
0.027143
0.023978
0.020417
0.030883
0.020392
0.020522
0.020529
0.020321
0.020453
0.020545
0.020296
0.020343
0.020362
0.020339
0.021628
0.026140
0.020437
0.020325
0.020431
0.020355
0.020318
0.020377
0.020362
0.020337
0.020383
0.020382
0.020370
0.020367
0.020460
0.020402
0.020406
0.020348
0.020394
0.020425
0.020372
0.020361
0.020348
0.020748
0.020444
0.020410
0.020346
0.020362
0.020264
0.020310
0.020442
0.021089
0.026530
0.023471
0.020382
0.020372
0.020368
0.020374
0.020296
0.020337
0.020388
0.020479
0.020409
0.020342
0.020326
0.020383
0.020354
0.023150
0.026849
0.021280
0.020449
0.020391
0.020351
0.020464
0.020346
0.020452
0.020428
0.020423
0.020376
0.020384
0.020341
0.020421
0.020423
0.020435
0.020530
0.020357
0.021145
0.020377
0.020303
0.020445
0.020346
0.020339
0.020470
0.020602
0.020333
0.020311
0.020371
0.020466
0.020363
0.026157
0.020922
0.020386
0.020394
0.020359
0.020363
0.020310
0.020373
0.020360
0.020414
0.020458
0.020298
0.020317
0.020346
0.020360
0.026308
0.022337
0.020427
0.020436
0.020378
0.020411
0.020402
0.020418
0.020346
0.020521
0.020436
0.020596
0.020360
0.020472
0.020427
0.020447
0.020410
0.020428
0.020564
0.020402
0.020396
0.020439
0.020490
0.020494
0.020415
0.020344
0.020423
0.020411
0.020373
0.020400
0.020499
0.020428
0.026635
0.020933
0.020414
0.020485
0.020454
0.020443
0.020349
0.020357
0.020396
