0.379515
0.030148
0.020138
0.020005
0.019875
0.019909
0.025352
0.021817
0.020063
0.020171
0.019995
0.019951
0.019908
0.019917
0.019943
0.019911
0.019959
0.019981
0.019926
0.019905
0.019977
0.019890
0.019967
0.019961
0.019997
0.019952
0.019995
0.019958
0.019980
0.020103
0.020175
0.020033
0.019973
0.020160
0.025929
0.025896
0.026044
0.026157
0.026950
0.025995
0.025995
0.019985
0.029846
0.020549
0.020037
0.020087
0.020153
0.019979
0.020072
0.020040
0.020017
0.039061
0.024652
0.020103
0.020042
0.029830
0.029347
0.029892
0.029993
0.030222
0.046745
0.029855
0.020283
0.030095
0.020124
0.030046
0.030018
0.020175
0.030256
0.030172
0.030510
0.030207
0.030321
0.030110
0.030363
0.040664
0.031152
0.030255
0.020276
0.020333
0.020265
0.020293
0.020333
0.020329
0.020308
0.030109
0.020253
0.020403
0.020285
0.039050
0.022215
0.020313
0.020284
0.020467
0.020422
0.030209
0.030071
0.020342
0.026081
0.023096
0.020264
0.020246
0.020254
0.020111
0.030350
0.020503
0.020239
0.020430
0.020223
0.020226
0.030121
0.020310
0.020239
0.030195
0.020446
0.020238
0.020284
0.020254
