0.442022
0.038897
0.082505
0.031941
0.031336
0.031473
0.031453
0.031347
0.031439
0.031122
0.030982
0.030907
0.030868
0.030808
0.030941
0.030855
0.030959
0.030939
0.030855
0.030940
0.054688
0.030933
0.059242
0.040985
0.040593
0.040561
0.031641
0.031694
0.031368
0.031338
0.031646
0.031710
0.035135
0.031778
0.030931
0.030808
0.030740
0.030531
0.030597
0.030635
0.060306
0.030493
0.030936
0.030574
0.030514
0.030765
0.030522
0.030845
0.030679
0.030514
0.030320
0.030620
0.032131
0.039670
0.038943
0.030526
0.030718
0.030627
0.030484
0.030637
0.060356
0.030359
0.037457
0.033093
0.030699
0.030645
0.030602
0.030612
0.030540
0.030615
0.030467
0.030530
0.030519
0.030855
0.030701
0.030602
0.030411
0.030509
0.030977
0.030583
0.060421
0.030539
0.030460
0.051656
0.030867
0.030422
0.030514
0.030540
0.030429
0.030375
0.030478
0.030350
0.030256
0.030277
0.037547
0.035700
0.040134
0.038512
0.038687
0.038661
0.072392
0.044864
0.066171
0.057860
0.032896
0.036533
0.030396
0.030362
0.030576
0.030498
0.038333
0.031900
0.030144
0.030035
0.030053
0.029876
0.030102
0.030063
0.020033
0.020041
0.020007
0.029842
0.045635
0.020353
0.020057
0.029917
0.020078
0.020517
0.020075
0.019943
0.019906
0.019931
0.029882
0.020063
0.030027
0.019994
0.030492
0.019983
0.030027
0.029974
0.059799
0.029962
0.030267
0.029912
0.029845
0.030022
0.047802
0.030392
0.029916
0.029983
0.030016
0.030548
0.029974
0.030112
0.030116
0.029956
0.030080
0.045883
0.030468
0.030056
0.059565
0.030039
0.030095
0.030058
0.030003
0.030131
0.030010
0.029971
0.030187
0.030107
0.029959
0.030062
0.030082
0.030191
0.030027
0.029994
0.030265
0.030002
0.054101
0.030643
0.059921
0.030344
0.030215
0.030173
0.030306
0.030342
0.030339
0.030396
0.034403
0.033250
0.030312
0.030273
0.030437
0.030289
0.030218
0.030354
0.030271
0.030926
0.030292
0.030463
0.060087
0.030384
0.030290
0.030270
0.030196
0.030249
0.030367
0.030218
0.030159
0.030152
0.039048
0.030411
0.030082
0.030049
0.030169
0.030075
0.030113
0.030057
0.030369
0.030202
0.060803
0.033490
0.030370
0.030029
0.030114
0.030180
0.030060
0.040473
0.037766
0.030905
0.030996
0.031197
0.030916
0.030809
0.030849
0.031531
0.030424
0.029997
0.030094
0.030176
0.059577
0.033451
0.033028
0.030030
0.030018
0.030125
0.030128
0.030161
0.030389
0.030198
0.030248
0.030200
0.053888
0.030390
0.030127
0.030037
0.030174
0.030099
0.029986
0.030076
0.059943
0.030110
0.030246
0.030166
0.030269
0.030230
0.030313
0.030258
0.030482
0.030293
0.030270
0.030267
0.030336
0.033346
0.030246
0.030133
0.030250
0.030084
0.030169
0.030125
0.059621
0.030111
0.030073
0.038387
0.030363
0.030207
0.030194
0.030114
0.030067
0.030136
0.030047
0.030217
0.030234
0.030210
0.030268
0.030240
0.030192
0.030376
0.030313
0.030272
0.060013
0.030211
0.030251
0.030283
0.055933
0.034618
0.030163
0.030177
0.030152
0.030322
0.030280
0.030190
0.030186
0.030335
0.030397
0.049930
0.030568
0.030391
0.030310
0.030247
0.059858
0.030456
0.030334
0.030443
0.030351
0.030493
0.030411
0.030436
0.030344
0.030368
0.030599
0.030426
0.030429
0.030525
0.030491
0.030404
0.046531
0.030786
0.030417
