0.357815
0.038532
0.042317
0.042357
0.042248
0.060814
0.071040
0.039425
0.042365
0.042525
0.042367
0.042108
0.061357
0.068600
0.051169
0.030363
0.031066
0.033563
0.033587
0.035323
0.054924
0.035899
0.038578
0.030367
0.030419
0.030233
0.030189
0.030222
0.030040
0.029914
0.030184
0.030074
0.038573
0.031384
0.030140
0.030081
0.020173
0.020330
0.030176
0.030052
0.059624
0.030192
0.030039
0.030162
0.030014
0.030065
0.030088
0.030279
0.030087
0.030072
0.030179
0.030017
0.030045
0.031610
0.034999
0.020193
0.030095
0.030140
0.030012
0.030027
0.059617
0.030134
0.030049
0.030194
0.052878
0.030190
0.030175
0.030293
0.030164
0.030103
0.030051
0.030051
0.030103
0.030125
0.030087
0.030136
0.030121
0.030050
0.030136
0.030170
0.059881
0.030281
0.030110
0.030145
0.030038
0.034307
0.031426
0.030158
0.030089
0.030123
0.030330
0.030172
0.030428
0.030176
0.030142
0.030138
0.034692
0.033092
0.030074
0.030042
0.059753
0.030132
0.030097
0.029946
0.030028
0.029963
0.030022
0.030065
0.030133
0.030037
0.030011
0.030035
0.030144
0.046671
0.030675
0.030131
0.030197
0.048782
0.032199
0.030071
0.060901
0.029982
0.030005
0.030038
0.030021
0.030071
0.030087
0.050791
0.038494
0.038088
0.038074
0.030048
0.030113
0.030084
0.029884
0.029977
0.029935
0.030099
0.030029
0.029963
0.060039
0.030159
0.029932
0.029998
0.030068
0.029963
0.030013
0.057645
0.030167
0.029999
0.029995
0.030154
0.030028
0.030126
0.029912
0.029927
0.029932
0.030630
0.036159
0.030169
0.060207
0.029867
0.029998
0.030622
0.029899
0.030005
0.029984
0.030530
0.029915
0.030106
0.029976
0.029976
0.030105
0.019855
0.019889
0.019952
0.019793
0.019746
0.019903
0.019913
0.059664
0.036775
0.030118
0.029966
0.029846
0.029942
0.030017
0.030221
0.029964
0.029972
0.030036
0.045976
0.036360
0.030171
0.030124
0.030024
0.031343
0.046590
0.031044
0.030208
0.059999
0.030062
0.030084
0.030038
0.030200
0.030130
0.030011
0.030013
0.030147
0.030190
0.030378
0.030420
0.030372
0.052772
0.045903
0.030542
0.030538
0.030689
0.046240
0.030658
0.060428
0.030767
0.037290
0.030829
0.030821
0.030631
0.030552
0.030454
0.030530
0.030502
0.030558
0.030560
0.030533
0.030575
0.030622
0.030340
0.030440
0.030510
0.030635
0.031041
0.059920
0.030715
0.032632
0.037307
0.031104
0.030686
0.031006
0.030764
0.030885
0.030740
0.030692
0.030724
0.030619
0.058926
0.039351
0.039321
0.039024
0.043083
0.042737
0.042833
0.073366
0.052387
0.030734
0.030725
0.030381
0.030326
0.030363
0.030197
0.030310
0.030389
0.031054
0.038851
0.030563
0.030329
0.030420
0.030343
0.030196
0.030167
0.030246
0.030210
0.059471
0.037156
0.030397
0.030211
0.030238
0.030342
0.030263
0.030308
0.030236
0.030450
0.030324
0.030469
0.030449
0.030403
0.030246
0.030550
0.030545
0.030366
0.030347
0.045382
0.045787
0.046222
0.045706
0.030126
0.030298
0.030154
0.030104
0.030158
0.030237
0.030088
0.050463
0.030347
0.030064
0.030144
0.030128
0.030268
0.030195
0.030126
0.030137
0.030252
0.059596
0.030305
0.030106
0.030190
0.030229
0.030123
0.030087
0.030109
0.030162
0.030140
0.030110
0.034374
0.033486
0.030112
0.030205
0.030137
0.030105
0.030119
0.045280
0.045267
0.029306
0.057661
0.048703
0.030122
0.030086
0.045681
0.030207
0.046111
0.030200
0.030208
0.030234
0.030142
0.030030
0.030099
0.030183
0.030185
0.030248
0.030390
0.030183
0.030444
0.060065
0.035403
0.033273
0.030591
0.030643
0.030762
0.030684
0.031619
0.031391
0.030755
0.030655
0.030650
0.043692
0.031269
0.030797
0.031021
0.030736
0.030619
0.030710
0.030661
0.060184
0.030606
0.030611
0.030662
0.030599
0.030807
0.030680
0.030573
0.031031
0.030803
0.030670
0.030526
