0.353084
0.030333
0.030270
0.040756
0.038030
0.038049
0.037993
0.042059
0.043653
0.066470
0.038686
0.029874
0.029849
0.029827
0.029829
0.029912
0.029854
0.029954
0.029786
0.029926
0.052552
0.029774
0.029866
0.029919
0.029783
0.029754
0.041582
0.032917
0.031531
0.019907
0.032026
0.022443
0.020007
0.020022
0.019959
0.019995
0.019907
0.019921
0.020000
0.019927
0.019906
0.019962
0.020168
0.019871
0.020018
0.021074
0.025976
0.020276
0.019896
0.019876
0.019920
0.019994
0.019912
0.019874
0.019833
0.019915
0.019916
0.019959
0.019902
0.019797
0.019856
0.019784
0.019950
0.020028
0.019888
0.020428
0.020012
0.020037
0.019900
0.019918
0.019925
0.019895
0.019969
0.019985
0.019997
0.025025
0.022113
0.020034
0.019941
0.019906
0.019883
0.019971
0.019891
0.019886
0.019922
0.019960
0.019936
0.019921
0.019865
0.019830
0.021723
0.026086
0.025919
0.020062
0.019893
0.019902
0.019909
0.019836
0.019765
0.019924
0.019899
0.019904
0.020115
0.020043
0.019925
0.019893
0.019937
0.019906
0.019920
0.029861
0.029898
0.029749
0.029979
0.029890
0.020012
0.019878
0.019889
0.019994
0.029837
0.051808
0.067854
0.020057
0.030794
0.030624
0.030612
0.030576
0.019923
0.019950
0.030874
0.030683
0.034335
0.030916
0.030546
0.019965
0.019962
0.019854
0.019843
0.019927
0.019859
0.019923
0.019854
0.030720
0.030812
0.019938
0.019849
0.019928
0.019862
0.019869
0.030744
0.030722
0.019739
0.020065
0.019951
0.019893
0.019916
0.019828
0.020059
0.042242
0.023673
0.020158
0.019983
0.019962
0.020167
0.020102
0.019911
0.020085
0.020019
0.020007
0.019965
0.019983
0.020051
0.019980
0.020002
0.025700
0.021742
0.020008
0.019971
0.020030
0.020023
0.019963
0.019928
0.020002
0.019906
0.020016
0.020758
0.020028
0.020016
0.020082
0.019934
0.020044
0.020050
0.019975
0.019932
0.020030
0.020050
0.020053
0.019961
0.029969
0.020055
0.020084
0.020142
0.030167
0.020206
0.020067
0.026098
0.030633
0.020075
0.030479
0.020082
0.020039
0.020005
0.020017
0.020056
0.020040
0.020022
0.019975
0.020002
0.029919
0.022976
0.034122
0.060745
0.030152
0.030206
0.030246
0.030607
0.020458
0.030402
0.030648
0.020631
0.030549
0.020396
0.020493
0.030465
0.020386
0.020366
0.020480
0.020339
0.020594
0.020359
0.020470
0.020371
0.020406
0.020353
0.020427
0.021630
0.025749
0.020383
0.020397
0.020312
0.020344
