0.558539
0.031303
0.032516
0.030426
0.030433
0.030467
0.056185
0.032034
0.030244
0.030460
0.031466
0.030518
0.030441
0.030540
0.030940
0.030451
0.030529
0.030611
0.030588
0.030518
0.054290
0.031451
0.031622
0.031128
0.028990
0.031108
0.031147
0.059063
0.031457
0.036792
0.031062
0.030563
0.030512
0.030621
0.030621
0.030654
0.030598
0.052685
0.031129
0.030606
0.060385
0.030579
0.030469
0.030459
0.030583
0.030541
0.030543
0.030472
0.030544
0.030545
0.030558
0.030453
0.030582
0.030484
0.030666
0.030464
0.030546
0.030772
0.049865
0.031288
0.060976
0.030648
0.030581
0.028583
0.030625
0.030572
0.030497
0.030658
0.037795
0.030712
0.030499
0.035863
0.031575
0.030804
0.030896
0.030965
0.030728
0.030571
0.030549
0.030731
0.060745
0.030474
0.030856
0.030559
0.028502
0.030607
0.028603
0.030772
0.030885
0.039196
0.031666
0.031284
0.031502
0.031600
0.031904
0.031808
0.031706
0.031709
0.031787
0.033911
0.065653
0.032025
0.032310
0.031995
0.031983
0.032393
0.032398
0.032566
0.031664
0.031501
0.031293
0.031602
0.031622
0.031685
0.031577
0.031203
0.030843
0.030533
0.030511
0.030526
0.062918
0.031033
0.030578
0.030573
0.030620
0.030527
0.030453
0.030412
0.030561
0.030581
0.030591
0.040522
0.031310
0.030551
0.030599
0.030599
0.030584
0.030505
0.031053
0.030444
0.060579
0.030401
0.030541
0.030607
0.030532
0.030519
0.030435
0.030530
0.030529
0.030510
0.030506
0.030732
0.056113
0.030980
0.030523
0.030611
0.030984
0.030585
0.030629
0.030605
0.058647
0.030394
0.036521
0.031229
0.028618
0.030835
0.031071
0.030759
0.031087
0.030913
0.031120
0.031253
0.031373
0.031729
0.031605
0.031541
0.031607
0.031946
0.032188
0.031934
0.062224
0.032361
0.044955
0.033558
0.033609
0.033350
0.033507
0.033512
0.029892
0.029878
0.029897
0.030073
0.030520
0.037124
0.030306
0.030329
0.030099
0.029896
0.030087
0.030140
0.060166
0.029987
0.030391
0.030170
0.030171
0.030203
0.030390
0.030129
0.030241
0.030509
0.030624
0.030200
0.030376
0.030277
0.052814
0.031153
0.030206
0.030393
0.029948
0.030279
0.060355
0.030734
0.030426
0.030452
0.030698
0.034034
0.030369
0.030418
0.030450
0.030472
0.030295
0.030482
0.030401
0.030572
0.030548
0.030683
0.030403
0.030579
0.030457
0.030496
0.060410
0.030631
0.030425
0.030542
0.030549
0.044443
0.031215
0.030516
0.030482
0.030345
0.030972
0.030798
0.030676
0.030621
0.030367
0.030536
0.039764
0.030939
0.030666
0.030622
0.060465
0.030414
0.030375
0.030439
0.030467
0.030766
0.030564
0.030659
0.030756
0.030500
0.030597
0.030652
0.030537
0.030615
0.030588
0.030564
0.030755
0.046747
0.039805
0.031452
0.062281
0.032522
0.031411
0.031190
0.031358
0.031450
0.031331
0.052155
0.039597
0.039418
0.039935
0.043302
0.044015
0.043487
0.043468
0.043254
0.043448
0.043394
0.071018
0.053465
0.060954
0.030755
0.051724
0.031268
0.030948
0.030335
0.030381
0.030514
0.030738
0.030552
0.030524
0.030720
0.050392
0.031515
0.030536
0.030778
0.030710
0.030550
0.030594
0.030539
0.060729
0.030402
0.030580
0.030570
0.030471
0.030403
0.030542
0.030433
0.030418
0.030587
0.030497
0.030478
0.030453
0.047050
0.033218
0.030735
0.030661
0.030854
0.030493
0.030390
0.060783
0.030913
0.030537
0.030774
0.033951
0.030493
0.030742
0.030662
0.030547
0.030636
0.030705
0.030545
0.030674
0.030430
0.030457
0.030577
0.030451
0.030758
0.030707
0.030566
0.060752
0.030611
0.030601
0.031049
0.030550
0.042314
0.031331
0.030632
0.030568
0.030719
0.030887
0.030484
0.031047
0.030819
0.029896
0.029890
0.038934
0.030273
0.030985
0.029963
0.060065
0.029936
0.029813
0.030023
0.029957
0.029994
0.029949
0.030166
0.030216
0.030518
0.030207
0.033651
0.034821
0.030417
0.030652
0.030291
0.030155
0.051171
0.039766
0.038750
0.060036
0.031074
0.029995
0.030979
0.031047
0.031446
0.031574
0.042016
0.030406
0.030258
0.030207
0.030108
0.030129
0.030094
0.030099
0.030201
0.030468
0.030341
0.030438
0.030145
0.060408
