0.455645
0.048494
0.034074
0.030780
0.030818
0.030703
0.030796
0.030727
0.030734
0.030733
0.030705
0.030940
0.031397
0.030841
0.030853
0.030679
0.030731
0.030738
0.030714
0.030893
0.054670
0.030771
0.045426
0.038433
0.038618
0.042248
0.042168
0.067914
0.081869
0.030770
0.029930
0.029939
0.029969
0.030146
0.030097
0.020119
0.019983
0.020097
0.030715
0.038436
0.026223
0.037553
0.037736
0.026237
0.026182
0.026174
0.028718
0.041819
0.021113
0.020091
0.020057
0.024160
0.026725
0.020148
0.020191
0.020058
0.020060
0.020102
0.030904
0.020068
0.020165
0.020155
0.030913
0.031104
0.031179
0.038807
0.023660
0.030284
0.030345
0.030340
0.030485
0.030576
0.030311
0.030511
0.030180
0.030102
0.030771
0.030198
0.030178
0.030138
0.059783
0.030075
0.030075
0.030036
0.029974
0.030181
0.030328
0.043229
0.031629
0.030946
0.030939
0.030901
0.031012
0.030924
0.030991
0.031011
0.030961
0.033522
0.031688
0.030320
0.060483
0.030241
0.030278
0.030258
0.030186
0.030235
0.030132
0.030119
0.030185
0.030176
0.030177
0.030146
0.030281
0.030233
0.030187
0.030292
0.030181
0.030136
0.030309
0.043170
0.068880
0.038563
0.042596
0.042780
0.042825
0.044790
0.075744
0.030490
0.030446
0.030559
0.030629
0.030566
0.030545
0.030199
0.030241
0.030286
0.030154
0.030283
0.030198
0.030051
0.059883
0.030296
0.030368
0.038560
0.038497
0.038421
0.040524
0.038402
0.042426
0.042366
0.042292
0.042188
0.042516
0.042057
0.040142
0.045508
0.049041
0.031212
