0.474218
0.064465
0.037129
0.037895
0.031648
0.031520
0.031386
0.031474
0.031550
0.031418
0.031309
0.031699
0.031350
0.039602
0.032480
0.031261
0.031163
0.031312
0.031245
0.031277
0.056092
0.032208
0.032724
0.032615
0.032423
0.032071
0.032028
0.032266
0.031919
0.031887
0.032078
0.032038
0.031769
0.031893
0.041074
0.033926
0.032225
0.032263
0.032239
0.032182
0.062467
0.032209
0.031971
0.048838
0.039219
0.032101
0.031998
0.031734
0.032037
0.032151
0.032049
0.032053
0.032147
0.032226
0.032248
0.032113
0.032036
0.031961
0.032067
0.032261
0.062834
0.055816
0.033271
0.033107
0.032677
0.033002
0.032786
0.032510
0.032770
0.032834
0.032811
0.041293
0.037520
0.032723
0.032732
0.033604
0.033378
0.033068
0.033128
0.033095
0.064597
0.032980
0.033018
0.032836
0.033084
0.033107
0.032948
0.033513
0.033447
0.033499
0.033437
0.047984
0.034017
0.033958
0.034424
0.034434
0.034732
0.033961
0.033804
0.033989
0.090625
0.034883
0.034550
0.033913
0.033900
0.033819
0.033871
0.034127
0.033983
0.034132
0.033439
0.033484
0.033571
0.033153
0.032999
0.032760
0.032812
0.032787
0.032748
0.033077
0.074321
0.036362
0.033174
0.032992
0.032976
0.033019
0.032883
