0.468642
0.035045
0.030769
0.030782
0.032194
0.035424
0.030038
0.030073
0.030068
0.029885
0.030092
0.030079
0.029972
0.030224
0.029994
0.030150
0.030166
0.030053
0.029927
0.030015
0.053766
0.030010
0.030350
0.030093
0.029950
0.030027
0.052468
0.030412
0.029956
0.030124
0.030132
0.030022
0.029938
0.030292
0.030099
0.030105
0.030066
0.045419
0.031559
0.030958
0.060751
0.030934
0.030890
0.030859
0.031060
0.030918
0.030900
0.031101
0.030951
0.031114
0.031348
0.030961
0.031029
0.031089
0.030946
0.030934
0.031004
0.052066
0.031359
0.031035
0.060963
0.031095
0.031263
0.031882
0.031097
0.031015
0.031161
0.051107
0.030627
0.030396
0.030475
0.030291
0.030234
0.030291
0.030230
0.030307
0.030217
0.030268
0.030277
0.030241
0.060432
0.030273
0.030199
0.030424
0.030253
0.030468
0.030185
0.030493
0.034030
0.032330
0.030505
0.030365
0.030562
0.030771
0.030487
0.030523
0.030489
0.030554
0.030998
0.036519
0.060083
0.030339
0.030421
0.030290
0.030310
0.030311
0.030262
0.030278
0.030697
0.031213
0.030812
0.030303
0.030328
0.030253
0.030353
0.030237
0.030282
0.030313
0.030399
0.030494
0.066571
0.030492
0.030512
0.030497
0.030419
0.030298
0.030371
0.030414
0.030455
0.030538
0.043288
0.026874
0.026911
0.063165
0.040643
0.031663
0.031611
0.046662
0.031085
0.020442
0.020462
0.020490
0.031183
0.030987
0.031356
0.031289
0.053033
0.037280
0.020395
0.031188
0.031084
0.031179
0.031236
0.030824
0.039119
0.038605
0.026572
0.042280
0.026587
0.031740
0.026776
0.026448
0.026387
0.026657
0.026632
0.026447
0.026598
0.026562
0.026450
0.026648
0.026615
0.026585
0.026638
0.026428
0.026437
0.026508
0.026658
0.026519
