0.456772
0.030655
0.031526
0.030724
0.030298
0.030529
0.030466
0.030445
0.030290
0.030378
0.030410
0.030484
0.030364
0.032972
0.033549
0.030249
0.030302
0.030305
0.030602
0.030490
0.053341
0.030214
0.030241
0.050808
0.030672
0.030269
0.030204
0.030857
0.020421
0.020340
0.020394
0.020371
0.020464
0.030327
0.020556
0.020560
0.020561
0.020636
0.020587
0.020587
0.020506
0.020787
0.020501
0.020550
0.020590
0.020566
0.020590
0.030471
0.020628
0.030533
0.020706
0.020784
0.027335
0.021592
0.020682
0.020666
0.020566
0.020722
0.020675
0.020822
0.020696
0.020678
0.020668
0.020691
0.020660
0.020645
0.020640
0.027469
0.025459
0.020746
0.020699
0.020638
0.020632
0.020742
0.020673
0.020641
0.020718
0.020670
0.020801
0.020671
0.020669
0.020628
0.020714
0.020702
0.020694
0.020570
0.020558
0.020642
0.020580
0.020583
0.020589
0.020659
0.020557
0.020592
0.020712
0.020530
0.020615
0.020574
0.027100
0.023997
0.020721
0.020601
0.020531
0.020751
0.020718
0.020746
0.020689
0.020705
0.020878
0.020690
0.020716
0.020620
0.020669
0.042907
0.021886
0.020710
0.020936
0.020694
0.030735
0.020557
0.020536
0.030459
0.020752
0.020742
0.020736
0.020668
0.020742
0.020673
0.020692
0.020740
0.020687
0.020710
0.020682
0.020713
0.020897
0.020791
0.020694
0.020739
0.021065
0.021348
0.021427
0.020729
0.027234
0.021812
0.020822
0.020642
0.020563
0.020701
0.020620
0.020630
0.030596
0.020939
0.020963
0.020992
0.021103
0.020920
0.021808
0.028165
0.022042
0.021093
0.021085
0.020979
0.020969
0.021088
0.021041
0.021034
0.021052
0.021048
0.021073
0.021010
0.021082
0.021049
0.021052
0.021102
0.021051
0.021021
0.020996
0.021096
0.021032
0.021000
0.021073
0.021034
0.021192
0.021037
0.021064
0.020993
0.021323
0.027917
0.021399
0.021107
0.021150
0.021014
0.020955
0.021082
0.021017
0.021050
0.021008
0.021018
0.021096
0.030853
0.021296
0.021762
0.028232
0.021755
0.021268
0.021326
0.021253
0.021292
0.021542
0.021386
0.021277
0.021360
0.021284
0.021354
0.021281
0.021312
0.021263
0.021285
0.021240
0.021270
0.021195
0.021269
0.021239
0.021244
0.021269
0.021202
0.021330
0.021224
0.021315
0.021292
0.021244
0.021902
0.027828
0.021596
0.021266
0.021238
0.021138
0.021250
0.021150
0.021232
0.021231
0.021248
0.021101
0.021162
0.021287
0.021209
0.021673
0.027951
0.021655
0.021327
0.021263
0.021212
0.021194
0.021272
0.021223
0.021267
0.021323
0.021244
0.021173
0.021204
0.021170
0.021211
0.021223
0.021235
0.021292
0.021410
0.021198
0.021270
0.021130
0.021278
0.021166
0.021196
0.021151
0.021253
0.021156
0.021260
0.021155
0.028524
0.021901
0.021241
0.021312
0.021227
0.021375
0.021223
0.021518
0.021268
0.021236
0.021249
0.021208
0.021139
0.021200
0.021273
0.027329
0.024277
0.021351
0.021142
0.021233
0.021149
0.021322
0.021221
0.021197
0.021213
0.021252
0.021334
0.021283
0.021230
0.021215
0.021301
0.021260
0.021187
0.021238
0.021239
0.021274
0.021223
0.021224
0.021192
0.021253
0.021155
0.021289
0.021238
0.021295
0.021135
0.027261
0.023091
0.021359
0.021747
0.021811
0.021963
0.021547
0.021218
0.021311
0.021279
0.021339
0.021278
0.021315
0.021303
0.021277
0.026804
0.023916
0.021326
0.021532
