0.439519
0.030560
0.030631
0.030250
0.030218
0.030569
0.030290
0.030258
0.031196
0.030329
0.045107
0.030806
0.030404
0.030324
0.030632
0.030476
0.030489
0.030437
0.030508
0.031795
0.054584
0.035975
0.030700
0.030634
0.031002
0.030512
0.030464
0.030537
0.030566
0.030507
0.030571
0.030931
0.030730
0.030937
0.030897
0.031150
0.031020
0.030862
0.031023
0.030971
0.061368
0.031392
0.046283
0.031578
0.031227
0.031226
0.031125
0.031166
0.031433
0.031378
0.031415
0.031666
0.031349
0.045565
0.031765
0.031543
0.031736
0.031753
0.031764
0.031488
0.061192
0.031665
0.031800
0.031794
0.031775
0.031746
0.032148
0.032431
0.032630
0.032587
0.032575
0.033007
0.032926
0.036209
0.037270
0.033466
0.033733
0.029909
0.033591
0.029963
0.059427
0.030028
0.029954
0.056067
0.038897
0.038779
0.038944
0.039965
0.047880
0.049053
0.030660
0.030949
0.030679
0.030846
0.030773
0.031060
0.031047
0.029919
0.029955
0.030411
