0.504360
0.044519
0.044307
0.057944
0.068256
0.058040
0.056083
0.030208
0.030183
0.030742
0.039949
0.040516
0.030496
0.030040
0.031064
0.031334
0.041781
0.042538
0.030782
0.030575
0.030576
0.030737
0.030541
0.041775
0.042206
0.042233
0.050204
0.031051
0.031117
0.030961
0.030989
0.030922
0.030887
0.031210
0.030990
0.030888
0.048897
0.035728
0.035642
0.030911
0.058124
0.031099
0.031056
0.031044
0.030891
0.031039
0.030844
0.031061
0.031095
0.031224
0.031316
0.031081
0.030967
0.030969
0.030994
0.031237
0.031306
0.047789
0.039249
0.031775
0.061701
0.031640
0.031765
0.032038
0.032120
0.031714
0.056515
0.031481
0.031181
0.031470
0.031234
0.031411
0.031086
0.030956
0.031049
0.030945
0.031035
0.031311
0.031042
0.030847
0.060485
0.030971
0.030898
0.030959
0.030971
0.031810
0.031076
0.035975
0.031569
0.031177
0.030999
0.031108
0.031046
0.031008
0.030628
0.030565
0.030779
0.030817
0.041322
0.031396
