0.471881
0.032687
0.032064
0.031691
0.031465
0.031340
0.031490
0.031376
0.031261
0.031322
0.031442
0.031235
0.031350
0.031374
0.042967
0.040432
0.040040
0.040065
0.044436
0.044199
0.068283
0.076710
0.044268
0.044166
0.049907
0.044266
0.044206
0.044237
0.043969
0.044104
0.044288
0.052859
0.071552
0.044887
0.032153
0.031365
0.040213
0.037476
0.031430
0.031354
0.060860
0.031216
0.031477
0.031262
0.031277
0.031424
0.047575
0.033496
0.031412
0.031519
0.031558
0.031569
0.031486
0.031383
0.031405
0.031590
0.032264
0.031488
0.031472
0.031306
0.060913
0.031419
0.031549
0.038259
0.031407
0.031486
0.031940
0.042231
0.031669
0.031266
0.031349
0.031471
0.031472
0.031394
0.031384
0.031378
0.031559
0.056843
0.036661
0.031408
0.060756
0.031629
0.031588
0.032437
0.031408
0.031464
0.031430
0.031664
0.031772
0.031579
0.031498
0.031510
0.031450
0.031488
0.031747
0.031578
0.031463
0.032341
0.043383
0.040179
0.061715
0.032124
0.032110
0.032208
0.031897
0.032018
0.032154
0.052866
0.041653
0.040744
0.040261
0.040356
0.040234
0.043891
0.044193
0.044077
0.043922
0.063976
0.054618
0.031610
0.060759
0.037187
0.034874
0.041542
0.031793
0.031437
0.031512
0.031167
0.031253
0.031196
0.031343
0.031084
0.031065
0.041342
0.034849
0.031205
0.031180
0.031177
0.031148
0.030979
0.060479
0.031097
0.031075
0.031130
0.031033
0.031010
0.031215
0.031664
0.031056
0.031070
0.031181
0.031049
0.031004
0.031216
0.050016
0.032133
0.031099
0.030926
0.031073
0.030845
0.060576
0.030971
0.031021
0.031214
0.056170
0.031189
0.031129
0.031094
0.031113
0.031024
0.031141
0.031174
0.031086
0.031227
0.031266
0.031381
0.031328
0.031310
0.031467
0.031219
0.060776
0.031370
0.031245
0.031060
0.031296
0.037497
0.036664
0.031270
0.031241
0.031103
0.031003
0.031097
0.031089
0.031100
0.031020
0.031132
0.035681
0.034435
0.030999
0.031059
0.060449
0.031199
0.031087
0.031055
0.030991
0.031072
0.031115
0.031045
0.031163
0.031073
0.030979
0.031013
0.030931
0.031242
0.031329
0.030884
0.031399
0.052932
0.039764
0.038356
0.060324
0.030836
0.030872
0.030869
0.030868
0.031135
0.030902
0.046802
0.033445
0.030954
0.031372
0.031178
0.031022
0.030986
0.039090
0.040193
0.039261
0.039424
0.039724
0.042927
0.073517
0.043862
0.043571
0.043907
0.056184
0.039339
0.043368
0.070358
0.062280
0.041911
0.035372
0.053687
0.039403
0.031980
0.031639
0.031547
0.031845
0.031790
0.031651
0.031610
0.061305
0.031500
0.031536
0.031305
0.031539
0.031560
0.031454
0.031414
0.031540
0.031412
0.031579
0.031456
0.045769
0.031875
0.030702
0.030748
0.030804
0.030603
0.030902
0.030716
0.060195
0.030666
0.039664
0.032630
0.020813
0.030791
0.018818
0.018788
0.018830
0.018730
0.018792
0.018726
0.018753
0.018735
0.028840
0.020595
0.020594
0.020668
0.020557
0.020569
0.020548
0.020514
0.020584
0.020614
0.020509
0.020551
0.020561
0.030650
0.030481
0.030344
0.030563
0.052037
0.037878
0.031418
0.031030
0.031043
0.031094
0.031121
0.030890
0.030900
0.060453
0.051703
0.031468
0.031414
0.031411
0.031468
0.032318
0.039491
0.039577
0.039469
0.039264
0.039356
0.039420
0.039304
0.039386
0.039521
0.039571
0.039562
0.039452
0.094875
0.070287
0.031330
0.030828
0.030730
0.030466
0.030442
0.030512
0.030205
0.037906
0.030226
0.030228
0.030417
0.030244
0.030310
0.030248
0.030202
0.030286
0.030247
0.030194
0.030285
0.065223
0.039012
0.038742
0.038674
0.030317
0.030223
0.030322
0.030835
0.046859
0.038013
0.031092
0.031181
0.031201
0.031082
0.031114
0.031122
0.031127
0.031089
0.031093
0.036062
0.059951
0.030389
0.030470
0.030435
0.030452
0.030211
0.030366
0.030446
0.030585
0.030535
0.030585
0.030498
0.030551
0.030501
0.030374
0.030437
0.030586
0.030470
0.030431
0.030963
0.081594
0.030432
0.030457
0.030509
0.030549
0.030408
0.030323
0.030450
0.030356
0.030379
0.051424
0.040631
0.030925
0.030329
0.030373
0.030519
0.030445
0.030531
0.030341
0.030275
0.059711
0.030421
0.030325
0.030451
0.030495
0.030457
0.030492
0.030575
0.030357
0.030335
0.030294
0.033245
0.039654
0.030305
0.030368
0.030553
0.030296
0.030513
0.030457
0.030339
0.059825
0.059699
0.034523
0.031391
0.031410
0.031359
0.031241
0.031382
0.031326
0.030458
0.030692
0.030553
0.030562
0.030493
0.030389
