0.421898
0.030998
0.030700
0.030669
0.039001
0.039843
0.039165
0.046649
0.035050
0.030535
0.030562
0.030651
0.030634
0.030822
0.030757
0.030925
0.030989
0.053734
0.035450
0.030682
0.053668
0.030648
0.030608
0.029006
0.030554
0.030828
0.030625
0.030964
0.030974
0.030879
0.030874
0.030848
0.031018
0.030978
0.030670
0.028736
0.030785
0.030944
0.034127
0.034863
0.061669
0.031120
0.030986
0.031084
0.031030
0.031161
0.031289
0.031097
0.052304
0.034364
0.031374
0.031611
0.031713
0.031621
0.031932
0.031459
0.031323
0.031119
0.031235
0.030801
0.060549
0.028724
0.030833
0.031011
0.030693
0.030889
0.030650
0.030730
0.030895
0.053705
0.030688
0.030736
0.031053
0.031061
0.030839
0.030841
0.030882
0.030711
0.031231
0.032146
0.064451
0.031488
0.031680
0.031749
0.031526
0.031539
0.031277
0.031332
0.031362
0.031295
0.031326
0.031247
0.031200
0.031179
0.031250
0.031080
0.031569
0.031140
0.031082
0.031034
0.079973
0.030912
0.030987
0.030769
0.030758
0.030848
0.030632
0.030432
0.030247
0.030308
0.043063
0.031313
0.030361
0.030264
0.030292
0.030205
0.031179
0.020239
0.030359
0.030268
0.060066
0.030216
0.030343
0.030262
0.030399
0.030340
0.030304
0.030391
0.030386
0.030250
0.030505
0.030443
0.039711
0.034755
0.031133
0.030242
0.030403
0.030432
0.020681
0.030408
0.061630
0.030454
0.054619
0.021793
0.020370
0.020554
0.021218
0.030341
0.030468
0.020931
0.020838
0.020742
0.030797
0.031101
0.031256
0.021369
0.031316
0.031531
0.031140
0.030942
0.060742
0.031173
0.031045
0.031142
0.031286
0.036472
0.021780
0.021259
0.021367
0.021318
0.021260
0.021226
0.021290
0.021528
0.031192
0.031036
0.020790
0.020741
0.020662
0.026162
0.023082
0.030781
0.029965
0.046551
0.029893
0.046489
0.030726
0.030873
0.030490
0.030542
0.030477
0.030399
0.034150
0.031689
0.038363
0.039432
0.039346
0.039286
0.043499
0.054349
0.069257
0.035738
0.032014
0.031952
0.032101
0.032178
0.032286
0.032451
0.048251
0.035520
0.031487
0.032031
0.031710
0.031719
0.031307
0.031378
0.046687
0.032048
0.047621
0.031872
0.062678
0.031301
0.030632
0.031040
0.031235
0.031555
0.021970
0.021395
0.021508
0.028344
0.025800
0.021328
0.021269
0.031377
0.031151
0.031302
0.031642
0.032012
0.032554
0.032022
0.066525
0.034180
0.032565
0.032243
0.032508
0.032280
0.032034
0.032130
0.032342
0.032256
