0.459846
0.030631
0.038772
0.038426
0.038456
0.030014
0.030275
0.030121
0.030052
0.030026
0.029980
0.030067
0.029882
0.030071
0.030039
0.029959
0.030086
0.030024
0.039440
0.034555
0.053936
0.030041
0.029985
0.030077
0.030005
0.029949
0.029972
0.029944
0.037520
0.031222
0.029986
0.029907
0.020269
0.030217
0.030021
0.020118
0.030054
0.029957
0.020077
0.020064
0.020081
0.020392
0.020040
0.020185
0.051897
0.022280
0.037869
0.020345
0.020011
0.020026
0.020011
0.020090
0.019926
0.020103
0.022956
0.024265
0.020268
0.029909
0.020066
0.020102
0.020055
0.020126
0.020122
0.020082
0.029897
0.020127
0.020069
0.019960
0.020113
0.026102
0.020644
0.020118
0.029935
0.020104
0.020014
0.020097
0.030063
0.030013
