79	208	48	119
79	206	47	121
81	205	45	122
76	208	50	117
78	207	47	119
80	202	46	125
78	205	47	121
77	206	47	118
80	205	45	120
79	203	45	118
79	204	45	121
81	203	46	119
79	202	46	118
78	200	46	123
78	201	48	121
78	203	45	116
79	202	45	113
79	200	45	118
79	203	44	114
78	199	45	118
78	199	45	115
81	200	41	120
77	199	46	112
78	201	47	108
80	201	44	107
78	199	45	111
79	199	45	108
80	199	44	111
81	198	45	107
82	196	45	113
82	197	46	111
80	197	47	113
82	196	43	114
85	197	44	112
86	196	42	114
84	193	44	114
87	196	45	108
87	195	45	109
87	196	47	109
89	196	45	107
88	196	45	109
90	194	47	110
91	196	46	108
90	195	48	108
90	193	48	108
93	195	49	109
94	192	51	112
94	194	50	107
93	191	52	111
96	195	54	109
96	191	51	109
98	193	50	109
100	191	49	110
99	189	49	112
101	190	53	110
102	187	49	113
103	190	49	113
105	187	49	111
106	187	48	110
107	187	50	111
107	188	49	111
107	188	49	109
109	190	49	108
111	188	51	107
112	187	48	110
115	185	50	110
115	186	48	109
116	186	50	105
118	185	49	106
119	185	51	106
118	184	53	106
121	185	52	106
120	183	53	105
123	182	52	107
125	182	52	108
127	183	54	105
127	183	54	104
127	182	56	103
131	180	54	105
130	181	56	105
133	181	55	103
133	179	56	104
134	182	56	104
137	179	56	104
138	178	54	103
141	180	55	103
140	178	55	103
143	179	56	102
143	180	56	102
146	178	55	102
146	177	55	101
147	176	55	99
150	179	54	102
149	176	57	101
150	177	56	100
154	177	54	102
154	175	56	100
157	174	54	103
160	176	53	100
161	175	52	102
164	175	50	103
165	174	50	102
165	172	50	102
169	173	49	102
168	174	50	104
170	172	49	104
172	171	47	106
172	173	48	103
173	173	48	103
172	172	51	100
174	172	48	102
176	173	48	103
178	172	45	100
179	174	46	101
181	172	45	102
180	169	46	104
184	169	44	102
186	171	43	100
187	171	43	100
186	169	44	100
187	170	44	101
187	171	47	100
190	169	43	100
191	169	44	100
191	168	45	101
192	169	43	101
193	167	42	102
192	167	45	100
194	168	43	102
196	166	44	103
198	166	41	101
197	166	43	100
198	167	43	99
199	166	42	99
201	164	42	101
201	164	43	98
202	164	42	101
202	163	41	102
205	164	39	98
206	162	41	99
207	161	40	102
207	164	40	98
208	160	40	103
208	163	40	98
210	162	41	99
211	160	41	103
211	161	40	103
210	160	40	101
211	159	41	102
211	158	42	102
213	161	41	100
214	160	40	100
216	159	39	101
216	157	39	102
216	157	41	100
217	160	40	97
219	159	38	97
219	157	39	99
220	158	38	95
222	157	38	102
221	156	38	100
220	156	39	100
223	157	37	98
223	157	39	97
225	158	39	97
221	155	42	97
223	155	43	97
224	155	41	98
225	156	42	96
225	155	44	94
228	154	42	100
227	155	44	98
229	155	42	98
228	156	48	99
229	154	50	101
229	156	48	97
230	155	49	98
231	158	47	92
232	158	49	92
233	159	50	93
233	159	49	94
233	158	49	93
234	160	50	91
235	160	51	90
237	158	46	91
237	154	48	94
238	158	46	90
238	154	46	96
239	155	44	92
240	152	44	93
240	151	44	96
240	151	44	96
240	152	44	93
242	151	43	93
242	150	42	97
242	149	44	96
243	150	43	95
243	150	41	93
245	150	40	96
244	148	42	94
244	149	42	94
245	148	42	92
246	150	44	95
247	149	42	94
247	147	43	94
248	148	42	92
247	147	43	93
249	147	41	92
249	148	43	94
250	147	42	92
251	147	43	91
251	145	40	91
251	147	40	94
251	145	39	91
252	146	40	92
252	146	38	90
252	144	38	93
253	143	39	93
254	145	38	93
254	142	39	94
254	143	38	92
253	143	37	94
253	143	38	92
252	142	41	92
251	142	41	94
252	140	41	96
253	140	39	95
250	142	41	94
250	138	41	95
250	141	39	96
250	139	39	93
249	139	40	93
250	141	38	93
251	139	37	91
251	139	39	92
250	139	35	91
251	138	37	93
251	139	39	91
251	138	35	90
249	136	38	91
248	139	40	89
249	137	40	88
249	139	40	91
248	137	41	91
249	136	36	90
250	137	36	90
250	137	36	89
250	135	35	90
250	137	34	90
248	135	35	88
250	133	35	91
250	135	39	90
250	136	39	89
251	137	33	86
251	135	34	89
252	133	35	90
252	136	33	90
252	133	34	87
251	135	38	89
251	135	38	89
251	134	35	89
252	132	34	87
254	133	33	88
252	132	35	87
252	134	36	87
252	134	35	86
251	133	34	85
251	131	37	87
251	133	34	85
251	131	37	85
251	131	34	84
252	133	35	84
251	132	36	85
251	132	36	83
252	133	37	83
253	132	36	84
255	131	34	85
254	129	33	84
252	130	38	85
254	131	35	85
255	130	35	83
258	130	36	73
258	130	36	73
311	131	41	81
311	131	41	81
356	128	42	77
356	128	42	77
356	128	42	77
356	128	42	77
356	128	42	77
356	128	42	77
356	128	42	77
356	128	42	77
356	128	42	77
423	3	36	69
423	3	36	69
423	3	36	69
423	3	36	69
423	3	36	69
423	3	36	69
423	3	36	69
423	3	36	69
423	3	36	69
423	3	36	69
423	3	36	69
423	3	36	69
423	3	36	69
413	21	32	53
414	26	29	48
415	25	27	47
414	30	24	44
415	33	23	41
414	32	22	39
414	34	22	38
413	33	20	40
413	30	21	42
411	31	21	42
409	31	21	41
408	28	22	42
408	29	22	43
407	31	22	41
404	30	23	41
404	31	23	43
404	30	25	42
402	32	26	41
402	31	28	41
402	32	28	42
400	30	29	42
401	33	26	39
400	32	24	41
400	30	24	42
400	31	22	43
399	33	21	39
397	34	21	39
397	30	22	41
396	31	22	42
392	29	25	44
391	31	25	42
390	27	26	44
390	29	27	46
388	28	28	45
388	29	28	45
389	29	26	46
387	29	29	45
386	30	25	44
386	29	25	46
384	30	25	44
383	29	24	44
381	31	26	42
380	28	27	46
377	23	28	50
377	26	28	49
376	26	27	47
376	30	28	44
377	33	27	42
375	32	29	42
377	36	27	40
376	33	28	40
373	33	30	40
373	30	28	43
374	34	28	41
370	34	29	40
371	34	31	39
368	31	29	42
368	33	30	41
367	34	31	39
365	33	32	41
366	33	32	42
366	34	32	40
364	33	32	41
363	36	34	40
362	35	34	40
360	34	36	41
360	33	34	42
358	33	36	40
356	35	35	41
356	35	35	40
354	35	34	40
353	33	37	40
351	35	35	41
352	33	36	42
351	34	35	41
351	34	39	41
352	36	37	40
353	38	32	37
352	37	35	39
350	34	39	40
350	35	46	42
349	37	46	40
346	34	48	40
345	37	48	39
343	34	49	40
343	37	48	41
343	34	47	39
343	35	42	42
343	35	36	41
343	36	44	40
340	35	49	39
340	35	51	41
341	37	49	39
338	37	49	38
338	36	50	42
337	36	49	40
336	36	46	41
335	36	44	39
335	35	38	39
333	36	35	40
335	37	34	40
334	35	35	40
334	37	39	42
334	37	38	40
332	35	39	40
332	37	38	40
331	38	44	41
330	38	42	39
329	34	38	42
329	38	43	40
331	34	36	44
329	36	34	40
329	35	33	43
329	35	33	42
327	33	35	43
328	35	37	43
326	35	41	42
325	37	45	42
326	35	44	43
324	36	46	41
323	36	38	42
324	35	31	43
325	34	32	43
323	34	32	44
323	35	34	44
322	35	33	42
320	34	34	43
320	35	35	44
318	35	40	44
317	35	35	44
318	35	37	43
317	36	35	43
316	34	38	44
315	34	40	43
316	36	49	42
315	36	50	41
313	37	51	42
315	36	49	41
313	37	49	41
314	34	50	40
307	35	47	44
311	34	48	42
308	38	54	41
309	38	53	41
309	34	53	42
303	36	43	43
307	36	40	42
309	35	47	42
