0.535542
0.037913
0.046814
0.030557
0.030451
0.030189
0.030162
0.030177
0.037287
0.030204
0.030260
0.030258
0.030090
0.029908
0.029881
0.030022
0.037819
0.030102
0.029749
0.029794
0.053439
0.029811
0.029758
0.029942
0.029965
0.030084
0.033163
0.034041
0.029907
0.029971
0.029910
0.029773
0.029900
0.029902
0.029930
0.029873
0.029963
0.029777
0.029933
0.029847
0.059941
0.029944
0.029931
0.029887
0.029877
0.029806
0.029980
0.029848
0.032443
0.035106
0.030062
0.029903
0.029979
0.030046
0.029945
0.029918
0.029798
0.030437
0.029976
0.032411
0.069238
0.038095
0.038455
0.046509
0.062101
0.030105
0.030512
0.029918
0.029838
0.029844
0.029938
0.029910
0.029830
0.029955
0.029917
0.029825
0.029907
0.029833
0.030020
0.042386
0.061449
0.029857
0.029876
0.029842
0.029965
0.029904
0.029912
0.029902
0.029780
0.033503
0.029902
0.029870
0.029954
0.029813
0.029902
0.029822
0.029806
0.029927
0.030005
0.032527
0.063520
0.029841
0.029909
0.030026
0.029902
0.029886
0.029763
0.030025
0.029950
0.030008
0.042778
0.030231
0.030113
0.029939
0.029926
0.029926
0.029880
0.029917
0.029946
0.029841
0.060127
0.030991
0.029857
0.029953
0.029857
0.029846
0.029914
0.029786
0.029768
0.029903
0.029872
0.029861
0.029886
0.029905
0.029781
0.029918
0.029871
0.029948
0.029873
0.029875
0.061318
0.029880
0.033853
0.033524
0.029839
0.030003
0.029978
0.029908
0.029877
0.029846
0.029904
0.029877
0.029890
0.051545
0.031029
0.029963
0.029976
0.030059
0.029932
0.029909
0.060127
0.029756
0.029894
0.029878
0.029865
0.029839
0.029954
0.029893
0.029840
0.029952
0.029948
0.029794
0.029950
0.029938
0.029763
0.036249
0.030131
0.029871
0.029915
0.029906
0.060194
0.029905
0.029854
0.029924
0.029777
0.034917
0.033125
0.029939
0.029896
0.029871
0.029787
0.029860
0.029872
0.029920
0.030012
0.029890
0.029915
0.029949
0.029958
0.029966
0.059773
0.029883
0.029820
0.030006
0.029860
0.029909
0.029933
0.051117
0.038398
0.038088
0.038025
0.037974
0.041880
0.042019
0.041835
0.073109
0.043360
0.031908
0.030967
0.030918
0.060624
0.030855
0.030780
0.030656
0.030774
0.030632
0.030743
0.030702
0.030580
0.031453
0.031598
0.030207
0.029782
0.030252
0.030045
0.049091
0.030568
0.029972
0.029974
0.029963
0.060296
0.029926
0.030018
0.030022
0.030035
0.044771
0.031000
0.029922
0.029973
0.029881
0.029945
0.030002
0.029857
0.029985
0.029996
0.030027
0.030057
0.029931
0.029834
0.029955
0.059317
0.029906
0.030048
0.029826
0.030056
0.029994
0.029896
0.043655
0.030447
0.030178
0.029973
0.030147
0.030013
0.030027
0.030041
0.030012
0.030095
0.029991
0.036686
0.038882
0.067586
0.038048
0.042059
0.042053
0.042031
0.042078
0.041983
0.042090
0.041908
0.041954
0.041874
0.041809
0.042079
0.039481
0.054915
0.032005
0.030678
0.030362
0.029844
0.029878
0.059338
0.029937
0.029955
0.029872
0.054293
0.030632
0.030467
0.030359
0.030568
0.030366
0.030512
0.030287
0.030487
0.030364
0.030449
0.030463
0.030418
0.030431
0.030494
0.030339
0.060293
0.033229
0.035489
0.063210
0.047768
0.034394
0.041157
0.030565
0.029862
0.030018
0.029896
0.029922
0.029844
0.029964
0.029925
0.043221
