0.472588
0.030337
0.030081
0.030148
0.029989
0.030247
0.030133
0.020143
0.029984
0.050910
0.020841
0.020211
0.020098
0.020128
0.020103
0.020218
0.020088
0.020224
0.020087
0.020181
0.020229
0.020127
0.020197
0.020234
0.020145
0.020107
0.020151
0.020108
0.020105
0.020183
0.020113
0.020095
0.020078
0.020135
0.020069
0.020063
0.020327
0.020100
0.020065
0.020174
0.020074
0.041913
0.020330
0.020143
0.020152
0.020049
0.020122
0.020064
0.020147
0.020016
0.020153
0.020163
0.020112
0.020132
0.020080
0.020204
0.021104
0.026848
0.026321
0.026310
0.026012
0.026268
0.026338
0.026227
0.026408
0.026158
0.026176
0.026354
0.026184
0.026226
0.026147
0.026279
0.026111
0.038821
0.043889
0.022599
0.020182
0.020185
0.020224
0.020279
0.043617
