0.521522
0.032286
0.041745
0.038768
0.043726
0.057951
0.043792
0.043744
0.044886
0.047925
0.043549
0.043665
0.043581
0.068968
0.043665
0.043493
0.043637
0.043713
0.052225
0.070184
0.084354
0.031234
0.031237
0.031119
0.031106
0.031245
0.031106
0.030925
0.030834
0.030965
0.030885
0.030800
0.031096
0.030878
0.030952
0.030973
0.031082
0.030863
0.030849
0.030964
0.061921
0.032331
0.031011
0.031048
0.030849
0.030974
0.030726
0.031021
0.031059
0.030956
0.030938
0.039959
0.031163
0.031008
0.030913
0.030988
0.030986
0.030959
0.031118
0.031075
0.061363
0.037246
0.037937
0.030915
0.031000
0.031015
0.030952
0.031126
0.031070
0.030960
0.030926
0.031029
0.031919
0.038058
0.031195
0.031118
0.031313
0.030930
0.030915
0.031024
0.061127
0.031074
0.031372
0.037498
0.031377
0.031118
0.031119
0.030784
0.030881
0.028771
0.030892
0.031040
0.031773
0.031120
0.031132
0.030989
0.030828
0.030886
0.031352
0.030970
0.060627
0.030713
0.031039
0.030871
0.047404
0.039093
0.041413
0.040873
0.040009
0.040002
0.033848
0.030880
0.031113
0.058270
0.031030
0.031046
0.031186
0.031085
0.031123
0.031180
0.060544
0.031426
0.031423
0.031193
0.031285
0.031246
0.031590
0.031569
0.031502
0.031261
0.031484
0.031470
0.031440
0.035963
0.040891
0.031418
0.031275
0.031474
0.031263
0.031267
0.060747
0.031188
0.031188
0.044042
0.034430
0.031169
0.031349
0.031157
0.031064
0.031386
0.031301
0.031300
0.031357
0.031203
0.031278
0.031209
0.031211
0.031204
0.031495
0.031214
0.061280
0.031260
0.031363
0.031161
0.038208
0.035393
0.031384
0.030849
0.031696
0.031109
0.031249
0.031384
0.031483
0.031717
0.031859
0.046333
0.034230
0.032010
0.031972
0.032092
0.061286
0.032197
0.032431
0.032647
0.032706
0.033340
0.033055
0.033317
0.030058
0.029980
0.030300
0.033845
0.033731
0.029994
0.030154
0.049449
0.034876
0.036764
0.030005
0.030015
0.059629
0.030107
0.030059
0.029990
0.030043
0.034957
0.032479
0.034041
0.033761
0.032587
0.033404
0.032885
0.033129
0.032975
0.033131
0.032681
0.047751
0.031867
0.031748
0.031893
0.062478
0.033352
0.033959
0.033993
0.033644
0.050955
0.030272
0.030201
0.030168
0.029968
0.030000
0.030356
0.030348
0.034664
0.041480
0.040133
0.040023
0.039418
0.038846
0.040837
0.072969
0.042869
0.042745
0.048911
0.042535
0.042785
0.049095
0.048480
0.048700
0.042959
0.048682
0.048345
0.048725
0.042655
0.058539
0.078978
0.067961
0.044754
0.064915
0.036599
0.063332
0.034533
0.044882
0.048200
0.042893
0.042729
0.042514
0.057831
0.043063
0.042732
0.057854
0.044991
0.042752
0.048867
0.076741
0.067083
0.045147
0.056889
0.034900
0.033764
0.063943
0.030306
0.030273
0.034229
0.034192
0.030036
0.030172
0.030034
0.030175
0.030232
0.033146
0.033195
0.032969
0.032744
0.032827
0.033643
0.032704
0.057872
0.034675
0.033884
0.062548
0.033638
0.033969
0.033121
0.033112
0.032975
0.060093
0.033789
0.033351
0.033003
0.032470
0.033067
0.033182
0.032954
0.033115
0.033049
0.032701
0.033327
0.033320
0.032911
0.062675
0.032831
0.033040
0.032715
0.032934
0.033348
0.056538
0.033981
0.033804
0.033176
0.032795
0.043650
0.044800
0.044521
0.044863
0.075238
0.057939
0.044841
0.045394
0.058168
0.064575
0.035488
0.031098
0.031163
0.031179
0.031184
0.031241
0.031030
0.030861
0.031008
0.030962
0.030926
0.049581
0.034030
0.033783
0.033315
0.033483
0.033397
0.033636
0.033752
0.063215
0.048600
0.038650
0.030970
0.031027
0.031032
0.030707
0.030107
0.030183
0.030167
0.030095
0.033798
0.033519
0.033837
0.033984
0.047964
0.033332
0.033291
0.033094
0.048257
0.062511
0.048430
0.035185
0.033069
0.032811
0.033415
0.033340
0.033842
0.033331
