0.514751
0.030406
0.030471
0.029975
0.030002
0.030143
0.030262
0.041207
0.034276
0.029935
0.030039
0.030009
0.030080
0.030291
0.029927
0.029996
0.030055
0.030005
0.029956
0.029971
0.053900
0.029946
0.030217
0.030032
0.029997
0.029938
0.030007
0.030024
0.030009
0.052897
0.030672
0.029921
0.029968
0.030380
0.030976
0.029892
0.030121
0.030106
0.029946
0.032906
0.062625
0.030108
0.030155
0.029964
0.029941
0.030048
0.030043
0.030231
0.030036
0.030083
0.030229
0.029969
0.030126
0.030177
0.030078
0.030219
0.030047
0.030161
0.030038
0.029943
0.075145
0.030568
0.030077
0.029984
0.030339
0.030130
0.031338
0.030700
0.030981
0.030926
0.030990
0.054524
0.030892
0.030267
0.030070
0.030073
0.030308
0.030119
0.030358
0.030413
0.060096
0.030236
0.030105
0.030205
0.030078
0.030000
0.030494
0.030054
0.030223
0.030132
0.030120
0.030155
0.030846
0.037763
0.030538
0.030175
0.030069
0.030111
0.030119
0.030410
0.060447
0.030096
0.029903
0.050656
0.030266
0.029983
0.030253
0.030072
0.030031
0.030929
0.030927
0.030246
0.030365
0.030128
0.030095
0.029966
0.030102
0.030101
0.030056
0.030121
0.059974
0.030082
0.030040
0.030020
0.047439
0.030728
0.030355
0.030436
0.030423
0.030338
0.034172
0.034168
0.034210
0.034139
0.034128
0.051433
0.031176
0.030084
0.030415
0.029964
0.060529
0.029937
0.030090
0.029993
0.030167
0.030111
0.030008
0.030111
0.030400
0.030017
0.030066
0.029963
0.030012
0.030036
0.029992
0.030453
0.039471
0.038382
0.038220
0.038368
0.070950
0.045172
0.039415
0.062703
0.042596
0.053522
0.053917
0.036443
0.036564
0.030279
0.030249
0.030279
0.030255
0.030295
0.030354
0.030044
0.029967
0.030169
0.030091
0.029932
0.060338
0.030139
0.053257
0.038644
0.038277
0.038233
0.042019
0.042359
0.042209
0.042261
0.058959
0.045757
0.038481
0.031126
0.031119
0.031061
0.031100
0.031279
0.031144
0.030933
0.060759
0.030824
0.030998
0.030977
0.030928
0.031281
0.031009
0.031029
0.030645
0.030311
0.044894
0.031138
0.030123
0.030166
0.030173
0.030140
0.030292
0.030066
0.030051
0.030114
0.061282
0.038933
0.035001
0.030066
0.030066
0.030092
0.030135
0.030122
0.030351
0.030291
0.029979
0.030490
0.039487
0.035036
0.038470
0.038620
0.038781
0.038521
0.042247
0.042768
0.110852
0.030398
0.030327
0.030308
0.030483
0.030427
0.030416
0.030334
0.030092
0.040082
0.031164
0.030109
0.030273
0.030092
0.030108
0.030237
0.030187
0.030184
0.030014
0.030432
0.060609
0.030233
0.030326
0.030597
0.030318
0.030254
0.030237
0.030159
0.030259
0.030281
0.050024
0.031785
0.030225
0.045447
0.030214
0.030255
0.030207
0.030181
0.030374
0.030260
0.080832
0.030325
0.030134
0.030249
0.030435
0.030331
0.030341
0.030629
0.030929
0.030492
0.030643
0.030824
0.035938
0.030576
0.030552
0.030613
0.030723
0.030379
0.030257
0.030294
0.076994
0.030353
0.030461
0.030298
0.030231
0.030328
0.030233
0.030170
0.030189
0.030422
0.030325
0.044427
0.030395
0.030237
0.030279
0.030909
0.030365
0.030235
0.030196
0.030210
0.060192
0.030177
0.030317
0.030292
0.030282
0.030235
0.030313
0.030317
0.030318
0.030373
0.030450
0.030301
0.061127
0.031570
0.031035
0.031186
0.031215
0.031100
0.031148
0.031075
0.060839
0.031070
0.040681
0.030710
0.030253
0.030259
0.030399
0.030365
0.030297
0.030359
0.030381
0.030328
0.030252
0.030408
0.030390
0.030257
0.030542
0.030346
0.030777
0.035703
0.071763
0.039711
0.063293
0.038323
0.031278
0.031941
0.031183
0.031340
0.031107
0.031164
0.031133
0.031122
0.056620
0.038003
0.031266
0.031113
0.031181
0.031306
0.031230
0.031063
0.061012
0.031096
0.031080
0.031114
0.031153
0.031243
0.031030
0.031311
0.031128
0.031105
0.031089
0.031129
0.031162
0.046096
0.031769
0.030631
0.030540
0.030387
0.030341
0.030382
0.060995
0.030624
0.030288
0.045690
0.031838
0.030413
0.030422
0.030310
0.031473
0.030475
0.030630
0.030457
0.030973
0.030558
0.030339
0.030435
0.030409
0.030545
0.030405
0.030606
0.060314
0.030440
0.030295
0.030401
0.054050
0.030481
0.030345
0.030286
0.030376
0.030506
0.030391
0.030375
0.030479
0.030426
0.056089
0.030751
0.030528
0.030916
0.030429
0.030515
0.083310
0.032045
0.030496
0.030474
0.030440
0.030465
0.030374
0.030483
0.030422
0.030382
0.030554
0.030564
0.030336
0.030328
0.030934
0.040037
0.030389
0.030527
0.030518
0.030528
0.060251
0.030656
0.030487
0.030918
0.030590
0.040592
0.039058
0.039178
0.039189
0.042144
0.042794
0.049964
0.066105
0.064728
0.066314
0.050078
0.032859
0.042891
0.078050
0.040012
0.062625
0.031693
0.038387
0.031491
0.031538
0.031214
0.031338
0.047639
0.034271
0.031443
0.031482
0.031393
0.031379
0.031121
0.030593
0.030700
0.030685
0.030644
0.030854
0.030538
0.060476
0.030588
0.030549
0.030617
0.030511
0.030694
0.030660
0.030807
0.033823
0.033670
0.030472
0.030543
0.031055
0.030843
0.030599
0.030383
0.030516
0.030524
0.030467
0.053311
0.061610
0.030500
0.030730
0.030583
0.030544
0.030471
0.030499
0.030518
0.030429
0.030376
0.030406
0.030604
0.031243
0.030758
0.030948
0.030500
0.030408
0.030625
0.030611
0.030463
0.061356
0.039911
0.030627
0.039271
0.038969
0.039182
0.043256
0.042845
0.043070
0.055420
0.043766
0.043042
0.042947
0.042916
0.042952
0.043101
0.042958
0.042895
0.042835
0.070796
0.101089
0.030892
0.039350
0.044533
0.041080
0.041152
0.043178
0.043069
0.042930
0.043257
0.052371
0.085531
0.031073
0.031397
0.031063
0.031149
0.030938
0.030925
0.030713
0.030739
0.061263
0.030635
0.030673
0.030602
0.030628
0.030719
0.030666
0.030580
0.030678
0.030528
0.030698
0.035049
0.033913
0.031084
0.030604
0.030618
0.032453
0.039587
0.039419
0.039389
0.092504
0.039452
0.039346
0.043457
0.043185
0.043272
0.043342
0.043197
0.043187
0.043336
0.043355
0.043273
0.043447
0.043248
0.043570
0.043564
0.062188
0.043758
0.043640
0.043453
0.073753
0.043319
0.043537
0.041625
0.047143
0.033696
0.031859
0.031711
0.043053
0.029697
0.031761
0.031807
0.031734
0.031740
0.029700
0.031990
0.031583
0.031575
0.031607
0.034830
0.062258
0.031971
0.032021
0.040930
0.034989
0.031413
0.031285
0.031068
0.031218
0.030681
0.030917
0.030876
0.031002
0.031114
0.039575
0.031051
0.031039
0.031067
0.031053
0.030907
0.060860
0.031158
0.030977
0.031026
0.031113
0.031086
0.031298
0.031556
0.030822
0.031035
0.031005
0.031021
0.031082
0.030961
0.031804
0.040745
0.039671
0.031181
0.031106
0.030956
0.061608
0.031069
0.031177
0.031282
0.036874
0.038739
0.031227
0.031338
0.031124
0.031238
0.031187
0.031335
0.031665
0.031245
0.031454
0.031307
0.031149
0.031148
0.031782
0.031159
0.061922
0.031041
0.031162
0.031177
0.031304
0.051861
0.041278
0.031887
0.032132
0.032062
0.032226
0.032098
0.032195
0.032042
0.031889
0.058913
0.031552
0.031657
0.032168
0.031485
0.061229
0.031425
0.031372
0.031323
0.031430
0.031361
0.031489
0.031450
0.031387
0.031316
0.031268
0.031381
0.031437
0.031228
0.031318
0.032563
0.041226
0.040717
0.040544
0.040181
0.072285
0.044296
0.044352
0.064180
0.044477
0.053450
0.031883
0.031954
0.031782
0.031513
0.031794
0.031703
0.031786
0.031431
0.031381
0.031577
0.031339
0.031358
0.031425
0.031459
0.062425
0.031451
0.033911
0.042320
0.040088
0.040461
0.031540
0.031442
0.031393
0.031528
0.031312
0.031297
0.055453
0.033608
0.031631
0.031474
0.031517
0.031496
0.031533
0.031551
0.061295
0.031702
0.032152
0.032233
0.032020
0.031623
0.031715
0.031501
0.031286
0.031576
0.031106
0.056537
0.031282
0.030972
0.031082
0.031098
0.030958
0.031100
0.031348
0.031519
0.061998
0.060308
0.040367
0.038513
0.031643
0.031584
0.031610
0.031616
0.031726
0.031614
0.031571
0.031570
0.031652
0.031476
0.031772
0.031605
0.031516
0.031545
0.031394
0.031501
0.062128
0.053327
0.040621
0.040666
0.038356
0.031574
0.031665
0.031655
0.031659
0.031608
0.031628
0.052605
0.031779
0.031903
0.031762
0.032250
0.033173
0.040491
0.041302
0.041012
0.074690
0.045244
0.060410
0.031941
0.051837
0.039767
0.032059
0.032099
0.052198
0.032179
0.032098
0.032109
0.032125
0.032194
0.032044
0.032090
0.032174
0.032153
0.044829
0.032601
0.062624
0.032250
0.032273
0.032244
0.032195
0.032216
0.032180
0.032327
0.032237
0.031960
0.032175
0.032318
0.032681
0.032415
0.032458
0.032461
0.032434
0.032427
0.056408
0.042797
0.074275
0.034399
0.032711
0.033318
0.032818
0.032933
0.036690
0.049921
0.034982
0.032894
0.032744
0.032416
0.032464
0.032444
0.032531
0.032449
0.032616
0.033018
0.032886
0.032908
0.062161
0.032658
0.032803
0.032670
0.032649
0.032727
0.032645
0.055167
0.035992
0.033073
0.033082
0.033068
0.033010
0.032941
0.033201
0.033112
0.032989
0.059598
0.033717
0.033300
0.063516
0.033134
0.032906
0.033105
0.032970
0.033210
0.033172
0.033140
0.033006
0.033011
0.033015
0.033074
0.032941
0.032791
0.032841
0.032789
0.034452
0.045576
0.042902
0.039573
0.063491
0.032902
0.032825
0.032653
0.032695
0.051230
0.043114
0.043158
0.042830
0.044554
0.043435
0.034389
0.037000
0.031448
0.031238
0.030676
0.036942
0.034940
0.038606
0.042672
0.072717
0.042556
0.067720
0.046042
0.051230
0.031192
0.031263
0.031141
0.031097
0.031049
0.031182
0.043958
0.038907
0.038582
0.030172
0.029995
0.030313
0.030492
0.030446
0.030347
0.060713
0.030076
0.030130
0.030164
0.030151
