0.510289
0.040176
0.032829
0.031561
0.031720
0.031557
0.031527
0.031525
0.031372
0.031415
0.031299
0.031331
0.031276
0.031582
0.031403
0.031402
0.031227
0.031603
0.031510
0.031455
0.054736
0.053715
0.030770
0.030563
0.028592
0.030501
0.030731
0.030473
0.030439
0.030473
0.030517
0.030370
0.045801
0.034590
0.030368
0.020433
0.030271
0.020614
0.030475
0.030463
0.020662
0.020990
0.031391
0.021142
0.021230
0.025895
0.027230
0.027070
0.026887
0.027197
0.027133
0.021209
0.021116
0.020974
0.020777
0.020628
0.020662
0.020742
0.022708
0.031932
0.020750
0.020657
0.020674
0.030602
0.030371
0.030497
0.020679
0.030704
0.020492
0.020417
0.030513
0.020612
0.040466
0.020663
0.020606
0.020718
0.020813
0.030597
0.031320
0.031427
0.061236
0.031302
0.031485
0.031264
0.031454
0.031402
0.031532
0.031567
0.031514
0.031586
0.031681
0.031532
0.031387
0.054904
0.039134
0.031327
0.031458
0.031307
0.031581
0.054650
0.068538
0.031903
0.052770
0.030663
0.030655
0.030709
0.030685
0.030641
0.030721
0.030600
0.030672
0.030562
0.030727
0.030602
0.028712
0.030686
0.030694
0.030868
0.030951
0.030759
0.060423
0.030943
0.031786
0.034104
0.030788
0.030751
0.030614
0.030894
0.030805
0.030733
0.030520
0.031301
0.030996
0.052426
0.031459
0.031189
0.031095
0.030985
0.028835
0.030866
0.060353
0.031017
0.030776
0.031051
0.030746
0.030630
0.030589
0.030648
0.031108
0.030660
0.030623
0.030735
0.030592
0.030777
0.032251
0.040512
0.039465
0.039575
0.039767
0.043467
0.073554
0.043020
0.067073
0.040325
0.040165
0.066334
0.037754
0.031693
0.031712
0.031610
0.031630
0.031606
0.039798
0.041684
0.039361
0.039634
0.043637
0.043294
0.043069
0.060356
0.073776
0.043206
0.042989
0.040365
0.043249
0.043381
0.064060
0.047304
0.047709
0.032071
0.032038
0.031981
0.032141
0.031955
0.032066
0.031823
0.031744
0.031464
0.031645
0.031741
0.061462
0.031526
0.031757
0.031634
0.031556
0.059481
0.032308
0.030640
0.030931
0.031035
0.031165
0.031026
0.030850
0.030763
0.030725
0.030789
0.047829
0.030796
0.030723
0.030620
0.060019
0.031063
0.030851
0.031201
0.031191
0.031046
0.031195
0.030979
0.031062
0.031250
0.031082
0.031238
0.031014
0.030978
0.031344
0.031091
0.048844
0.034958
0.031209
0.030883
0.060585
0.030720
0.030627
0.030648
0.030605
0.030378
0.037415
0.030986
0.030526
0.030482
0.030475
0.031021
0.030459
0.030574
0.030568
0.030407
0.030374
0.030441
0.030329
0.030351
0.060231
0.030390
0.030354
0.030561
0.030431
0.030568
0.030413
0.030643
0.040431
0.031101
0.030738
0.030751
0.030758
0.030836
0.031079
0.030771
0.030737
0.030823
0.030703
0.040898
0.060467
0.030529
0.030743
0.030668
0.030632
0.030499
0.030499
0.030445
0.030538
0.030312
0.030454
0.030511
0.030582
0.030411
0.030647
0.030601
0.030632
0.040523
0.039607
0.056599
0.067065
0.030470
0.030540
0.030547
0.030490
0.030613
0.030598
0.030554
0.030565
0.033466
0.040317
0.031203
0.030907
0.031041
0.031106
0.031078
0.031188
0.031389
0.031265
0.031354
0.060856
0.034462
0.038539
0.031227
0.031714
0.031061
0.030826
0.031185
0.030806
0.031457
0.057357
0.039361
0.039287
0.039277
0.042115
0.034887
0.034855
0.034824
0.041159
0.041323
0.068393
0.031688
0.031376
0.031538
0.031536
0.030910
0.030779
0.030685
0.030866
0.030823
0.030712
0.030868
0.030809
0.030822
0.030778
0.030583
0.031272
0.030671
0.030719
0.032162
0.072589
0.031610
0.029678
0.031531
0.031475
0.031572
0.031475
0.031572
0.031843
0.055278
0.031823
0.031769
0.031974
0.031889
0.031547
0.031460
0.031818
0.031581
0.032219
0.031593
0.061278
0.031496
0.031541
0.032008
0.031726
0.031424
0.031216
0.030467
0.030470
0.040249
0.030868
0.030916
0.030459
0.030605
0.020487
0.020540
0.020465
0.020695
0.020516
0.020459
0.020635
0.020513
0.022045
0.026062
0.020682
0.020470
0.020458
0.020489
0.030544
0.030418
0.030226
0.020481
0.020274
0.020207
0.020246
0.020577
0.020391
0.020288
0.020331
0.020300
0.060297
0.030768
0.030399
0.030421
0.030698
0.052071
0.032109
0.035672
0.031373
0.030958
0.031065
0.030652
0.030796
0.030696
0.030827
0.050980
0.031410
0.031140
0.030726
0.031116
0.061193
0.031170
0.031505
0.031137
0.031109
0.030794
0.030907
0.030795
0.030712
0.031013
0.030690
0.030742
0.030820
0.031260
0.031121
0.031002
0.033781
0.035104
0.031151
0.030834
0.060560
0.030901
0.030753
0.030643
0.030706
0.030843
0.048277
0.031881
0.031064
0.030928
0.028806
0.030995
0.030868
0.030810
0.031295
0.031026
0.030748
0.030807
0.030836
0.030977
0.058497
0.030921
0.031155
0.031070
0.031088
0.031163
0.031202
0.031970
0.035358
0.031420
0.031294
0.031229
0.031123
0.031182
0.031127
0.031190
0.040071
0.031403
0.031291
0.031355
0.061250
0.031380
0.031514
0.031358
0.031219
0.031208
0.031317
0.031048
0.031118
0.031050
0.031358
0.031134
0.030961
0.030814
0.030564
0.030726
0.030774
0.041673
0.031422
0.030685
0.060388
0.030649
0.030757
0.030978
0.031186
0.031067
0.031029
0.057388
0.040604
0.040396
0.040275
0.040490
0.059053
0.031585
0.031792
0.031629
0.031511
0.031780
0.031631
0.031562
0.061244
0.031638
0.031464
0.031489
0.031509
0.031552
0.039212
0.032629
0.030840
0.030735
0.028870
0.030785
0.030945
0.031870
0.031746
0.031103
0.031716
0.038460
0.032115
0.030770
0.060343
0.030644
0.030694
0.030724
0.030608
0.030854
0.030797
0.030758
0.030682
0.030869
0.032578
0.031437
0.030898
0.030872
0.031243
0.031132
0.031347
0.030937
