0.471501
0.032485
0.032059
0.031501
0.031299
0.049679
0.031162
0.030864
0.030945
0.031231
0.031408
0.031880
0.031904
0.031739
0.032107
0.060179
0.042129
0.039585
0.032006
0.031975
0.055870
0.031878
0.031743
0.031912
0.031529
0.031284
0.031141
0.031306
0.031252
0.031254
0.031470
0.031199
0.031041
0.030886
0.030952
0.049759
0.039784
0.031791
0.031940
0.032310
0.062142
0.032252
0.031854
0.031607
0.031556
0.051514
0.031424
0.031468
0.031835
0.035435
0.035208
0.035276
0.035237
0.035361
0.036205
0.044516
0.044389
0.044118
0.045341
0.045501
0.065267
0.035886
0.035697
0.047771
0.042023
0.049115
0.039782
0.045206
0.044181
0.044372
0.070150
0.053508
0.059040
0.032327
0.031617
0.031433
0.031409
0.031330
0.033710
0.031189
0.061074
0.031211
0.030677
0.031390
0.030984
0.030998
0.030972
0.031010
0.030958
0.055583
0.031826
0.031136
0.031006
0.030642
0.030621
0.030576
0.030999
0.030733
0.030772
0.030669
0.071252
0.030904
0.030797
0.030468
0.030687
0.030662
0.030535
0.030666
0.030599
0.030495
0.030677
0.030675
0.030735
0.030659
0.046488
0.046868
0.030557
0.030944
0.031050
0.030585
0.063491
0.035344
0.030657
0.030685
0.030556
0.030623
0.030634
0.030657
0.030506
0.030579
0.030669
0.040853
0.055296
0.055629
0.030680
0.031204
0.046107
0.045812
0.031908
0.046614
0.060468
0.030563
0.030775
0.030465
0.030482
0.030450
0.030912
0.030579
0.030708
0.036945
0.037708
0.030543
0.030622
0.030838
0.030885
0.030758
0.030848
0.030517
0.030612
0.030540
0.067999
0.030603
0.031201
0.030850
0.030605
0.030656
0.046336
0.030863
0.030665
0.030824
0.030682
0.030575
0.030517
0.030711
0.030707
0.030578
0.031141
0.030798
0.032351
0.031161
0.074845
0.034324
0.030611
0.038494
0.031008
0.030479
0.030558
0.032594
0.031084
0.030350
0.030345
0.045976
0.039005
0.038811
0.039285
0.030669
0.030391
0.030493
0.030403
0.030278
0.060086
0.030411
0.030513
0.030631
0.030483
0.030411
0.030334
0.038873
0.038917
0.030525
0.030440
0.030979
0.034511
0.030383
0.030585
0.030679
0.030560
0.030640
0.030612
0.030545
0.060014
0.040359
0.030966
0.030638
0.030423
0.030792
0.030683
0.030465
0.030471
0.030857
0.030471
0.030595
0.030660
0.030832
0.030651
0.030819
0.030708
0.030761
0.030653
0.030676
0.060094
0.030783
0.030630
0.038069
0.030808
0.030661
0.031154
0.031001
0.030711
0.030717
0.030533
0.030691
0.030638
0.034885
0.032581
0.030817
0.030690
0.030582
0.030670
0.030810
0.060090
0.030697
0.030759
0.030689
0.030656
0.030578
0.030945
0.030688
0.030629
0.030639
0.030647
0.030595
0.030736
0.030752
0.030617
0.041431
0.030920
0.030709
0.030576
0.030759
0.060091
0.030749
0.030646
0.030707
0.030654
0.044710
0.038943
0.031641
0.031626
0.031378
0.031346
0.031467
0.031285
0.031357
0.031398
0.031503
0.031987
0.047035
0.047209
0.047519
0.047498
0.047737
0.032064
0.032220
0.053728
0.039890
0.032186
0.034867
0.041843
0.039685
0.032231
0.047951
0.032137
0.067131
0.031625
0.031196
0.031036
0.031056
0.031029
0.046646
0.061568
0.032423
0.032438
0.032422
0.032289
0.032418
0.032782
0.032462
0.032314
0.032349
0.031954
0.031917
0.032387
0.044703
0.036864
0.031445
0.030740
0.030660
0.030538
0.030686
0.060777
0.030647
0.030599
0.043760
0.034671
0.030489
0.030604
0.030406
0.030496
0.030640
0.030424
0.030487
0.030433
0.030525
0.030473
0.030450
0.030432
0.030372
0.030382
0.030395
0.061122
0.030542
0.030368
0.030339
0.033211
0.033744
0.030464
0.030431
0.030289
0.030322
0.030829
0.030359
0.030247
0.030375
0.030303
0.032684
0.033468
0.030422
0.030248
0.030370
0.059551
0.030234
0.030290
0.030288
0.030294
0.030304
0.030636
0.030484
0.030429
0.030522
0.030370
0.030358
0.030237
0.030254
0.030252
0.030353
0.033538
0.039246
0.038499
0.038539
0.068342
0.042527
0.049990
0.030060
0.031917
0.032640
0.030755
0.030259
0.030114
0.030257
0.030404
0.030485
0.030337
0.030198
0.030291
0.030211
0.031329
0.030949
0.032049
0.030711
0.060520
0.030223
0.031590
0.030301
0.030158
0.030237
0.050931
0.033756
0.030971
0.031049
0.030957
0.030894
0.030986
0.030956
0.030950
0.039722
0.058378
0.034402
0.031166
0.031040
0.061129
0.031128
0.031129
0.030991
0.031071
0.030983
0.031168
0.030997
0.030899
0.031014
0.030971
0.031059
0.030997
0.031018
0.031002
0.030982
0.031010
0.056458
0.032248
0.031276
0.060800
0.030965
0.031025
0.030973
0.031078
0.030989
0.031029
0.040386
0.038638
0.030224
0.030232
0.045422
0.030229
0.030302
0.030160
0.030056
0.045442
0.045653
0.045927
0.030092
0.061408
0.030150
0.030401
0.030215
0.030187
0.030232
0.035737
0.032883
0.030138
0.030042
0.030220
0.029945
0.030129
0.030074
0.030073
0.030200
0.030177
0.045046
0.032615
0.030046
0.059767
0.030210
0.030198
0.030263
