0.502270
0.030150
0.029926
0.029899
0.030115
0.030358
0.029906
0.029854
0.029748
0.029798
0.029885
0.029849
0.030057
0.040049
0.037913
0.037526
0.030014
0.029989
0.029832
0.029857
0.054128
0.029787
0.052440
0.037772
0.030675
0.037893
0.037832
0.044454
0.044451
0.030791
0.044753
0.030747
0.045297
0.030772
0.046272
0.046328
0.030890
0.030722
0.030664
0.046349
0.065718
0.030437
0.030009
0.045666
0.029951
0.030065
0.030068
0.029970
0.030085
0.030145
0.054929
0.033014
0.030198
0.030154
0.030410
0.020107
0.020053
0.029342
0.020095
0.030038
0.019984
0.020020
0.029971
0.029904
0.045640
0.029194
0.030002
0.029883
0.029954
0.029954
0.029277
0.030023
0.030127
0.070083
0.035948
0.029956
0.019931
0.029855
0.019895
0.020144
0.020032
0.019940
0.019923
0.019929
0.019901
0.019991
0.054784
0.025828
0.037406
0.019918
0.019967
0.019922
0.019881
0.030713
0.030766
0.020410
0.030684
0.030752
0.030852
0.019961
0.045828
0.019962
0.019985
0.020003
0.019941
0.019964
0.030776
0.020041
0.020068
0.020039
0.020030
0.020043
0.020242
0.026376
0.030948
0.020128
0.020030
0.020045
0.019998
0.019971
0.020034
0.020025
0.020082
0.020057
0.020098
0.030807
0.020028
0.061877
0.029935
0.030044
0.030082
0.029940
0.030125
0.030051
0.029979
0.030066
0.030053
0.030014
0.029976
0.029941
0.059222
0.029940
0.030032
0.029985
0.029929
0.029896
0.029908
0.029837
0.033062
0.029896
0.029957
0.029916
0.029810
0.030031
0.029915
0.030047
0.029881
0.030494
0.036302
0.030058
0.059959
0.029945
0.029963
0.029896
0.029982
0.031656
0.039384
0.033738
0.030205
0.029908
0.029870
0.029825
0.030021
0.030035
0.029889
0.030020
0.029918
0.029948
0.029977
0.037638
0.060733
0.030100
0.029821
0.029912
0.029914
0.029919
0.029901
0.030153
0.029917
0.033652
0.044383
0.038034
0.037907
0.038050
0.042028
0.042223
0.042172
0.042270
0.042236
0.042271
0.060754
0.030559
0.029942
0.030200
0.030004
0.029970
0.029894
0.047066
0.030395
0.029925
0.029945
0.029868
0.029902
0.029948
0.029971
0.029940
0.029814
0.029967
0.038860
0.030898
0.059636
0.029954
0.030093
0.030162
0.030350
0.029997
0.030016
0.030001
0.030084
0.029986
0.029993
0.030048
0.029999
0.029992
0.030004
0.030058
0.029930
0.044416
0.030451
0.029910
0.060384
0.029924
0.030100
0.030036
0.030229
0.029949
0.029945
0.033092
0.040855
0.038421
0.038212
0.038603
0.042265
0.062190
0.065134
0.035563
0.029995
0.029981
0.030743
0.031449
0.060138
0.030045
0.029996
0.029990
0.030013
0.033801
0.030131
0.030219
0.030040
0.029967
0.030113
0.030106
0.030071
0.030216
0.030100
0.030920
0.033475
0.030131
0.030227
0.030069
0.060271
0.030260
0.030195
0.030153
0.030262
0.030305
0.030213
0.030214
0.030157
0.031117
0.033447
0.038518
0.038602
0.038649
0.038796
0.065305
0.038915
0.031147
0.031518
0.031010
0.061028
0.030991
0.031035
0.031373
0.031192
0.040249
0.032830
0.031400
0.031285
0.031136
0.031100
0.031106
0.030964
0.031080
0.031260
0.031186
0.031206
0.030994
0.031086
0.031022
0.061294
0.031296
0.031066
0.031110
0.044085
0.031765
0.030834
0.031019
0.030926
0.031043
0.031177
0.031028
0.030952
0.030264
0.051098
0.031431
0.030189
0.030221
0.030222
0.030415
0.060371
0.030353
0.030228
0.030323
0.030211
0.030223
0.030387
0.030437
0.030360
0.030196
0.030274
0.030228
0.030198
0.030221
0.030218
0.030316
0.038345
0.030477
0.030199
0.030304
0.060640
0.030293
0.030246
0.030242
0.030267
0.030236
0.040163
0.030583
0.030326
0.044637
0.035741
0.033129
0.030298
0.030486
0.030251
0.030310
0.030361
0.030386
0.030282
0.030342
0.060272
0.030337
0.030288
0.030362
0.030480
0.030293
0.030896
0.040421
0.033592
0.030256
0.030200
0.030153
0.030607
0.030465
0.030196
0.030242
0.030179
0.030114
0.040063
0.032072
0.060696
0.030123
0.030219
0.030136
0.030169
0.030567
0.030406
0.030226
0.030129
0.030185
0.030272
0.030133
0.030333
0.030342
0.030205
0.030844
0.037534
0.039853
0.031800
0.043953
0.061955
0.030091
0.030241
0.030097
0.030133
0.030216
0.030171
0.030183
0.030138
0.044868
0.032163
0.030128
0.030167
0.030204
0.030177
0.030149
0.030025
0.030376
0.030177
0.030346
0.060556
0.030111
0.034424
0.030151
0.030297
0.030670
0.030349
0.030329
0.030358
0.030212
0.041750
0.031025
0.030368
0.030288
0.030180
0.030319
0.030268
0.030285
0.030188
0.030186
0.061159
0.033192
0.030387
0.030582
0.030348
0.030441
0.030378
0.030379
0.030286
0.030339
0.030249
0.031069
0.030420
0.030326
0.030316
0.030401
0.030300
0.030298
0.030254
0.030333
0.060928
0.030295
0.039273
0.031290
0.030313
0.030301
0.030261
0.030254
0.030294
0.030291
0.030253
0.030326
0.033885
0.043308
0.030377
0.030585
0.030331
0.030458
0.030465
0.030397
0.060154
0.030410
0.030319
0.030369
0.030805
0.030551
0.030404
0.030415
0.030562
0.030373
0.030369
0.030391
0.030462
0.030456
0.039026
0.030390
0.030526
0.030491
0.030526
0.030401
0.060834
0.030398
0.030364
0.032612
0.040051
0.030355
0.030433
0.038840
0.038766
0.038681
0.042707
0.042855
0.050280
0.059826
0.031151
0.036064
0.030583
0.030417
0.030408
0.030327
0.060171
0.032388
0.033829
0.030795
0.031344
0.031087
0.030461
0.030927
0.030571
0.030477
0.030511
0.030532
0.052053
0.031711
0.031518
0.031423
0.031322
0.031464
0.031285
0.031391
0.061784
0.031449
0.031358
0.030672
0.030583
0.030623
0.030414
0.030571
0.030526
0.030383
0.030460
0.031292
0.030568
0.045676
0.030883
0.030662
0.030625
0.030637
0.030616
0.030618
0.061253
0.030608
0.030893
0.037818
0.031239
0.030630
0.030646
0.030858
0.030574
0.030521
0.030591
0.030673
0.030861
0.030844
0.030676
0.030537
0.030574
0.030592
0.030752
0.031351
0.060612
0.030657
0.030734
0.030797
0.045013
0.035038
0.030689
0.030697
0.031091
0.030734
0.030666
0.030817
0.038136
0.030728
0.056308
0.040790
0.037999
0.031638
0.031584
0.031510
0.061332
0.031447
0.030652
0.031487
0.030680
0.030633
0.030706
0.030787
0.030777
0.030741
0.030679
0.030885
0.030801
0.030621
0.030770
0.039895
0.030622
0.030694
0.030616
0.030787
0.060888
0.030883
0.030825
0.030950
0.038726
0.037616
0.031001
