0.532583
0.030442
0.030284
0.030502
0.030533
0.030520
0.030454
0.030435
0.030414
0.030354
0.030314
0.030144
0.030241
0.030630
0.030282
0.030383
0.053517
0.030556
0.030591
0.030325
0.054102
0.030461
0.030291
0.030417
0.030357
0.030489
0.046810
0.030700
0.030308
0.030473
0.030540
0.030818
0.032279
0.031143
0.030340
0.030476
0.030419
0.030358
0.030473
0.030545
0.060118
0.030444
0.030463
0.030591
0.034858
0.037562
0.030405
0.030453
0.030271
0.030534
0.030469
0.030406
0.030400
0.030386
0.032039
0.041421
0.030426
0.030570
0.030405
0.030384
0.060083
0.030520
0.030538
0.030429
0.030533
0.030621
0.030488
0.030472
0.030523
0.030614
0.031137
0.030653
0.030581
0.030501
0.030500
0.030390
0.039349
0.030946
0.030437
0.030457
0.060834
0.030524
0.030446
0.030465
0.030662
0.030400
0.047580
0.031609
0.030721
0.030634
0.030508
0.030539
0.030474
0.030518
0.030510
0.030354
0.030391
0.030560
0.030288
0.030488
0.059603
0.030353
0.030415
0.030369
0.030549
0.030464
0.030433
0.031260
0.037433
0.030530
0.030477
0.030366
0.030555
0.030408
0.030401
0.030329
0.030401
0.030584
0.049323
0.033312
0.070900
0.030469
0.030673
0.030385
0.030473
0.030571
0.030422
0.030397
0.031036
0.030452
0.030484
0.030385
0.030350
0.030417
0.030554
0.030483
0.030315
0.030597
0.030503
0.030481
0.068824
0.030723
0.039017
0.030434
0.030406
0.030320
0.030470
0.030460
0.030447
0.030747
0.040045
0.033079
0.030477
0.030360
0.030449
0.030618
0.030440
0.030505
0.030608
0.030350
0.060748
0.030432
0.030485
0.030547
0.030536
0.030565
0.030442
0.030433
0.030622
0.030635
0.030540
0.030730
0.056969
0.030935
0.030536
0.030571
0.030713
0.030696
0.030921
0.031585
0.088239
0.038412
0.031227
0.031176
0.031339
0.031230
0.031276
0.031291
0.031202
0.031134
0.031037
0.030483
0.030516
0.030418
0.030247
0.030415
0.030357
0.030364
0.030465
0.030464
0.082412
0.030433
0.030329
0.030417
0.030282
0.030266
0.030401
0.030459
0.030451
0.030249
0.032963
0.039712
0.038748
0.030428
0.030384
0.030368
0.030312
0.030452
0.030406
0.030345
0.060145
0.030395
0.030409
0.030402
0.030534
0.030380
0.030762
0.030580
0.030376
0.030362
0.030549
0.052445
0.031036
0.031042
0.031023
0.031149
0.031041
0.031281
0.031014
0.031023
0.061192
0.030826
0.030426
0.030532
0.030571
0.030570
0.031076
0.031568
0.031428
0.030689
0.031126
0.030573
0.030593
0.030509
0.030497
0.030744
0.030442
0.030685
0.030518
0.030508
0.060045
0.045567
0.030921
0.030583
0.030518
0.030580
0.030442
0.030455
0.030586
0.030428
0.030548
0.030548
0.040434
0.030870
0.030596
0.030700
0.030486
0.030887
0.030601
0.030619
0.060596
0.030639
0.030540
0.030550
0.030613
0.030539
0.030620
0.030568
0.030551
0.030659
0.030560
0.030625
0.030593
0.052321
0.038945
0.031473
0.031466
0.031489
0.031507
0.031437
0.060925
0.031400
0.031490
0.054470
0.031354
0.031398
0.031342
0.031064
0.030454
0.030560
0.030600
0.030653
0.031093
0.030678
0.030619
0.028644
0.030629
0.030701
0.030595
0.030723
0.060520
0.030695
0.030468
0.030526
0.034908
0.037478
0.030690
0.030640
0.030560
0.031001
0.030693
0.030632
0.030536
0.030518
0.030673
0.047669
0.034989
0.030544
0.030396
0.031570
0.060296
0.030397
0.030647
0.030435
0.030589
0.030535
0.030727
0.030449
0.030705
0.030625
0.030639
0.030479
0.030418
0.030551
0.030585
0.030886
0.030913
0.044057
0.030799
0.030689
0.060415
0.030420
0.030668
0.030627
0.030909
0.031044
0.055968
0.029071
0.030980
0.030694
0.030761
0.030662
0.030606
0.030638
0.030580
0.030471
0.030498
0.030431
0.031140
0.031443
0.060514
0.030725
0.030777
0.030538
0.030653
0.030568
0.030604
0.052999
0.030730
0.030537
0.031166
0.030669
0.030584
0.030509
0.030465
0.030545
0.030552
0.030395
0.040257
0.031568
0.060722
0.030597
0.030545
0.030552
0.030506
0.030555
0.030562
0.030918
0.030680
0.030496
0.030457
0.030521
0.030644
0.030499
0.030485
0.030482
0.030488
0.030512
0.030667
0.021830
0.062439
0.030651
0.030483
0.030336
0.030520
0.030626
0.030536
0.030581
0.030674
0.033135
0.040032
0.038971
0.037878
0.030842
0.031075
0.030518
0.030537
0.030369
0.030523
0.030404
0.060481
0.031317
0.030527
0.030447
0.030627
0.030634
0.030768
0.030792
0.028629
0.030638
0.053605
0.031182
0.030648
0.030648
0.030509
0.030667
0.030576
0.030635
0.030680
0.030601
0.061478
0.032844
0.030728
0.030585
0.030556
0.030596
0.030730
0.030919
0.030689
0.031103
0.031103
0.030813
0.030668
0.030708
0.030882
0.030693
0.030858
0.028720
0.030602
0.031065
0.060620
0.030915
0.042962
0.028913
0.030588
0.030540
0.030889
0.030560
0.030697
0.030525
0.030859
0.037434
0.030839
0.030586
0.030610
0.030561
0.034941
0.036951
0.031798
0.030616
0.060279
0.030959
0.030715
0.030957
0.030927
0.031019
0.030969
0.034708
0.041481
0.032047
0.031268
0.054092
0.030735
0.030602
0.030628
0.030595
0.030567
0.030512
0.030416
0.030440
0.060651
0.036760
0.030954
0.030604
0.030516
0.030442
0.031566
0.030733
0.030523
0.031007
0.031027
0.030952
0.031116
0.030992
0.030872
0.031442
0.031271
0.031126
0.031060
0.030908
0.062096
0.031559
0.046041
0.031288
0.031271
0.031937
0.031086
0.031519
0.031067
0.031292
0.051764
0.037420
0.031268
0.031259
0.031318
0.031192
0.031065
0.031416
0.031583
0.031523
0.061670
0.031457
0.031216
0.031394
0.031513
0.031432
0.031487
0.031708
0.032732
0.031725
0.031730
0.038996
0.039232
0.032005
0.030833
0.030534
0.030707
0.030688
0.030735
0.030942
0.058228
0.035559
0.037619
0.030632
0.030579
0.030676
0.030716
0.030623
0.030509
0.030654
0.030565
0.030754
0.030703
0.030767
0.031057
0.030758
0.030912
0.031069
0.030665
0.031158
0.060593
0.031182
0.031530
0.040993
0.035166
0.031294
0.031515
0.030940
0.031319
0.031763
0.031537
0.031733
0.032141
0.039903
0.032288
0.032259
0.033111
0.033224
0.032984
0.032699
0.062966
0.032521
0.032378
0.031856
0.031818
0.031962
0.032012
0.031922
0.032048
0.032339
0.031852
0.032036
0.032111
0.050677
0.033788
0.032499
0.032042
0.031226
0.031426
0.031745
0.062055
0.031697
0.033375
0.039686
0.031732
0.031623
0.031862
0.031545
0.032062
0.032013
0.032109
0.032357
0.032241
0.032402
0.032310
0.032147
0.032053
0.032072
0.032323
0.032730
0.062919
0.032132
0.032969
0.052001
0.036764
0.033092
0.033599
0.033378
0.033516
0.033837
0.033628
0.033368
0.033376
0.051413
0.041543
0.033546
0.034467
0.034166
0.033900
0.034241
0.065009
0.034251
0.034547
0.034727
0.034456
0.034508
0.034572
0.034171
0.031021
0.031113
0.031982
0.031048
0.050180
0.035085
0.030553
0.030565
0.030952
0.030950
0.030891
0.031094
0.061225
0.034415
0.039413
0.030884
0.030479
0.030308
0.030647
0.030267
0.030469
0.030245
0.030476
0.031245
0.030766
0.030365
0.030679
0.030831
0.030764
0.030957
0.030749
0.030674
0.060564
0.030406
0.030570
0.038446
0.036496
0.030752
0.030508
0.030563
0.030686
0.030841
0.030712
0.031117
0.030591
0.030963
0.040822
0.031349
0.030971
0.030808
0.031018
0.030802
0.060432
0.030770
0.030547
0.030691
0.030655
0.030616
0.030544
0.030458
0.030582
0.030359
0.030604
0.030483
0.030827
0.030673
0.030501
0.039664
0.030942
0.031081
0.032772
0.039720
0.073048
0.043112
0.043292
0.054366
0.046858
0.043676
0.036222
0.032049
0.031781
0.031626
0.031457
0.031703
0.031856
0.031276
0.031453
0.031772
0.031667
0.031579
0.031178
0.030939
0.061199
0.030949
0.058274
0.032181
0.031454
0.031845
0.031518
0.031570
0.031647
0.031267
0.031033
0.031035
0.031392
0.039292
0.030761
0.030832
0.030696
0.030360
0.030476
0.030912
0.061592
0.030922
0.030831
0.030682
0.030679
0.030644
0.030663
0.030374
0.030427
0.030652
0.030620
0.030669
0.030460
0.030767
0.050006
0.031195
0.030607
0.030566
0.030311
0.030666
0.060545
0.030578
0.030722
0.030780
0.048618
0.030522
0.030033
0.030114
0.030096
0.030059
0.030013
0.030075
0.029933
0.030150
0.030051
0.030090
0.030125
0.030033
0.030096
0.030319
0.059771
0.030002
0.030154
0.030019
0.030123
0.029979
0.034926
0.033471
0.029883
0.030549
0.030016
0.029972
0.030032
0.030026
0.030031
0.030033
0.029990
0.049839
0.030534
0.030018
0.059356
0.031162
0.031095
0.030711
0.030551
0.030520
0.030933
0.030732
0.030797
0.030356
0.030401
0.030786
0.030537
0.030587
0.030688
0.030899
0.031118
0.030982
0.034190
0.040391
0.070836
0.039463
0.043226
0.044267
0.042311
0.047427
0.054075
0.030151
0.030734
0.030252
0.030025
0.030080
0.030164
0.030172
0.030169
0.030161
0.030314
0.030105
0.030051
0.030068
