0.496959
0.030670
0.030253
0.030547
0.030140
0.029890
0.048453
0.031595
0.031467
0.030767
0.030982
0.031008
0.030930
0.031033
0.030807
0.030040
0.030113
0.036244
0.035498
0.029346
0.041948
0.019943
0.019861
0.030089
0.030239
0.030101
0.030033
0.020115
0.029997
0.030061
0.030107
0.020168
0.020081
0.030016
0.030044
0.029937
0.029357
0.029801
0.029910
0.029958
0.020082
0.022227
0.049569
0.029995
0.045342
0.030051
0.030118
0.030113
0.030036
0.030099
0.045724
0.055944
0.031234
0.031252
0.030863
0.030783
0.046431
0.030791
0.030678
0.030718
0.060295
0.030652
0.030692
0.030551
0.030799
0.030765
0.030759
0.030547
0.030462
0.030074
0.030059
0.050915
0.039065
0.041131
0.039159
0.038397
0.038493
0.044512
0.067893
0.036172
0.059469
0.030058
0.030069
0.030068
0.030005
0.029952
0.030113
0.030042
0.030142
0.030000
0.030119
0.030133
0.029957
0.030084
0.030120
0.030067
0.030143
0.030052
0.030098
0.030018
0.071694
0.030829
0.030075
0.030052
0.030058
0.030683
0.030114
0.030085
0.030033
0.030122
0.048810
0.038423
0.038553
0.038254
0.039757
0.054244
0.029978
0.030009
0.030131
0.030082
0.059637
0.030024
0.030154
0.030085
0.030280
0.030476
0.030180
0.030125
0.030059
0.030292
0.053696
0.030053
0.030065
0.030131
0.030121
0.030029
0.030089
0.030027
0.030072
0.029968
0.060580
0.031453
0.030035
0.029972
0.030029
0.030122
0.030056
0.029996
0.030043
0.029985
0.030056
0.030101
0.030441
0.030255
0.030045
0.030100
0.030138
0.030029
0.030163
0.030088
0.059483
0.030060
0.037014
0.030633
0.029975
0.029924
0.029953
0.030081
0.030022
0.029923
0.030007
0.029998
0.030060
0.033558
0.032974
0.030226
0.030048
0.029971
0.030028
0.030259
0.059359
0.030092
0.030159
0.030042
0.030068
0.030050
0.030057
0.030012
0.030091
0.030067
0.030088
0.029980
0.030073
0.030129
0.057576
0.038441
0.038194
0.038159
0.038496
0.044023
0.064069
0.034303
0.044405
0.034235
0.030050
0.030035
0.030044
0.030017
0.030096
0.030104
0.030130
0.029995
0.030066
0.029974
0.029992
0.029955
0.030028
0.029946
0.030246
0.029994
0.059334
0.030086
0.029980
0.030288
0.037826
0.032029
0.030089
0.030182
0.030012
0.030064
0.030334
0.030167
0.030075
0.030150
0.030113
0.040343
0.030601
0.030188
0.030163
0.030246
0.059668
0.030115
0.030071
0.030054
0.030190
0.030022
0.030077
0.030229
0.030077
0.030167
0.030181
0.030100
0.037802
0.030395
0.030097
0.030291
0.032614
0.039191
0.038363
0.038503
0.068309
0.043667
0.050637
0.030040
0.033338
0.041859
0.039001
0.042456
0.042474
0.042455
0.042408
0.042530
0.067573
0.043122
0.030440
0.030475
0.031010
0.030595
0.030445
0.031908
0.059650
0.030110
0.030212
0.030101
0.030097
0.030097
0.030180
0.030171
