0.504889
0.034297
0.035267
0.030579
0.029991
0.029877
0.030126
0.029917
0.029904
0.034169
0.033041
0.030019
0.029914
0.030077
0.030002
0.029929
0.030012
0.030104
0.030044
0.030030
0.060995
0.030513
0.029990
0.030053
0.030061
0.030007
0.030083
0.029880
0.029907
0.029884
0.029814
0.029926
0.029924
0.029869
0.030217
0.029820
0.029963
0.029871
0.029958
0.029962
0.059460
0.030007
0.036220
0.032368
0.030107
0.030007
0.029873
0.029980
0.029907
0.029997
0.029978
0.029984
0.030039
0.033187
0.033163
0.030106
0.030016
0.030043
0.030050
0.029979
0.059886
0.030083
0.030020
0.029879
0.029956
0.029972
0.029921
0.029937
0.029963
0.029973
0.030079
0.029965
0.030048
0.030001
0.030037
0.052591
0.030395
0.029980
0.029888
0.029923
0.059980
0.030035
0.029962
0.030032
0.029991
0.053721
0.030573
0.030270
0.030015
0.030043
0.030092
0.030136
0.030061
0.030101
0.029983
0.030015
0.030048
0.030062
0.030005
0.030091
0.059546
0.030093
0.030064
0.030025
0.030006
0.029997
0.030118
0.039132
0.030378
0.030082
0.030079
0.029994
0.030073
0.030145
0.030073
0.030327
0.030051
0.030119
0.039199
0.030668
0.059908
0.030212
0.030272
0.030111
0.030030
0.030052
0.030116
0.030111
0.029985
0.029988
0.020058
0.030030
0.030039
0.030192
0.030137
0.020241
0.030956
0.023167
0.020683
0.020213
0.059748
0.030280
0.030192
0.030071
0.030240
0.030313
0.030258
0.030215
0.042029
0.030320
0.030089
0.030115
0.030210
0.030141
0.030249
0.030286
0.030012
0.030075
0.030048
0.020078
0.059800
