0.487293
0.030305
0.030477
0.030326
0.030255
0.030369
0.035825
0.032100
0.030356
0.030783
0.030370
0.030474
0.030329
0.030488
0.030383
0.030472
0.030450
0.030567
0.030477
0.030440
0.054515
0.030303
0.030382
0.030278
0.030419
0.030346
0.030640
0.030256
0.038525
0.030793
0.030516
0.030324
0.030373
0.030327
0.030334
0.030442
0.030336
0.030623
0.030471
0.033568
0.076639
0.033425
0.030388
0.030375
0.030428
0.030322
0.031135
0.030489
0.030390
0.030445
0.030463
0.030390
0.030252
0.030443
0.030328
0.030387
0.030214
0.030451
0.030484
0.030441
0.069066
0.039396
0.039602
0.039071
0.039289
0.043208
0.043102
0.043028
0.065314
0.046559
0.043617
0.031650
0.031576
0.031791
0.031647
0.031480
0.031631
0.031588
0.031621
0.031403
0.061465
0.031654
0.031667
0.031669
0.031681
0.031713
0.032054
0.031823
0.046179
0.031175
0.030987
0.030980
0.030959
0.030792
0.030927
0.030976
0.031064
0.030976
0.031000
0.043840
0.061829
0.031228
0.031118
0.031227
0.031232
0.031271
0.031303
0.031350
0.031801
0.032211
0.032218
0.031665
0.031692
0.031650
0.031857
0.031913
0.031966
0.031984
0.040383
0.064785
0.064123
0.031557
0.031623
0.031346
0.031518
0.031429
0.031440
0.031155
0.031900
0.044552
0.032117
0.032115
0.031709
0.031731
0.031913
0.031862
0.031770
0.031784
0.031983
0.031833
0.062064
0.031865
0.032011
0.031868
0.031959
0.031933
0.031965
0.032102
0.032181
0.058575
0.032601
0.032102
0.032315
0.032195
0.032471
0.032413
0.032205
0.032367
0.032331
0.032020
0.075301
0.031272
0.031389
0.031395
0.031338
0.031460
0.031282
0.031214
0.031613
0.031337
0.031557
0.031291
0.031687
0.031923
0.032486
0.032811
0.033162
0.033278
0.033468
0.033457
0.080132
0.043444
0.034534
0.034310
0.033267
0.033535
0.033724
0.034019
0.034453
0.062024
0.054684
0.034021
0.030168
0.030080
0.029977
0.030434
0.030150
0.030425
0.030457
0.030635
