0.506896
0.031417
0.031338
0.054851
0.040299
0.029122
0.045508
0.066408
0.033143
0.021957
0.022049
0.028987
0.028161
0.037844
0.031745
0.031438
0.031399
0.031732
0.031791
0.031495
0.021586
0.031480
0.021211
0.031249
0.030481
0.020485
0.030466
0.021139
0.031036
0.030965
0.030951
0.030771
0.031080
0.031225
0.032965
0.049063
0.033525
0.032500
0.032097
0.031797
0.060359
0.031705
0.032006
0.032115
0.032298
0.042589
0.032670
0.032073
0.031992
0.032538
0.032166
0.031580
0.031773
0.031581
0.031982
0.031374
0.031256
0.031264
0.031329
0.031431
0.062646
0.031632
0.031593
0.030920
0.030920
0.030652
0.044012
0.021675
0.030464
0.021386
