0.561689
0.031796
0.032388
0.030653
0.030801
0.030688
0.030513
0.030637
0.030699
0.030621
0.030492
0.030388
0.029858
0.029872
0.029829
0.029867
0.029780
0.029798
0.029875
0.031527
0.061680
0.029836
0.029876
0.030015
0.029933
0.019959
0.029853
0.020006
0.019943
0.020001
0.019985
0.020928
0.025678
0.023486
0.020018
0.020023
0.019928
0.029871
0.019877
0.019931
0.019944
0.019891
0.019921
0.020003
0.019979
0.019903
0.029736
0.029905
0.029842
0.029726
0.029846
0.029760
0.029829
0.029678
0.029830
0.029886
0.029772
0.029922
0.043359
0.031289
0.059166
0.029852
0.030148
0.029957
0.030153
0.029813
0.029854
0.029808
0.054393
0.029915
0.029764
0.029799
0.029938
0.029959
0.029833
0.029900
0.029784
0.029789
0.029835
0.029867
0.059558
0.029890
0.029797
0.029824
0.029858
0.029908
0.029721
0.029842
0.029842
0.030252
0.037790
0.030488
0.029795
0.029894
0.029855
0.029856
0.029908
0.019971
0.029886
0.019938
0.060730
0.030348
0.019929
0.029849
0.029954
0.020014
0.020038
0.019932
0.020041
0.019991
0.020053
0.019994
0.019968
0.020031
0.020079
0.020074
0.020019
0.019993
0.019999
0.019974
0.020023
0.020022
0.020043
0.020065
0.020118
0.020102
0.020031
0.019936
0.019943
0.020055
0.025996
0.020831
0.020013
0.019980
0.020000
0.020065
0.020094
0.019987
0.025912
0.019994
0.020069
0.020023
0.020068
0.020003
0.020079
0.024609
0.023213
0.020307
0.019960
0.019921
0.019989
0.020100
0.019974
0.020013
0.019951
0.020041
0.020608
0.020670
0.019956
0.019917
0.020042
0.020029
0.020076
0.020062
0.019995
0.019983
0.019944
0.019977
0.019945
0.019957
0.020023
0.020034
0.019985
0.019922
0.020039
0.020040
0.025207
0.022403
0.019921
0.029806
0.059757
0.029889
0.029778
0.029779
0.029751
0.029779
0.029835
0.043567
0.031044
0.029850
0.029836
0.029875
0.030035
0.019848
0.020013
0.019956
0.019881
0.019918
0.019897
0.019968
0.019973
0.019904
0.029884
0.029752
0.019952
0.029900
0.029871
0.029758
0.029850
0.029798
0.029789
0.029974
0.049872
0.031783
0.030611
0.030615
0.030741
0.030568
0.030728
0.030605
0.060102
0.030599
0.048935
0.030379
0.029893
0.029867
0.029947
0.029942
0.029858
0.029907
0.029853
0.029818
0.029876
0.029635
0.029785
0.019821
0.019751
0.019747
0.019832
0.019830
0.019839
0.019793
0.019716
0.019739
0.019711
0.019824
0.019805
0.019872
0.019849
0.030000
0.020269
0.019756
0.019781
0.019888
0.019860
0.020073
0.019979
0.019785
0.019933
0.019876
0.019815
0.019831
0.019773
0.019751
0.025569
0.020205
0.019793
0.019721
0.019910
0.019795
0.019776
0.019826
0.019714
0.019821
0.019781
0.019740
0.019735
0.019795
0.019876
0.019889
0.019824
0.019783
0.019819
0.029768
0.019889
0.019927
0.019835
0.019894
0.019840
0.019900
0.019835
0.019775
0.019830
0.019852
0.019946
0.025836
0.030471
0.029812
0.029907
0.029746
0.059749
0.029791
0.029791
0.029836
0.029820
0.033412
0.033072
0.029793
0.029931
0.029877
0.029862
0.029934
0.029915
0.029763
0.029772
0.029839
0.029847
0.029847
0.030372
0.030775
0.059810
0.029977
0.029979
0.029927
0.029910
0.029937
0.030203
0.033394
0.030000
0.029957
0.029953
0.029843
0.029872
0.029949
0.029896
0.029975
0.030028
0.048827
0.037653
0.030735
0.060709
0.030657
0.030711
0.030822
0.030739
0.030863
0.030892
0.020287
0.030964
0.020284
0.020198
0.020230
0.020175
0.020220
0.020254
0.020187
0.020230
0.020180
0.020187
0.020235
0.020167
0.020225
0.021839
0.026178
0.022550
0.020167
0.020218
0.020257
0.020174
0.020195
0.020255
0.020190
0.020194
0.020180
0.020184
0.020227
0.020315
0.020206
0.026230
0.026808
0.020124
0.020184
0.020185
0.020156
0.020386
0.020417
0.030942
0.030972
0.031051
0.031096
0.031018
0.030996
0.031048
0.030304
0.030195
0.030170
0.030265
0.030165
0.030221
0.030329
0.059817
0.052533
0.031245
0.030170
0.030101
0.030038
0.029974
0.030115
0.030165
0.030087
0.030134
0.030147
0.044808
0.032176
0.030082
0.029999
0.029976
0.029887
0.029894
0.029913
0.060020
0.029821
0.029819
0.029815
0.029916
0.029872
0.029902
0.029834
0.029827
0.029901
0.029864
0.029868
0.029940
0.039914
0.033717
0.029819
0.029859
0.029988
0.029927
0.029959
0.059511
0.030090
0.029887
0.035473
0.031207
0.030064
0.030032
0.029917
0.029901
0.030011
0.029934
0.029934
0.029992
0.029889
0.030036
0.029937
0.029939
0.029895
0.030008
0.030009
0.059809
0.030966
0.030866
0.029994
0.030214
0.050439
0.030158
0.030029
0.029940
0.030023
0.029962
0.030015
0.029980
0.030161
0.029877
0.029902
0.040264
0.030204
0.030024
0.029981
0.059666
0.029918
0.029924
0.029846
0.029908
0.029997
0.029963
0.030002
0.029981
0.029848
0.029955
0.029912
0.029949
0.030012
0.029934
0.030021
0.030014
0.033168
0.032799
0.030044
0.059969
0.030057
0.029997
0.029904
0.030016
0.029968
0.029946
0.031322
0.032616
0.030010
0.029975
0.029980
0.029898
0.029953
0.029981
0.029876
0.029997
0.030042
0.029981
0.030000
0.059423
0.029930
0.029951
0.030013
0.029945
0.029931
0.029980
0.030034
0.029974
0.037054
0.031620
0.029944
0.029948
0.029995
0.029970
0.029953
0.029973
0.030011
0.030038
0.030041
0.077740
0.038436
0.030367
0.030013
0.029932
0.029977
0.029948
0.029869
0.029860
0.029890
0.030107
0.029859
0.029943
0.029944
0.029914
0.029909
0.029939
0.029872
0.029918
0.029864
0.060282
0.030451
0.029968
0.029913
0.029925
0.029893
0.030041
0.029939
0.029891
0.029873
0.030037
0.047157
0.030385
0.030097
0.029971
0.030026
0.030003
0.030014
0.030099
0.029894
0.059987
0.029945
0.030049
0.030077
0.029931
0.029986
0.030050
0.030006
0.029982
0.030044
0.029951
0.030033
0.030014
0.040617
0.030901
0.030996
0.030173
0.029986
0.030015
0.030041
0.059777
0.029937
0.030037
0.033190
0.032650
0.030066
0.030089
0.030045
0.029971
0.030029
0.029980
0.029963
0.029991
0.030134
0.029988
0.030008
0.030048
0.029969
0.030022
0.029982
0.060056
0.029993
0.030194
0.030084
