0.531915
0.073865
0.030502
0.030408
0.030362
0.030241
0.030352
0.051375
0.038548
0.031213
0.031074
0.031171
0.031241
0.031126
0.031070
0.031309
0.031367
0.031343
0.038335
0.037650
0.064314
0.041952
0.042812
0.042811
0.057344
0.070469
0.030783
0.030761
0.030710
0.030561
0.031667
0.030548
0.030615
0.030724
0.050601
0.038564
0.031141
0.031227
0.031634
0.031250
0.069679
0.039817
0.039662
0.039795
0.039614
0.041194
0.065735
0.034485
0.031419
0.031374
0.031582
0.031500
0.052863
0.031529
0.031334
0.031695
0.031436
0.031449
0.037488
0.039865
0.061833
0.053080
0.031424
0.031057
0.030969
0.030912
0.031018
0.031297
0.032395
0.031312
0.031235
0.031416
0.031308
0.031183
0.030916
0.030874
0.030924
0.030610
0.031039
0.031293
0.061034
0.031229
0.054462
0.031258
0.028598
0.030954
0.031009
0.030861
0.030925
0.031119
0.030816
0.030863
0.031029
0.053926
0.039562
0.039253
0.030570
0.030672
0.030686
0.030635
0.058074
0.030856
0.030884
0.030841
0.030796
0.030424
0.030545
0.030638
0.030648
0.030942
0.030804
0.030960
0.030708
0.031238
0.034681
0.030816
0.030885
0.031156
0.030632
0.030742
0.061354
0.030742
0.030604
0.031213
0.043499
0.030608
0.030673
0.030675
0.030509
0.030489
0.030496
0.030436
0.030638
0.030746
0.030493
0.030493
0.030434
0.030472
0.030573
0.030683
0.059914
0.030863
0.030718
0.030478
0.030427
0.049225
0.030882
0.030435
0.030409
0.030427
0.030423
0.030432
0.030362
0.030514
0.030525
0.047435
0.033812
0.030590
0.030557
0.030434
0.060286
0.030509
0.030427
0.030435
0.030560
0.030639
0.030463
0.030425
0.030485
0.030470
0.030282
0.030362
0.030584
0.030365
0.030429
0.030435
0.030320
0.040094
0.030840
0.030430
0.060112
0.030437
0.030466
0.030360
0.030478
0.030374
0.030317
0.042542
0.035589
0.031090
0.030598
0.030421
0.030427
0.030468
0.030414
0.030404
0.030337
0.030391
0.030391
0.030330
0.060144
0.030402
0.030366
0.030224
0.030373
0.030438
0.030475
0.030411
0.031252
0.040375
0.039397
0.039119
0.038941
0.041595
0.042764
0.042916
0.043468
0.074470
0.047518
0.032271
0.070705
0.040792
0.043653
0.043732
0.054966
0.058734
0.031436
0.031503
0.031392
0.031322
0.031238
0.031438
0.031392
0.046300
0.040808
0.039865
0.040071
0.040110
0.044354
0.060816
0.094326
0.044220
0.045821
0.031432
0.031448
0.031331
0.031403
0.031366
0.031574
0.031134
0.031108
0.031285
0.031948
0.031426
0.031675
0.031444
0.031328
0.031225
0.031487
0.031248
0.066806
0.031263
0.031193
0.031145
0.031244
0.031300
0.031338
0.031333
0.031454
0.031009
0.032559
0.033421
0.031352
0.031350
0.031434
0.031379
0.031349
0.031581
0.031504
0.031371
0.061571
0.031557
0.031847
0.031662
0.032081
0.031784
0.031711
0.031583
0.031470
0.031685
0.031399
0.050149
0.036527
0.031618
0.031736
0.031566
0.031470
0.031860
0.031764
0.031305
0.060823
0.044669
0.039572
0.032099
0.031769
0.031821
0.033597
0.041413
0.033205
0.031879
0.031541
0.031377
0.031743
0.031681
0.031599
0.032058
0.031768
0.031734
0.032068
0.031172
0.060881
0.055126
0.032099
0.031875
0.031844
0.031924
0.032013
0.031927
0.032214
0.031969
0.031822
0.056571
0.031721
0.031131
0.031391
0.031051
0.030951
0.031135
0.031025
0.031129
0.060429
0.031323
0.031007
0.031000
0.030992
0.031023
0.030987
0.030997
0.031117
0.031057
0.031007
0.030882
0.057781
0.031139
0.031152
0.031733
0.031848
0.031852
0.031730
0.031777
0.061585
0.031634
0.043464
0.032073
0.031172
0.031722
0.031383
0.031332
0.031523
0.031348
0.031629
0.031451
0.031788
0.031198
0.031524
0.031287
0.031635
0.031756
0.031252
0.031524
0.061087
0.031596
0.034564
0.034486
0.031147
0.031527
0.031173
0.031257
0.051094
0.058665
0.040383
0.064704
0.040210
0.040274
0.046830
0.031036
0.031427
0.031240
0.031251
0.031075
0.060817
0.031119
0.031294
0.031154
0.031205
0.030981
0.031145
0.031128
0.031083
0.031632
0.031234
0.056350
0.039985
0.040057
0.039709
0.043787
0.043897
0.043834
0.043809
0.046431
0.062548
0.031437
0.031375
0.031305
0.031424
0.031467
0.031265
0.031099
0.038683
0.041004
0.041092
0.040504
0.040124
0.044197
0.047987
0.034935
0.053852
0.040341
0.032526
0.032454
0.061822
0.032393
0.032243
0.031948
0.031492
0.047941
0.038737
0.031322
0.031596
0.046369
0.046582
0.031198
0.031271
0.047459
0.031323
0.031228
