0.472720
0.030445
0.030371
0.029948
0.029833
0.029994
0.029973
0.033044
0.038823
0.037943
0.037901
0.037995
0.048355
0.048549
0.030859
0.031830
0.036602
0.032947
0.042056
0.029880
0.053590
0.029878
0.029906
0.029837
0.029848
0.029831
0.029928
0.029849
0.029781
0.029884
0.019884
0.020026
0.019995
0.019995
0.019848
0.019972
0.020099
0.020010
0.019955
0.019928
0.019974
0.040555
0.030466
0.029790
0.029903
0.019930
0.020026
0.019969
0.019876
0.024138
0.025897
0.025806
0.025889
0.063830
0.039156
0.044317
0.049715
0.019938
0.030622
0.030650
0.084830
0.030676
0.030622
0.030780
0.030809
0.030643
0.030559
0.032701
0.026399
0.037344
0.020150
0.030769
0.055593
0.039064
0.030869
0.030729
0.030741
0.030666
0.030569
0.030813
0.060496
0.050017
0.030293
0.029903
0.029808
0.030022
0.029931
0.029858
0.029848
0.029834
0.029874
0.029884
0.029910
0.029857
0.029789
0.019937
0.020384
0.019889
0.019956
0.019987
0.019851
0.020025
0.019928
