0.457689
0.030488
0.043651
0.030023
0.029969
0.029996
0.030070
0.029921
0.029978
0.030013
0.029971
0.029982
0.029915
0.042174
0.033809
0.030349
0.029970
0.029998
0.029991
0.029961
0.053822
0.029994
0.030007
0.029988
0.029888
0.029971
0.029985
0.029989
0.029927
0.029867
0.029883
0.029997
0.030006
0.029901
0.040977
0.032599
0.030125
0.030073
0.030058
0.030109
0.059705
0.030342
0.030343
0.029969
0.037833
0.033644
0.030055
0.030072
0.029953
0.029999
0.030120
0.030067
0.030052
0.030072
0.029982
0.030089
0.030086
0.030026
0.030024
0.029962
0.059846
0.030050
0.030025
0.030067
0.029961
0.042487
0.036072
0.030078
0.030859
0.029989
0.030071
0.020121
0.020097
0.019999
0.019969
0.020150
0.020059
0.020031
0.028300
0.020650
0.020557
0.020512
0.020442
0.030432
0.020477
0.030511
0.030522
0.030647
0.030741
0.030662
0.030976
0.030215
0.030156
0.030027
0.030025
0.029969
0.030022
0.030009
0.030088
0.030162
0.059883
0.039108
0.038211
0.038266
0.038034
0.030097
0.030018
0.030164
0.030039
0.029978
0.056835
0.030432
0.030052
0.030085
0.030095
0.029971
0.030050
0.030009
0.030129
0.030062
0.059894
0.030060
0.030079
0.029998
0.029874
0.029994
0.029901
0.029953
0.029902
0.029965
0.029773
0.042910
0.030283
0.029949
0.029927
0.029977
0.029889
0.029881
0.029964
0.029958
0.059864
0.034756
0.032970
0.029999
0.030011
0.029944
0.030066
0.029984
0.030028
0.030081
0.029963
0.029876
0.029903
0.029985
0.029960
0.029961
0.030005
0.029963
0.030073
0.029979
0.059462
0.029893
0.030934
0.032609
0.029896
0.030028
0.020110
0.020025
0.019936
0.020020
0.020023
0.020011
0.019941
0.020051
0.019942
0.019995
0.023252
0.026381
0.026017
0.020612
0.020017
0.019987
0.020045
0.020001
0.020152
0.020046
0.019996
0.019973
0.019975
0.020031
0.019989
0.019999
0.019954
0.019979
0.020002
0.020067
0.020046
0.020024
0.019984
0.020020
0.019955
0.020029
0.020048
0.019971
0.020058
0.019970
0.035340
0.026254
0.026035
0.026069
0.025946
0.026351
0.030795
0.020003
0.020022
0.020069
0.020138
0.019956
0.019979
0.026190
0.025290
0.019923
0.020790
0.019986
0.020029
0.020006
0.020049
0.020004
0.019994
0.020045
0.020014
0.020015
0.020054
0.019993
0.020027
0.020029
