0.455562
0.029916
0.029809
0.047717
0.029872
0.029853
0.029822
0.029758
0.029797
0.029841
0.029778
0.029796
0.029748
0.029965
0.042483
0.030480
0.029898
0.029945
0.029814
0.029886
0.053611
0.029812
0.029895
0.029778
0.029815
0.029719
0.029957
0.029861
0.029855
0.029807
0.029856
0.029804
0.029796
0.029793
0.029829
0.029810
0.046549
0.030560
0.029837
0.029886
0.059378
0.029868
0.029753
0.029971
0.029818
0.029911
0.029776
0.039966
0.031804
0.029878
0.029876
0.029845
0.029874
0.029758
0.029889
0.029772
0.029834
0.029832
0.029908
0.029798
0.059435
0.029820
0.030010
0.029753
0.029889
0.029835
0.029827
0.029759
0.029794
0.056456
0.031377
0.029762
0.029864
0.029801
0.029670
0.029779
0.029773
0.029857
0.039158
0.029795
0.059196
0.029831
0.029750
0.029890
0.029820
0.029774
0.029822
0.029809
0.029919
0.029784
0.029882
0.029800
0.030138
0.030713
0.030562
0.030285
0.030012
0.029812
0.029891
0.056988
0.060843
0.030887
0.030604
0.030663
0.030649
0.030637
0.030461
0.030487
0.030581
0.062617
0.038009
0.037846
0.030951
0.029783
0.029895
0.029740
0.029820
0.029752
0.029881
0.029636
0.059316
0.029936
0.029794
0.029821
0.029811
0.029824
0.029851
0.029851
0.030026
0.029960
0.034899
0.032889
0.029843
0.029840
0.029861
0.029818
0.029876
0.029801
0.029768
0.029899
0.059677
0.039046
0.030794
0.029876
0.029860
0.029836
0.029965
0.029853
0.030078
0.029897
0.030028
0.029974
0.030003
0.029875
0.029904
0.029937
0.044963
0.029784
0.029876
0.029860
0.029144
0.045017
0.045872
0.047939
0.045123
0.045583
0.029850
0.029890
0.029712
0.029823
0.045132
0.030372
0.039153
0.037986
0.053439
0.041370
0.042097
0.049325
0.067509
0.061475
0.060408
0.030256
0.030018
0.030005
0.030052
0.030092
0.029989
0.029854
0.045984
0.036463
0.029840
0.029780
0.029824
0.029848
0.029886
0.030168
0.029882
0.030024
0.029921
0.058253
0.059972
0.029977
0.029788
0.029828
0.029818
0.029990
0.029909
0.029887
0.029850
0.029914
0.029772
0.029797
0.029723
0.029766
0.029837
0.029863
0.029986
0.029820
0.029875
0.032510
0.070666
0.037939
0.030721
0.030742
0.030604
0.030554
0.030656
0.030961
0.030764
0.030793
0.030620
0.053481
0.033809
0.030791
0.030643
0.030592
0.030664
0.029798
0.029953
0.029913
0.059777
0.030162
0.029846
0.029959
0.029798
0.029991
0.029828
0.029928
0.030045
0.030065
0.029899
0.029828
0.029851
0.049644
0.030118
0.029894
0.030058
0.029801
0.029995
0.029943
0.059904
0.029900
0.029924
0.033145
0.032904
0.029891
0.029953
0.029898
0.029864
0.029810
0.029968
0.029863
0.030034
0.029895
0.029992
0.029843
0.030150
0.029754
0.030171
0.029838
0.059505
0.029950
0.029968
0.029992
0.030051
0.049443
0.030458
0.030002
0.029970
0.029947
0.030091
0.029916
0.029929
0.030013
0.030092
0.029879
0.034081
0.032998
0.029904
0.030040
0.059824
0.030023
0.030159
0.030107
0.030094
0.029953
0.029922
0.030101
0.030743
0.030163
0.030001
0.029948
0.029914
0.030014
0.029896
0.029925
0.029832
0.030023
0.031300
0.033058
0.059220
0.029985
0.029991
0.030153
0.030021
0.029950
0.030005
0.029968
0.029995
0.040626
0.031154
0.029961
0.030082
0.029916
0.030060
0.029922
0.029995
0.029819
0.030066
0.029921
0.059667
0.029937
0.029923
0.029901
0.029962
0.029956
0.029912
0.029901
0.030014
0.030025
0.029927
0.054814
0.030938
0.029959
0.030831
0.034411
0.037691
0.037655
0.037272
0.037381
0.060829
0.034089
0.030827
0.030788
0.030887
0.046402
0.046745
0.030837
0.030843
0.030818
0.030804
0.031314
0.031019
0.031034
0.030988
0.030989
0.030988
0.030772
0.030823
0.030840
0.060938
0.050574
0.033846
0.030121
0.030029
0.030030
0.030046
0.029866
0.029895
0.029933
0.029844
0.029955
0.050836
0.038045
0.038375
0.038200
0.038258
0.038752
0.042087
0.053896
0.092111
0.030113
0.029883
0.030098
0.029922
0.030290
0.030322
0.029969
0.030066
0.029986
0.051692
0.030997
0.029958
0.029814
0.029966
0.029990
0.029869
0.029942
0.029996
0.029896
0.060115
0.038922
0.038089
0.038155
0.038122
0.038633
0.042068
0.041935
0.042133
0.042269
0.042098
0.042066
0.042150
0.050284
0.068246
0.053741
0.057753
0.038912
0.030342
0.030287
0.059967
0.030144
0.030034
0.029984
0.029888
0.029951
0.057209
0.037549
0.030783
0.030828
0.030810
0.030841
0.031073
0.030833
0.030867
0.030809
0.030985
0.031565
0.030914
0.030988
0.060100
0.030975
0.030735
0.030848
0.030794
0.030717
0.030762
0.055145
0.031160
0.030821
0.030756
0.030865
0.031036
0.030737
0.030822
0.031063
0.030919
0.030950
0.041969
0.038275
0.068033
0.037991
0.038291
0.049384
0.048341
0.030440
0.032622
0.030042
0.030169
0.030073
0.030164
0.030022
0.030106
0.030006
0.030127
0.030121
0.030039
0.041726
0.030571
0.029914
0.060824
0.030130
0.030480
0.030272
0.030184
0.030096
0.030119
0.050201
0.038706
0.038264
0.038141
0.037157
0.030033
0.030095
0.030047
0.030023
0.030083
0.030021
0.030052
0.030319
0.059528
0.029979
0.029999
0.029973
0.030014
0.030067
0.030020
0.030113
0.062107
0.030202
0.030106
0.030031
0.030085
0.030095
0.030163
0.030076
0.030074
0.030042
0.030103
0.033015
0.059785
0.030130
0.030044
0.030063
0.030075
0.030192
0.030252
0.030665
0.030184
0.030287
0.030328
0.030220
0.030360
0.030346
0.030286
0.038657
0.038749
0.038893
0.039633
0.068822
0.062289
0.030321
0.030885
0.030416
0.030313
0.030165
0.030144
0.045186
0.032906
0.040009
0.031451
0.046346
0.030824
0.030845
0.030755
0.030736
0.030804
0.030749
0.030738
0.030976
0.060807
0.030885
0.030779
0.030720
0.030828
0.030756
0.030391
0.029935
0.030035
0.030111
0.042742
0.030128
0.030018
0.029976
0.030038
0.029943
0.029984
0.029927
0.030070
0.029971
0.060662
0.037368
0.031214
0.036492
0.038672
0.030863
0.031166
0.030773
0.030891
0.030836
0.030787
0.030791
0.031002
0.030246
0.030064
0.029975
0.030452
0.030044
0.030025
0.029993
0.059953
0.030008
0.041522
0.031748
0.030217
0.030293
0.029965
0.030181
0.029961
0.030061
0.030098
0.029994
0.030020
0.044567
0.033686
0.030826
0.030053
0.030148
0.030117
0.030093
0.059751
0.030035
0.030049
0.030088
0.029981
0.030122
0.030134
0.030061
0.030014
0.030079
0.030138
0.030229
0.030029
0.030045
0.030084
0.044188
0.034179
0.030065
0.030065
0.030214
0.060328
0.030089
0.029984
0.029896
0.030380
0.040308
0.038103
0.038177
0.038247
0.056849
0.055108
0.029997
0.033017
0.030261
0.030009
0.030150
0.030131
0.029943
0.030197
0.030038
0.059727
0.029924
0.030017
0.030026
0.036669
0.036777
0.048810
0.039982
0.039108
0.029932
0.030032
0.030040
0.030021
0.029991
0.045040
0.034025
0.030109
0.029999
0.030117
0.029981
0.060075
0.030096
0.030156
0.030039
0.030274
0.030081
0.030079
0.030166
0.030127
0.030122
0.030313
0.030127
0.030052
0.030054
0.030149
0.030219
0.051684
0.030422
0.030164
0.030151
0.060406
0.030172
0.030164
0.030177
0.030112
0.030767
0.037033
0.030343
0.030147
0.030003
0.030177
0.029974
0.030030
0.029952
0.030784
0.031161
0.030337
0.030036
0.030180
0.030069
0.060159
0.030118
0.030123
0.030093
0.030132
0.029953
0.029986
0.030073
0.039062
0.030242
0.030168
0.030168
0.030110
0.030046
0.030148
0.030095
0.030082
0.030089
0.030212
0.036652
0.061368
0.030070
0.029980
0.030072
0.030427
0.030088
0.030064
0.030002
0.030091
0.030072
0.030037
0.030374
0.030174
0.029999
0.030381
0.030160
0.030065
0.030097
0.030198
0.030090
0.061635
0.037186
0.030164
0.030241
0.030170
0.030254
0.030013
0.030026
0.030169
0.030163
0.030131
0.031296
0.040104
0.038383
0.038363
0.038178
0.038538
0.042370
0.042293
0.042120
0.100269
0.044946
0.030420
0.030401
0.030442
0.030364
0.030437
0.030381
0.030164
0.052060
0.030641
0.030026
0.030183
0.030213
0.030182
0.030301
0.030272
0.030105
0.030027
0.030144
0.064388
0.030772
0.030168
0.030197
0.030758
0.030159
0.030101
0.030141
0.030089
0.030153
0.030183
0.030051
0.030029
0.030068
0.030050
0.030076
0.030279
0.030112
0.030120
0.030099
0.060005
0.030143
0.042823
0.030786
0.030335
0.030228
0.030333
0.030287
0.030311
0.030190
0.030138
0.030268
0.032892
0.036997
0.030114
0.030103
0.030107
0.030225
0.030111
0.030139
0.060207
0.030085
0.030323
0.030129
0.030164
0.030967
0.031125
0.030717
0.030625
0.030265
0.030174
0.030113
0.030317
0.030279
0.056719
0.037563
0.030234
0.030165
0.031253
0.030217
0.060155
0.030281
0.030209
0.030181
0.056743
0.030286
0.030500
0.030348
0.030357
0.030092
0.030198
0.030137
0.030218
0.030226
0.030258
0.030344
0.030303
0.030294
0.030141
0.030417
0.060091
0.030243
0.050708
0.038915
0.038463
0.038323
0.038318
0.039598
0.031850
0.030093
0.030010
0.030203
0.043622
0.030536
0.030060
0.030073
0.030085
0.030264
0.030320
0.030151
0.059849
0.030098
0.030083
0.030021
0.030102
0.030375
0.030094
0.030226
0.030095
0.030071
0.030179
0.030083
0.030110
0.030057
0.042299
0.030552
0.030162
0.030191
0.030242
0.030324
0.060443
0.030128
0.030025
0.030157
0.033376
0.039360
0.038390
0.038575
0.046486
0.050399
0.030086
0.029999
0.030155
0.030118
0.030132
0.030110
0.030055
0.030071
0.030098
0.030164
0.059935
0.030164
0.030237
0.030255
0.058434
0.030581
0.030148
0.030287
0.030217
0.030334
0.030344
0.030313
0.030169
0.030228
0.030328
0.051304
0.031205
0.030193
0.030161
0.030216
0.060188
0.030274
0.030153
0.030187
0.030306
0.030160
0.030288
0.030185
0.030207
0.030204
0.030297
0.030224
0.030219
0.030189
0.031271
0.031227
0.030205
0.042799
0.031378
0.030133
0.059964
0.030108
0.030403
0.030205
0.030182
0.030127
0.030183
0.033394
0.033189
0.030249
0.030299
0.030352
0.030285
0.030433
0.030393
0.030246
0.030190
0.030289
0.030231
0.030180
0.060377
0.030094
0.030170
0.030093
0.030236
0.030342
0.030051
0.030226
0.030266
0.044874
0.030949
0.030228
0.030301
0.030421
0.030251
0.030355
0.030466
0.030316
0.030378
0.030385
0.083735
0.030379
0.030415
0.030374
0.030346
0.030300
0.030299
0.030263
0.030342
0.030213
0.030476
0.031133
0.031113
0.030416
0.030506
0.030551
0.030516
0.030495
0.030413
0.030489
0.060552
0.051493
0.030710
0.030735
0.030538
0.030313
0.030395
0.030309
0.030376
0.030437
0.030426
0.030447
0.040665
0.031618
0.030495
0.030595
0.030409
0.030578
0.030602
0.030645
0.060055
0.030386
0.030473
0.030338
0.030451
0.030349
0.030471
0.030431
0.030576
0.030625
0.030373
0.030372
0.030432
0.031030
0.044099
0.030665
0.030615
0.030560
0.030666
0.030610
0.060761
0.030514
0.030379
0.030453
0.054685
0.039095
0.038824
0.038718
0.042688
0.042819
0.042784
0.042754
0.043159
0.042865
0.042872
0.042823
0.042772
0.042814
0.042881
0.042670
0.107985
0.033894
0.031605
0.030761
0.039422
0.039183
0.038886
0.041057
0.072939
0.032981
0.030517
0.030505
0.030598
0.030606
0.030549
0.030607
0.030605
0.030577
0.030476
0.030488
0.060514
0.030648
0.030829
0.030706
0.030552
0.030600
0.030504
0.030614
0.030532
0.050941
0.036557
0.030460
0.030465
0.030625
0.030447
0.030704
0.030659
0.030526
0.030561
0.030689
0.075780
0.037741
0.030568
0.030528
0.030595
0.030563
0.030810
0.030702
0.030759
0.030543
0.040343
0.034908
0.030557
0.030496
0.030477
0.030689
0.030429
0.030570
0.030523
0.030666
0.061616
0.032581
0.030530
0.030469
0.031281
0.030487
0.030744
0.030575
0.030571
0.030616
0.030506
0.042316
0.039781
0.038866
0.030747
0.030531
0.030499
0.030586
0.030482
0.030571
0.060502
0.030693
0.030495
0.030338
0.030562
0.030496
0.030630
0.030616
0.030747
0.030535
0.030594
0.030607
0.047340
0.039863
0.034077
0.030795
0.030696
0.030720
0.030551
0.030699
0.060865
0.030685
0.059534
0.039316
0.037379
0.030592
0.030901
0.030670
0.030642
0.030639
0.030681
0.030711
0.030704
0.030750
0.030698
0.030572
0.030744
0.030686
0.030707
0.030777
0.060605
0.030720
0.030593
0.053144
0.030936
0.030910
0.030783
0.030642
0.030581
0.030624
0.031212
0.031769
0.031281
0.035219
0.041661
0.038761
0.031618
0.031518
0.031583
0.031608
0.061697
0.031476
0.031435
0.031495
0.030839
0.030661
0.030757
0.030589
0.030755
0.030826
0.030619
0.030879
0.030756
0.030648
0.030716
0.053461
0.031061
0.030740
0.030651
0.030976
0.060808
0.030625
0.030595
0.030646
0.030632
0.040783
0.030820
0.028672
0.030690
0.030781
0.030953
0.030739
0.030917
0.030808
0.031014
0.030873
0.030742
0.030669
0.028738
0.030904
0.060872
0.028678
0.030855
0.030663
0.030838
0.028691
0.030953
0.038560
0.030714
0.030673
0.030638
0.030608
0.030811
0.030935
0.030963
0.030915
0.031301
0.031003
0.037779
0.031479
0.060810
0.030681
0.030646
0.030725
0.030818
0.030727
0.031069
0.030965
0.030927
0.030833
0.030966
0.030807
0.030642
0.031008
0.031209
0.031071
0.030824
0.030835
0.030944
0.031949
0.073792
0.030986
0.031023
0.030977
0.030964
0.030931
0.030892
0.031066
0.031096
0.030901
0.039297
0.031141
0.031143
0.031019
0.031026
0.030925
0.030973
0.030866
0.030906
0.030946
0.061235
0.031108
0.028789
0.030766
0.028763
0.030941
0.031169
0.030905
0.030713
0.030773
0.031097
0.033013
0.036740
0.031018
0.031011
0.031008
0.031008
0.031018
0.031129
0.031094
0.061438
0.030755
0.042326
0.039854
0.040785
0.039606
0.031196
0.030946
0.031012
0.030981
0.030927
0.030930
0.031330
0.031097
0.031020
0.031075
0.031574
0.031072
0.031136
0.031252
0.060932
0.031106
0.058011
0.031384
0.031045
0.031100
0.031212
0.031129
0.031067
0.030999
0.031076
0.031214
0.031483
0.054282
0.039982
0.039943
0.039706
0.031168
0.032850
0.031532
0.061143
0.031238
0.031257
0.031400
0.031209
0.031267
0.031229
0.031279
0.031226
0.031202
0.031523
0.031395
0.031394
0.053814
0.031414
0.033077
0.031279
0.031538
0.031167
0.030926
0.060877
0.031101
0.031344
0.039981
0.031651
0.031173
0.031209
0.031270
0.031266
0.031474
0.031323
0.031459
0.031240
0.031218
0.031472
0.031419
0.031293
0.031356
0.031247
0.031205
0.061295
0.031166
0.031214
0.031242
0.034631
0.034618
0.031166
0.031186
0.031344
0.031288
0.031356
0.031381
0.031302
0.031760
0.031303
0.041453
0.031671
0.031259
0.031503
0.031485
0.061372
0.031692
0.031782
0.031723
0.031690
0.031474
0.031444
0.031411
0.031477
0.031667
0.031566
0.031600
0.031583
0.031570
0.031709
0.031867
0.050925
0.041163
0.040760
0.040953
0.071827
0.045060
0.045253
0.051070
0.055613
0.032122
0.031844
0.031545
0.031678
0.032598
0.033072
0.032188
0.032153
0.035950
0.035964
0.044839
0.045051
0.054048
0.064520
0.032849
0.063474
0.039991
0.031977
0.031925
0.031719
0.031575
0.031686
0.031719
0.031756
0.031641
