0.449003
0.036419
0.030456
0.028455
0.030562
0.030721
0.030634
0.033724
0.033238
0.030918
0.030906
0.030832
0.030877
0.030892
0.030863
0.030753
0.030848
0.030951
0.041721
0.034858
0.054344
0.030638
0.030615
0.030849
0.030559
0.030755
0.030387
0.030518
0.028585
0.030580
0.030844
0.030955
0.030649
0.030591
0.030820
0.030846
0.030889
0.030646
0.030718
0.054663
0.060533
0.030725
0.030746
0.030858
0.030915
0.030823
0.030771
0.030836
0.030826
0.039052
0.031161
0.030493
0.030561
0.030581
0.030499
0.030448
0.030431
0.030683
0.030532
0.030429
0.060080
0.030410
0.030612
0.030507
0.030430
0.030569
0.030432
0.030512
0.030349
0.030337
0.033649
0.033650
0.030460
0.030534
0.030547
0.030372
0.030406
0.030427
0.030411
0.030540
0.062871
0.039683
0.030687
0.030669
0.030385
0.030771
0.030720
0.030662
0.030461
0.030453
0.030490
0.030499
0.030602
0.030758
0.030401
0.030455
0.030600
0.030602
0.030453
0.028612
0.060467
0.038362
0.030749
0.030533
0.030527
0.030537
0.030811
0.030446
0.030739
0.031520
0.030718
0.031176
0.035373
0.030951
0.030941
0.030969
0.030972
0.030852
0.030740
0.030602
0.060155
0.030514
0.030453
0.030371
0.030443
0.030649
0.030470
0.030696
0.030528
0.030426
0.030502
0.030571
0.033103
0.034212
0.030564
0.030648
0.030448
0.030190
0.030320
0.030453
0.060106
0.030478
0.032403
0.039843
0.038850
0.030373
0.030410
0.030396
0.030350
0.030271
0.030132
0.030169
0.030065
0.020286
0.020232
0.020306
0.020303
0.020363
0.030128
0.030045
0.060086
0.030183
0.030407
0.030181
0.030269
0.039226
0.030462
0.030873
0.030294
0.030410
0.030343
0.030346
0.030290
0.030299
0.030171
0.051737
0.030606
0.030236
0.030444
0.030282
0.059659
0.030232
0.030350
0.030226
0.030320
0.030168
0.030236
0.030280
0.030664
0.030433
0.030374
0.030459
0.030563
0.030435
0.030512
0.030375
0.046946
0.049285
0.030566
0.030577
0.060883
0.030451
0.030401
0.045637
0.030467
0.054205
0.030928
0.030394
0.030628
0.033827
0.040531
0.032090
0.030571
0.030578
0.030836
0.030860
0.030654
0.030476
0.030367
0.030334
0.060255
0.030490
0.030414
0.030357
0.035896
0.031551
0.030309
0.030377
0.030398
0.030330
0.030351
0.030382
0.030438
0.045913
0.054750
0.030828
0.030584
0.030366
0.030357
0.030294
0.059918
0.030183
0.030215
0.030239
0.030257
0.030285
0.030274
0.030444
0.030468
0.030306
0.020169
0.030205
0.020136
0.020076
0.020159
0.020100
0.020092
0.020904
0.026037
0.020338
0.020122
0.020123
0.020129
0.020136
0.036304
0.025777
0.020273
0.020710
0.020268
0.020252
0.020198
0.020071
0.026548
0.020636
0.030340
0.020279
0.020209
0.020174
0.020224
0.020220
0.020239
0.020205
0.020261
0.020222
0.020262
0.020197
0.020161
0.020186
0.020212
0.020199
0.020122
0.020278
0.020210
0.020196
0.020227
0.030170
0.030188
0.030407
0.020529
0.020500
0.020472
0.024440
0.023765
0.020582
0.020464
0.020442
0.020477
0.020374
0.020478
0.020555
0.020522
0.020484
0.020502
0.020515
0.020372
0.020385
0.022699
0.031343
0.023740
0.020524
0.020511
0.020516
0.020454
0.020453
0.020432
0.020428
0.020538
0.020530
0.020571
0.020461
0.020545
0.020442
0.020519
0.020487
0.020504
0.020449
0.020402
0.020514
0.020510
0.020609
0.020502
0.020544
0.020431
0.020542
0.020392
0.037574
0.023071
0.020519
0.020435
0.020530
0.020409
0.020471
0.020575
0.020512
0.020416
0.020480
0.020477
0.022825
0.021811
0.020417
0.020489
0.020491
0.020542
0.020461
0.020520
0.020502
0.020455
0.020487
0.020467
0.020511
0.021031
0.027762
0.026804
0.027028
0.027013
0.026919
0.026664
