0.477741
0.031397
0.031276
0.031062
0.030926
0.030909
0.030761
0.030902
0.030855
0.030886
0.030761
0.030802
0.030772
0.030898
0.030844
0.030631
0.030696
0.030895
0.030862
0.030907
0.055046
0.040738
0.039740
0.031413
0.030984
0.030659
0.030853
0.030785
0.031013
0.030936
0.030638
0.037249
0.032622
0.030499
0.039283
0.039027
0.039144
0.049413
0.043742
0.055954
0.088984
0.040210
0.031018
0.030930
0.030846
0.030700
0.030763
0.030791
0.030897
0.045030
0.030719
0.030548
0.030708
0.030753
0.030544
0.030522
0.028705
0.030894
0.030691
0.052278
0.065348
0.030620
0.030731
0.030567
0.030556
0.030625
0.030721
0.030495
0.030487
0.030581
0.031194
0.031430
0.030765
0.030531
0.030549
0.030513
0.030492
0.030586
0.030588
0.030551
0.082729
0.030623
0.030416
0.030470
0.030458
0.030354
0.030461
0.030481
0.030301
0.030451
0.033751
0.033513
0.030566
0.030449
0.030512
0.030573
0.030462
0.030497
0.030670
0.030613
0.060208
0.030451
0.030386
0.030477
0.030248
0.030470
0.030276
0.030385
0.030439
0.030437
0.030425
0.030514
0.034236
0.033150
0.030684
0.030677
0.030604
0.030647
0.030549
0.030371
0.060416
0.030352
0.031750
0.036383
0.030713
0.030482
0.030453
0.030503
0.030364
0.030422
0.030435
0.030451
0.030390
0.030609
0.030603
0.030757
0.030494
0.030446
0.030411
0.030544
0.059978
0.030409
0.030371
0.030351
0.039801
0.030747
0.030455
0.030365
0.030323
0.030303
0.030350
0.030338
0.030400
0.030383
0.030554
0.035515
0.034050
0.030425
0.030400
0.030498
0.060330
0.038941
0.030320
0.030443
0.030306
0.030384
0.030428
0.030334
0.030352
0.030433
0.030351
0.030331
0.030464
0.030404
0.030414
0.030337
0.030217
0.038878
0.031241
0.030208
0.059661
0.030419
0.030207
0.030235
0.030281
0.030186
0.030389
0.052793
0.030755
0.030463
0.030474
0.030365
0.030329
0.030306
0.030371
0.030221
0.030498
0.030272
0.030316
0.030311
0.060327
0.030245
0.030248
0.030208
0.030696
0.031201
0.030633
0.030477
0.030401
0.043343
0.030658
0.030360
0.030272
0.030350
0.030570
0.030337
0.030436
0.030293
0.032523
0.033532
0.059845
0.030333
0.030240
0.030250
0.030420
0.030284
0.030417
0.030259
0.030409
0.030303
0.030294
0.030379
0.030138
0.030559
0.030474
0.030406
0.030314
0.030366
0.030362
0.030351
0.071954
0.030321
0.030267
0.030431
0.030331
0.030453
0.030368
0.030437
0.030363
0.030455
0.030349
0.046829
0.030488
0.030414
0.030401
0.030328
0.030227
0.030400
0.030361
0.030349
0.059806
0.030346
0.030341
0.030399
0.030417
0.030412
0.030439
0.030303
0.030329
0.030298
0.030362
0.030286
0.030922
0.033202
0.030400
0.030308
0.030291
0.030247
0.030339
0.030212
0.060157
0.030303
0.030229
0.039720
0.034091
0.030287
0.030435
0.030262
0.030339
0.030246
0.030237
0.030276
0.030390
0.030416
0.030232
0.030135
0.030318
0.030240
0.030303
0.030369
0.059817
0.030291
0.030344
0.030323
0.038033
0.039429
0.030308
0.030249
0.030329
0.030245
0.030181
0.030238
0.030247
0.030361
0.030406
0.051731
0.038969
0.038493
0.038418
0.038414
0.072653
0.042475
0.042577
0.042523
0.042609
0.042530
0.042598
0.042527
0.042356
0.042363
0.042587
0.043307
0.049447
0.030540
0.030559
0.030528
0.030545
0.030529
0.030520
0.030484
0.060394
0.039310
0.030321
0.030377
0.030468
0.030354
0.030329
0.030217
0.030198
0.030353
0.030306
0.030147
0.030341
0.030229
0.030348
0.030270
0.030294
0.030234
0.030316
0.030192
0.060127
0.030370
0.040645
0.036028
0.030243
0.030302
0.030406
0.030185
0.030228
0.030315
0.030302
0.030291
0.030268
0.034381
0.039313
0.038689
0.038549
0.038715
0.040562
0.042691
0.072575
0.042642
0.042534
0.042349
0.042396
0.042487
0.068328
0.069630
0.070252
0.030484
0.030603
0.030533
0.030535
0.030520
0.030475
0.030238
0.030269
0.030331
0.033046
0.036894
0.060322
0.030335
0.030293
0.030180
0.030210
0.030281
0.030344
0.030237
0.030375
0.030216
0.030330
0.030122
0.030164
0.030205
0.030321
0.030131
0.030151
0.030063
0.030200
0.030117
0.081134
0.030188
0.030238
0.030137
0.030160
0.030298
0.030251
0.030298
0.030163
0.030185
0.032089
0.036038
0.030502
0.030227
0.030410
0.030266
0.030307
0.030215
0.030230
0.030180
0.060276
0.030331
0.030089
0.030184
0.030378
0.030227
0.030162
0.030161
0.030193
0.030165
0.030206
0.030220
0.032227
0.032579
0.030071
0.030107
0.030161
0.030039
0.034892
0.039912
0.068731
0.030285
0.039108
0.034458
0.030129
0.030053
0.030209
0.030118
0.030074
0.030127
0.030210
0.030193
0.030255
0.030175
0.030192
0.030082
0.030137
0.030136
0.030103
0.030386
0.060034
0.030185
0.030191
0.030035
0.039464
0.033664
0.030091
0.030373
0.030174
0.030153
0.030073
0.030105
0.030568
0.030189
0.061872
0.031636
0.030810
0.030885
0.030195
0.030084
0.059411
0.030047
0.030027
0.030014
0.030098
0.030116
0.030184
0.030208
0.030119
0.030212
0.030154
0.030067
0.030138
0.030209
0.030388
0.030165
0.049910
0.030664
0.030145
0.030347
0.060201
0.030156
0.030112
0.030255
0.030221
0.030205
0.047936
0.034755
0.030154
0.030244
0.030118
0.030164
0.030193
0.030027
0.030178
0.030154
0.030146
0.030090
0.030078
0.030069
0.059708
0.030349
0.030071
0.030092
0.030406
0.030532
0.056451
0.030484
0.030029
0.030104
0.030124
0.030010
0.030055
0.030095
0.030030
0.030017
0.030084
0.040877
0.033218
0.030103
0.060036
0.030043
0.030100
0.030058
0.030875
0.030143
0.030241
0.030344
0.030219
0.029989
0.030176
0.030031
0.030211
0.030035
0.029979
0.029853
0.030055
0.030077
0.030057
0.035891
0.061364
0.029924
0.030023
0.029875
0.030061
0.030001
0.030102
0.030044
0.030076
0.045564
0.045350
0.038549
0.038431
0.038460
0.038513
0.042131
0.042892
0.042425
0.042027
0.042369
0.072382
0.042262
0.042385
0.042218
0.042166
0.078876
0.044788
0.030367
0.031476
0.030432
0.030359
0.030422
0.030767
0.030534
0.030322
0.043104
0.033941
0.030166
0.030150
0.030114
0.060524
0.030395
0.030188
0.030202
0.030237
0.030110
0.030164
0.030159
0.030180
0.030079
0.030131
0.030200
0.030101
0.030242
0.030174
0.030131
0.030250
0.041026
0.032722
0.030490
0.060735
0.030283
0.030304
0.030243
0.030230
0.030383
0.053102
0.034179
0.030215
0.030205
0.030243
0.030134
0.030059
0.030109
0.030007
0.030166
0.030141
0.030260
0.030208
0.030055
0.060374
0.030081
0.030125
0.030221
0.030178
0.030621
0.030284
0.030440
0.038410
0.052482
0.030920
0.030452
0.030143
0.030233
0.030188
0.030443
0.030265
0.030122
0.030065
0.030094
0.082040
0.030259
0.030242
0.030242
0.030188
0.030345
0.030152
0.030058
0.030292
0.030227
0.030440
0.030193
0.030644
0.030457
0.030275
0.030197
0.030059
0.030054
0.030690
0.030203
0.060118
0.046819
0.030474
0.030051
0.029984
0.030063
0.030178
0.030072
0.030003
0.030072
0.029938
0.030072
0.032423
0.036743
0.030196
0.030165
0.039498
0.038231
0.031018
0.030986
0.060929
0.030885
0.030874
0.030887
0.031077
0.030867
0.030923
0.030915
0.030859
0.030773
0.030858
0.030745
0.030895
0.057762
0.031300
0.030815
0.030824
0.030915
0.030799
0.030834
0.060637
0.030859
0.030821
0.050863
0.031896
0.030969
0.030866
0.030746
0.030797
0.030782
0.030844
0.030993
0.030797
0.030737
0.031346
0.030175
0.030091
0.030099
0.030044
0.030089
0.059520
0.030122
0.030065
0.030172
0.030613
0.039086
0.038303
0.038145
0.038358
0.042163
0.042626
0.042543
0.042010
0.039805
0.039418
0.041607
0.039374
0.039299
0.042469
0.063859
0.065510
0.031122
0.031167
0.031148
0.031007
0.031126
0.030846
0.030876
0.030902
0.030927
0.031013
0.045304
0.033807
0.030449
0.030785
0.030889
0.030810
0.030844
0.031047
0.030951
0.061562
0.056536
0.037820
0.030819
0.030882
0.030933
0.030819
0.030854
0.030756
0.030821
0.030803
0.030855
0.030994
0.030933
0.030905
0.030977
0.030905
0.030927
0.031147
0.031054
0.060746
0.030960
0.046870
0.031157
0.030304
0.030116
0.030065
0.030053
0.030683
0.030162
0.030128
0.030010
0.030167
0.048068
0.030707
0.030133
0.030057
0.030177
0.030019
0.030096
0.059649
0.030561
0.031257
0.030852
0.030454
0.030200
0.030044
0.030028
0.030127
0.030138
0.030039
0.030149
0.030036
0.030173
0.030026
0.036100
0.031257
0.030184
0.030022
0.030084
0.059384
0.030196
0.030041
0.029993
0.030055
0.030363
0.036671
0.030276
0.030008
0.030004
0.030014
0.030046
0.030305
0.030163
0.030010
0.030039
0.030074
0.029985
0.030075
0.030094
0.060649
0.030133
0.030079
0.030040
0.030045
0.030004
0.030131
0.030018
0.044684
0.030502
0.030024
0.030078
0.030120
0.030119
0.030087
0.030034
0.030015
0.030055
0.030036
0.035120
0.062825
0.030073
0.030033
0.029914
0.030031
0.030038
0.030399
0.029992
0.030001
0.030102
0.030156
0.030143
0.030258
0.030126
0.030071
0.029935
0.029950
0.030072
0.030028
0.029969
0.060162
0.033095
0.030031
0.029887
0.029998
0.029954
0.029943
0.030001
