0.465960
0.031157
0.048378
0.030984
0.030899
0.030666
0.030564
0.030500
0.030550
0.030584
0.030626
0.030443
0.030824
0.030663
0.030633
0.030550
0.031506
0.031767
0.031480
0.031197
0.055154
0.031039
0.031346
0.038318
0.031908
0.031501
0.031287
0.031204
0.031141
0.031082
0.031054
0.030983
0.030886
0.030927
0.044493
0.039225
0.031909
0.032310
0.032084
0.031956
0.061622
0.031981
0.031839
0.031904
0.032089
0.031911
0.031818
0.031719
0.031836
0.031875
0.032062
0.032315
0.032073
0.032116
0.054527
0.040109
0.031953
0.031926
0.031776
0.031700
0.061493
0.036262
0.040831
0.049931
0.032052
0.031150
0.031065
0.031240
0.031028
0.031057
0.030981
0.031055
0.030978
0.031154
0.031089
0.031283
0.031147
0.031260
0.031068
0.031169
0.061290
0.031045
0.031166
0.055146
0.034416
0.031042
0.031101
0.031260
0.031966
0.031122
0.031127
0.031180
0.030923
0.030875
0.034009
0.030568
0.030645
0.030590
0.030749
0.030987
0.060582
0.031003
0.030836
0.030880
0.030750
0.030738
0.028591
0.030758
0.028632
0.030631
0.030489
0.030642
0.030651
0.030586
0.030557
0.034979
0.033907
0.030704
0.030562
0.028577
0.060456
0.030550
0.030655
0.030674
0.030820
0.031708
0.040070
0.039268
0.039150
0.042281
0.043451
0.046911
0.066694
0.031376
0.031032
0.031006
0.031055
0.031532
0.031144
0.031009
0.060354
0.031884
0.034566
0.046280
0.031263
0.030818
0.030672
0.030662
0.030578
0.031472
0.031664
0.030988
0.030856
0.030670
0.041409
0.031121
0.030911
0.030982
0.030914
0.030943
0.060695
0.030816
0.030888
0.030757
0.030512
0.030499
0.030884
0.030821
0.030810
0.030700
0.030811
0.030402
0.030698
0.028606
0.030706
0.050016
0.031311
0.028547
0.030592
0.028612
0.059891
0.030550
0.030463
0.030452
0.030495
0.033151
0.032436
0.030474
0.030596
0.030885
0.030842
0.030773
0.042446
0.031127
0.031127
0.031063
0.030832
0.028620
0.030952
0.031472
0.060840
0.030556
0.030714
0.030700
0.030881
0.030625
0.048027
0.031081
0.028655
0.030685
0.030887
0.030545
0.030554
0.030400
0.030574
0.030516
0.030535
0.037517
0.031080
0.030535
0.060396
0.030546
0.030914
0.030442
0.030869
0.030621
0.030577
0.030460
0.028492
0.030787
0.030524
0.030484
0.030576
0.030971
0.030818
0.030895
0.030595
0.030909
0.030751
0.039302
0.060532
0.030746
0.030961
0.030717
0.030517
0.030606
0.030702
0.030729
0.033106
0.040548
0.039637
0.039412
0.037078
0.043564
0.044601
0.062017
0.034913
0.044159
0.030689
0.030701
0.060300
0.031029
0.030787
0.031022
0.031163
0.030967
0.055662
0.031358
0.034589
0.041928
0.040847
0.040172
0.032469
0.031195
0.031125
0.031611
0.038254
0.031289
0.031079
0.031050
0.061199
0.031250
0.031227
0.031366
0.031401
0.031348
0.031280
0.031360
0.031327
0.031456
0.031020
0.030756
0.030962
0.031041
0.031086
0.031014
0.031013
0.038475
0.035924
0.037435
0.060553
0.030905
0.030806
0.031028
0.031128
0.031121
0.031122
0.040603
0.033432
0.031144
0.031217
0.031060
0.031269
0.031157
0.031072
0.030969
0.030972
0.031113
0.031088
0.031040
0.061103
0.030900
0.031474
0.030998
0.030828
0.030730
0.030949
0.031959
0.038750
0.031215
0.031153
0.031204
0.031270
0.031261
0.031205
0.031271
0.031359
0.031343
0.043632
0.036299
0.060884
0.031044
0.031165
0.031151
0.031064
0.031250
0.031041
0.031054
0.031147
0.031053
0.031012
0.030997
0.030958
0.030935
0.031328
0.030924
0.030936
0.030954
0.030974
0.040493
0.061325
0.031009
0.031158
0.030921
0.030979
0.031006
0.031048
0.030985
0.030973
0.040262
0.031265
0.030818
0.030879
0.031190
0.031573
0.031038
0.031197
0.030853
0.031102
0.031022
0.060652
0.030968
0.030977
0.030659
0.030640
0.030653
0.030590
0.030698
0.030771
0.030913
0.037225
0.031536
0.030912
0.031029
0.030946
0.031044
0.030895
0.031104
0.037630
0.040516
0.071430
0.031409
0.030911
0.030988
0.031131
0.031140
0.031431
0.031228
0.031172
0.031138
0.031086
0.031242
0.031299
0.031444
0.031827
0.031631
0.031529
0.031097
0.030904
0.031135
0.060195
0.042299
0.031375
0.031013
0.031060
0.031238
0.031444
0.031152
0.031214
0.030951
0.030856
0.030951
0.050659
0.031157
0.031074
0.031098
0.031067
0.031101
0.031067
0.031087
0.060941
0.030978
0.030852
0.031153
0.031099
0.031085
0.031054
0.030860
0.030930
0.031068
0.030770
0.031136
0.030887
0.043111
0.031926
0.031193
0.030970
0.030707
0.029322
0.030613
0.060219
0.030641
0.030711
0.051688
0.030825
0.030612
0.030642
0.030666
0.030560
0.030659
0.030755
0.030563
0.030553
0.030482
0.030521
0.030510
0.030567
0.030610
0.030643
0.030938
0.060404
0.030577
0.030560
0.030552
0.032522
0.040117
0.039382
0.034921
0.030930
0.031096
0.030662
0.030620
0.030490
0.030662
0.030673
0.036131
0.030953
0.030901
0.030863
0.031084
0.060724
0.031063
0.030771
0.030663
0.030893
0.030656
0.030807
0.030493
0.030701
0.030609
0.030460
0.030606
0.030550
0.030553
0.030370
0.030485
0.043573
0.031607
0.030516
0.030561
0.066041
0.030990
0.030592
0.030506
0.030453
0.030938
0.043780
0.030939
0.031210
0.031596
0.030970
0.031121
0.030660
0.030861
0.030674
0.030621
0.030599
0.030674
0.031110
0.030967
0.060727
0.031001
0.031019
0.030964
0.030908
0.031074
0.030764
0.033126
0.032787
0.030649
0.030684
0.030574
0.030588
0.030600
0.030514
0.030562
0.030389
0.030339
0.050506
0.034421
0.060098
0.030313
0.030346
0.030382
0.030488
0.030467
0.030588
0.030491
0.031526
0.030711
0.030611
0.030463
0.030490
0.030319
0.030324
0.030359
0.030348
0.030426
0.030640
0.030574
0.069206
0.030471
0.030307
0.030419
0.030409
0.030233
0.030449
0.031095
0.030416
0.030217
0.039938
0.038701
0.034832
0.030248
0.030366
0.030380
0.030434
0.030380
0.030536
0.030443
0.059958
0.030416
0.030346
0.030362
0.030463
0.030407
0.030402
0.030349
0.030431
0.030478
0.031346
0.038676
0.030875
0.030454
0.030492
0.030563
0.030568
0.030727
0.030397
0.030502
0.060498
0.041996
0.031285
0.030436
0.030531
0.030456
0.030395
0.030531
0.030514
0.030457
0.030613
0.030533
0.030487
0.030474
0.030452
0.030438
0.030533
0.030667
0.030545
0.030632
0.060567
0.030436
0.051908
0.031304
0.030518
0.030444
0.030370
0.030427
0.030428
0.030505
0.030523
0.051592
0.030889
0.030359
0.030390
0.030615
0.030450
0.030400
0.030441
0.040316
0.070160
0.030611
0.030760
0.030356
0.030363
0.030379
0.030632
0.030525
0.030624
0.030616
0.030511
0.031733
0.037269
0.030960
0.030555
0.030529
0.030416
0.030498
0.030528
0.030720
0.060896
0.030464
0.051769
0.031001
0.030604
0.030474
0.030853
0.030530
0.030735
0.030570
0.030517
0.030482
0.030601
0.030729
0.030722
0.030689
0.030634
0.030814
0.030857
0.030779
0.060876
0.030764
0.030717
0.043161
0.030887
0.030688
0.030834
0.030790
0.030807
0.030614
0.030621
0.030632
0.030665
0.030820
0.039164
0.030889
0.030572
0.030493
0.030535
0.030567
0.060824
0.030545
0.030491
0.030626
0.030648
0.030662
0.030737
0.030790
0.030739
0.030638
0.030650
0.030617
0.030634
0.030529
0.030569
0.034113
0.033707
0.030598
0.030661
0.030633
0.060740
0.031011
0.030546
0.030616
0.030572
0.052705
0.032729
0.030653
0.030726
0.030620
0.030628
0.030688
0.030703
0.030779
0.030706
0.030703
0.030588
0.030607
0.030607
0.030638
0.059978
0.030688
0.030640
0.030635
0.030703
0.030721
0.031613
0.039146
0.031211
0.030679
0.030801
0.030785
0.031031
0.031035
0.030599
0.030697
0.030799
0.056784
0.031243
0.030764
0.062327
0.030854
0.030667
0.030736
0.030630
0.030775
0.030632
0.030759
0.030730
0.040620
0.036918
0.031068
0.030921
0.030970
0.030835
0.030833
0.030690
0.048147
0.040119
0.039321
0.070655
0.043415
0.043385
0.069248
0.062609
0.030717
0.031224
0.031096
0.030728
0.030735
0.030689
0.030828
0.030975
0.030929
0.030898
0.030758
0.030623
0.030813
0.030845
0.030738
0.060502
0.030658
0.030683
0.030694
0.030659
0.039968
0.031239
0.030783
0.030844
0.030792
0.030637
0.030604
0.030810
0.030793
0.030939
0.030737
0.041976
0.031077
0.030768
0.030748
0.060650
0.030808
0.030763
0.030772
0.028738
0.030682
0.030742
0.031726
0.030816
0.030811
0.030680
0.030728
0.030840
0.031160
0.031310
0.031491
0.031558
0.035181
0.033737
0.031159
0.060034
0.030713
0.030706
0.030746
0.030700
0.030767
0.031056
0.049653
0.031376
0.030789
0.030836
0.030715
0.030865
0.030941
0.030737
0.030756
0.030673
0.030722
0.030692
0.030644
0.061171
0.030772
0.030746
0.030743
0.030876
0.030587
0.030824
0.030537
0.034363
0.033506
0.030656
0.030750
0.030811
0.030739
0.030710
0.030854
0.030536
0.030480
0.030456
0.034014
0.064009
0.030551
0.030592
0.030565
0.030597
0.030573
0.030524
0.030427
0.030434
0.030549
0.030558
0.030445
0.030319
0.030718
0.030573
0.030632
0.030565
0.031698
0.031371
0.030846
0.063056
0.031157
0.030550
0.030578
0.030547
0.030518
0.030719
0.030509
0.030619
0.030675
0.030892
0.053388
0.030682
0.030866
0.030647
0.030484
0.030583
0.030491
0.030488
0.030779
0.060825
0.030550
0.030586
0.030444
0.030518
0.030549
0.030562
0.030661
0.030417
0.030359
0.030393
0.030510
0.044487
0.030835
0.030577
0.030404
0.030371
0.030300
0.030453
0.030400
0.060605
0.030435
0.046356
0.038359
0.031312
0.031155
0.031244
0.031183
0.031161
0.031427
0.031346
0.031672
0.031443
0.031552
0.031205
0.031294
0.031279
0.031689
0.031332
0.031486
0.061557
0.032294
0.047716
0.039167
0.031368
0.031246
0.031370
0.031312
0.030857
0.030710
0.030600
0.030506
0.030400
0.037152
0.037031
0.030391
0.030506
0.030763
0.030458
0.030586
0.061069
0.030346
0.030738
0.030530
0.030557
0.030520
0.030488
0.030596
0.030564
0.030641
0.031345
0.030524
0.030636
0.030737
0.052396
0.031205
0.030560
0.030634
0.030599
0.030709
0.060635
0.030607
0.030592
0.030881
0.035336
0.033751
0.030653
0.030603
0.030612
0.030544
0.030767
0.031150
0.030667
0.030569
0.030649
0.030644
0.030645
0.030602
0.030619
0.030590
0.060506
0.030815
0.030650
0.030573
0.030639
0.048738
0.034379
0.032532
0.032065
0.032030
0.031557
0.031462
0.031622
0.031479
0.031023
0.030821
0.053208
0.030636
0.030520
0.030621
0.060368
0.030686
0.030554
0.030752
0.030647
0.030638
0.030672
0.030640
0.030710
0.030732
0.030784
0.030909
0.030749
0.030768
0.030808
0.030984
0.030761
0.047189
0.031343
0.030823
0.060153
0.030812
0.030839
0.030900
0.030734
0.030755
0.031169
0.041705
0.034887
0.030936
0.031219
0.031075
0.030877
0.030765
0.030775
0.030749
0.030701
0.030821
0.030799
0.030668
0.061235
0.031170
0.030818
0.030832
0.030808
0.030741
0.030770
0.031223
0.035582
0.033674
0.031626
0.031602
0.031306
0.031185
0.031164
0.030833
0.030849
0.030813
0.030716
0.040812
0.074899
0.039371
0.035309
0.031116
0.030932
0.031030
0.030936
0.031117
0.031101
0.031088
0.030789
0.031007
0.031037
0.031067
0.030943
0.031182
0.030899
0.030948
0.031091
0.056244
0.062873
0.032612
0.032168
0.031498
0.031271
0.031156
0.030881
0.028909
0.030796
0.054708
0.031474
0.031150
0.031677
0.031595
0.031598
0.031621
0.031550
0.031499
0.031530
0.031517
0.061324
0.031467
0.031364
0.031466
0.031531
0.031582
0.031547
0.031516
0.031601
0.031526
0.052831
0.031654
0.031486
0.031657
0.031800
0.031718
0.031768
0.029664
0.030946
0.030811
0.081611
0.030683
0.030539
0.030737
0.030753
0.030979
0.030996
0.031010
0.030973
0.031000
0.030747
0.030781
0.030851
0.030589
0.030781
0.030771
0.030657
0.030668
0.030671
0.030645
0.075798
0.031482
0.030386
0.030494
0.030650
0.030443
0.030481
0.030399
0.030345
0.030414
0.030505
0.044054
0.031775
0.030571
0.030483
0.030545
0.030441
0.030511
0.030506
0.030465
0.060837
0.030451
0.030370
0.030519
0.030442
0.030530
0.030505
0.030471
0.030537
0.030458
0.030660
0.030718
0.031303
0.037844
0.030807
0.030499
0.030640
0.030583
0.030546
0.031086
0.060153
0.030478
0.030518
0.043946
0.030732
0.030365
0.030476
0.030384
0.030421
0.030476
0.030431
0.030526
0.030379
0.030512
0.030365
0.030382
0.030376
0.030332
0.030532
0.030436
0.081210
0.033554
0.030424
0.048608
0.030854
0.030485
0.030451
0.030466
0.030601
0.030578
0.030573
0.030453
0.030481
0.030648
0.048389
0.039387
0.039308
0.039181
0.039364
0.043082
0.073888
0.043061
0.043001
0.042839
0.042958
0.042974
0.043546
0.068661
0.050835
0.057252
0.030893
0.030749
0.030795
0.030796
0.030540
0.030530
0.030542
0.041239
0.045629
0.031467
0.060912
0.030452
0.030720
0.030437
0.030493
0.030536
0.030421
0.030468
0.030730
0.030560
0.030482
0.030467
0.030398
0.030459
0.030407
0.030586
0.030485
0.030407
0.031468
0.039730
0.070082
0.036187
0.030546
0.030668
0.030499
0.030571
0.030676
0.030508
0.038964
0.035247
0.030576
0.030576
0.030591
0.030834
0.030654
0.030587
0.030512
0.030555
0.030596
0.030738
0.060537
0.030556
0.030472
0.030721
0.030623
0.030583
0.030427
0.030614
0.030608
0.032901
0.032999
0.030548
0.030618
0.030661
0.030658
0.030791
0.030710
0.030624
0.030680
0.030599
0.082580
0.030606
0.030640
0.030567
0.030653
0.030716
0.030781
0.030646
0.030601
0.030705
0.030826
0.030808
0.045913
0.030765
0.031189
0.030817
0.030809
0.031073
0.030723
0.030735
0.045924
0.043366
0.030993
0.030660
0.030687
0.030763
0.030858
0.030835
0.030843
0.030695
0.046802
0.034024
0.033610
0.030777
0.030756
0.030598
0.030623
0.030643
0.030661
0.030792
0.060300
0.030681
0.030642
0.030579
0.030641
0.028778
0.030904
0.030864
0.030620
0.030618
0.030666
0.030658
0.030659
0.049938
0.037213
0.030837
0.030774
0.030743
0.030738
0.030759
0.061282
0.030916
0.056657
0.031997
0.031053
0.030718
0.030862
0.030938
0.031862
0.031892
0.031792
0.032126
0.032224
0.031542
0.031495
0.031552
0.031372
0.031494
0.031254
0.031250
0.060408
0.031555
0.053742
0.040808
0.040504
0.040574
0.031672
0.031518
0.031572
0.031735
0.032348
0.059474
0.034302
0.031111
0.030894
0.030776
