0.509997
0.030570
0.031349
0.030598
0.039184
0.038227
0.038145
0.037901
0.033482
0.030039
0.030273
0.042640
0.032915
0.030085
0.030307
0.030111
0.030088
0.030044
0.030012
0.030048
0.053695
0.034726
0.033845
0.030035
0.038175
0.033275
0.029925
0.029949
0.030016
0.029940
0.029953
0.029975
0.029955
0.029959
0.030001
0.029908
0.020002
0.020077
0.019950
0.020068
0.019966
0.019995
0.020297
0.020136
0.019920
0.021652
0.035168
0.030079
0.019956
0.019998
0.020096
0.020165
0.030002
0.030106
0.030017
0.020077
0.029994
0.020121
0.020138
0.038865
0.020874
0.020148
0.020217
0.030084
0.030064
0.020134
0.030026
0.030120
0.020142
0.030141
0.030134
0.020135
0.020143
0.020820
0.026914
0.026073
0.026155
0.026127
0.026327
0.026254
0.026088
0.026168
0.026250
0.026748
0.054993
0.039009
0.030093
0.036352
0.030432
0.030107
0.030110
0.030121
0.030175
0.030351
0.055189
0.030499
0.045585
0.046075
0.030169
0.030401
0.060555
0.030513
0.030206
0.030486
0.030284
0.030158
0.030133
0.030679
0.030279
0.030184
0.030177
0.030217
0.030367
0.032807
0.033194
0.030113
0.029965
0.029923
0.029983
0.029961
0.059506
0.029930
0.029971
0.030079
0.037257
0.030314
0.030303
0.030061
0.030011
0.030353
0.030025
0.029983
0.030025
0.029986
0.030178
0.029985
0.029960
0.030019
0.029948
0.030077
0.060063
0.030018
0.030106
0.030081
0.029978
0.049048
0.030399
0.030293
0.030071
0.030252
0.030051
0.030062
0.030121
0.030083
0.031087
0.030236
0.033634
0.031215
0.038461
0.038077
0.068037
0.030125
0.030036
0.030054
0.030020
0.030028
0.030185
0.030115
0.029984
0.030106
0.030201
0.029951
0.030144
0.030259
0.030405
0.030205
0.030237
0.033250
0.033207
0.030101
0.060496
0.030153
0.030077
0.030029
0.030095
0.030066
0.030188
0.030428
0.046940
0.030449
0.030453
0.030298
0.030386
0.030386
0.032369
0.034106
0.034239
0.034173
0.034228
0.034061
0.063785
0.030636
0.030520
0.031101
0.031059
0.030446
0.030291
0.030028
0.050828
0.030825
0.030043
0.030011
0.030072
0.030096
0.030032
0.030088
0.029980
0.030746
0.030230
0.031622
0.069677
0.038249
0.039316
0.042315
0.042365
0.042952
0.042514
0.042401
0.042142
0.042449
0.042599
0.042232
0.042279
0.042276
0.042384
0.041509
0.046315
0.040855
0.031101
0.031115
0.060613
0.031019
0.031013
0.061110
0.037793
0.030778
0.042033
0.038136
0.031077
0.030878
0.032698
0.031045
0.031057
0.031188
0.031440
0.030738
0.030688
0.030872
0.030854
0.030997
0.060705
0.031936
0.030821
0.060699
0.040504
0.030870
0.030864
0.030771
0.030892
0.031022
0.030897
0.031051
0.030939
0.057056
0.032534
0.030158
0.030085
0.030197
0.030089
0.030156
0.059540
0.030095
0.030123
0.030206
0.030292
0.030064
0.030154
0.030037
0.030177
0.030069
0.030077
0.030120
0.030039
0.030111
0.030086
0.038837
0.030139
0.030170
0.030112
0.030151
0.059840
0.030079
0.030076
0.030137
0.020066
0.023520
0.024232
0.020198
0.020096
0.020108
0.020117
0.030071
0.030073
0.020305
0.020033
0.020497
0.020033
0.020122
0.020011
0.030016
0.059618
0.030118
0.030108
0.030064
0.030117
0.030081
0.020051
0.020005
0.019947
0.020063
