0.537694
0.030730
0.030676
0.030902
0.030029
0.029913
0.029943
0.030291
0.029905
0.045965
0.031112
0.029871
0.029888
0.029927
0.029868
0.029885
0.029790
0.029956
0.029832
0.029963
0.053920
0.029914
0.029856
0.029932
0.029969
0.029844
0.029809
0.029922
0.029881
0.029841
0.029812
0.048664
0.037950
0.030840
0.030578
0.030614
0.030861
0.030809
0.030724
0.030690
0.060827
0.038543
0.030772
0.030675
0.030671
0.030629
0.030583
0.030519
0.030659
0.029901
0.029748
0.029811
0.029843
0.029855
0.029777
0.029899
0.029849
0.029779
0.029891
0.029773
0.060516
0.029804
0.047947
0.033918
0.029920
0.029964
0.029926
0.029894
0.029858
0.029988
0.029861
0.029859
0.029847
0.043046
0.030969
0.029985
0.029998
0.029983
0.029852
0.029829
0.059817
0.029788
0.029848
0.030301
0.029755
0.029939
0.029800
0.029795
0.029713
0.029993
0.029819
0.029852
0.029749
0.029833
0.029866
0.054687
0.037988
0.029872
0.029753
0.030423
0.061479
0.029993
0.030058
0.029887
0.033291
0.038685
0.030003
0.029992
0.029835
0.029997
0.029878
0.029939
0.029861
0.030065
0.029902
0.029944
0.029883
0.038052
0.035797
0.029957
0.059814
0.029963
0.038253
0.038054
0.042028
0.051048
0.032662
0.029836
0.029936
0.029915
0.029758
0.029983
0.029840
0.029896
0.029855
0.029902
0.038893
0.031143
0.029866
0.029848
0.060054
0.029811
0.037956
0.035380
0.037842
0.037939
0.041731
0.061638
0.051978
0.042116
0.042294
0.042094
0.041956
0.065714
0.041504
0.042104
0.041688
0.041879
0.053211
0.067017
0.089943
0.030108
0.029969
0.029938
0.029976
0.030010
0.029745
0.029847
0.029850
0.029884
0.029746
0.029829
0.029879
0.029739
0.029844
0.029662
0.029850
0.029988
0.029805
0.029943
0.061076
0.038242
0.029895
0.029883
0.029979
0.029914
0.029958
0.029956
0.029799
0.029878
0.029766
0.055074
0.038811
0.033721
0.029794
0.029825
0.029804
0.029817
0.029944
0.030051
0.059701
0.029978
0.029897
0.029959
0.029854
0.029800
0.029911
0.030144
0.029775
0.029986
0.029961
0.029976
0.032850
0.040371
0.030136
0.030177
0.030037
0.030064
0.029975
0.030177
0.060341
0.029972
0.030264
0.044104
0.030608
0.029927
0.030127
0.029952
0.029863
0.029905
0.029863
0.029978
0.029850
0.029989
0.030057
0.029994
0.030083
0.029977
0.029987
0.029993
0.059886
0.030025
0.029981
0.029949
0.031358
0.041858
0.038031
0.038245
0.038159
0.042084
0.042326
0.042263
0.042017
0.039708
0.041826
0.044901
0.031054
0.031062
0.030962
0.030905
0.061542
0.030905
0.030881
0.030909
0.030847
0.031077
0.030771
0.030894
0.030826
0.031065
0.030818
0.031089
0.030854
0.049437
0.037949
0.031001
0.030917
0.031011
0.030877
0.030868
0.060719
0.030924
0.030728
0.048113
0.037687
0.030821
0.030850
0.030863
0.030774
0.030825
0.030829
0.030801
0.030781
0.030838
0.030007
0.030223
0.030062
0.030044
0.029999
0.030181
0.060414
0.030489
0.030013
0.040222
0.030712
0.030087
0.030018
0.030130
0.030091
0.030070
0.030083
0.030082
0.030079
0.030072
0.043389
0.030560
0.030174
0.030168
0.030180
0.030163
0.059782
0.030200
0.030107
0.030074
0.030163
0.030070
0.030189
0.030238
0.030376
0.030197
0.030218
0.030192
0.030027
0.030251
0.030408
0.052898
0.032497
0.030285
0.030117
0.030063
0.060704
0.030249
0.030180
0.030252
0.030003
0.053928
0.038908
0.038337
0.038112
0.031123
0.033489
0.031105
0.030919
0.030839
0.030873
0.030879
0.030939
0.031038
0.030809
0.030182
0.060182
0.030183
0.030141
0.030097
0.030056
0.029981
0.037360
0.030089
0.030075
0.030084
0.030322
0.030076
0.030110
0.030044
0.030103
0.030122
0.030602
0.036960
0.030499
0.030392
0.060527
0.030153
0.030194
0.030222
0.030232
0.030213
0.030233
0.030159
0.030144
0.030236
0.030255
0.030271
0.030179
0.030291
0.030156
0.030274
0.030277
0.030158
0.032303
0.035567
0.060322
0.030303
0.030217
0.030169
0.030200
0.030596
0.030458
0.030386
0.030144
0.043634
0.030496
0.030299
0.030368
0.030579
0.030252
0.030254
0.030252
0.030382
0.030263
0.030231
0.060608
0.030196
0.030432
0.030263
0.030165
0.030207
0.030186
0.030180
0.030218
0.030219
0.032347
0.039196
0.038547
0.038535
0.038659
0.038075
0.030295
0.030307
0.030360
0.030374
0.071549
0.030364
0.030197
0.030308
0.030278
0.030206
0.030315
0.030212
0.030221
0.030240
0.030221
0.030217
0.030253
0.030257
0.030179
0.030141
0.030072
0.030453
0.030330
0.030231
0.060963
0.033522
0.032155
0.030261
0.030181
0.030258
0.030323
0.030336
0.030334
0.030359
0.030337
0.032595
0.033376
0.030382
0.030330
0.030422
0.030273
0.030142
0.030326
0.030324
0.060751
0.040514
0.038739
0.039013
0.038872
0.039489
0.042760
0.042769
0.042677
0.042525
0.051881
0.042588
0.042818
0.042745
0.042668
0.044498
0.068503
0.039842
0.038703
0.042478
0.073494
0.061752
0.047651
0.030454
0.033982
0.035751
0.030372
0.030383
0.030308
0.030349
0.030286
0.030232
0.030043
0.030196
0.029949
0.038969
0.030101
0.030043
0.030064
0.030057
0.060041
0.030085
0.030072
0.029960
0.030118
0.038770
0.030611
0.030131
0.030070
0.030013
0.029938
0.029961
0.029967
0.030064
0.029940
0.030058
0.030018
0.029958
0.029960
0.029956
0.060488
0.029987
0.029953
0.030080
0.030022
0.030070
0.029957
0.037717
0.030382
0.030051
0.029978
0.030119
0.029984
0.030025
0.030276
0.030090
0.030094
0.030032
0.044553
0.038149
0.060816
0.030018
0.029999
0.030148
0.030009
0.030027
0.030024
0.029991
0.029926
0.029954
0.030077
0.030705
0.030077
0.029979
0.030127
0.030134
0.029993
0.029944
0.030026
0.052298
0.060068
0.030236
0.030086
0.030017
0.030130
0.029960
0.030066
0.030066
0.029986
0.044887
0.031060
0.030058
0.029973
0.030123
0.030126
0.030067
0.030065
0.030135
0.030036
0.030087
0.060629
0.030218
0.029948
0.032930
0.040211
0.038427
0.030150
0.030038
0.030204
0.030087
0.044676
0.038441
0.038230
0.037962
0.042195
0.042033
0.049277
0.054303
0.041333
0.032200
0.061610
0.030948
0.030066
0.029969
0.029923
0.029971
0.030020
0.030127
0.029906
0.030120
0.030177
0.030002
0.030149
0.029863
0.030065
0.030009
0.029966
0.030076
0.030016
0.030002
0.069950
0.030126
0.030124
0.030168
0.030173
0.030220
0.030425
0.030506
0.030309
0.030427
0.044558
0.030738
0.030288
0.030307
0.030195
0.030313
0.030337
0.030481
0.030348
0.030401
0.060746
0.030373
0.030889
0.030719
0.030720
0.030928
0.030642
0.030752
0.031427
0.030985
0.030676
0.030315
0.037978
0.030594
0.030541
0.030421
0.030451
0.030430
0.030425
0.030447
0.060723
0.030395
0.047494
0.031474
0.030369
0.030566
0.030666
0.030325
0.030402
0.030407
0.030379
0.030419
0.030487
0.030722
0.030561
0.030573
0.030471
0.030599
0.030736
0.030687
0.060292
0.030550
0.030594
0.033580
0.032769
0.030688
0.030754
0.030632
0.030634
0.030665
0.030806
0.030902
0.030771
0.030626
0.034230
0.034362
0.030780
0.031028
0.030504
0.030540
0.060949
0.030583
0.030402
0.030463
0.030545
0.030799
0.030697
0.031037
0.030867
0.030650
0.030549
0.030724
0.030756
0.030668
0.035998
0.060264
0.039792
0.032390
0.032245
0.031454
0.061871
0.031394
0.031420
0.031408
0.051335
0.033067
0.031488
0.031539
0.031482
0.031497
0.031530
0.031382
0.031403
0.031423
0.031314
0.031367
0.031473
0.031441
0.031335
0.031410
0.061021
0.031487
0.031666
0.031519
0.029448
0.048408
0.031506
0.030631
0.030522
0.030625
0.030607
0.030617
0.030668
0.030766
0.030766
0.030673
0.038065
0.033347
0.031304
0.030596
0.060746
0.030577
0.030532
0.030566
0.030484
0.030613
0.030751
0.031132
0.030890
0.031073
0.030696
0.030916
0.031124
0.031078
0.031127
0.030978
0.030671
0.033951
0.034451
0.030681
0.061065
0.030628
0.030625
0.030541
0.030658
0.030643
0.030622
0.052056
0.031882
0.030634
0.030632
0.030605
0.030768
0.030927
0.030936
0.030780
0.030696
0.030890
0.031138
0.030752
0.060184
0.030775
0.030768
0.030850
0.030951
0.028801
0.050309
0.031054
0.030737
0.030706
0.030657
0.030633
0.030930
0.031087
0.031098
0.031307
0.031455
0.043525
0.031716
0.031481
0.061978
0.031674
0.031399
0.031237
0.031480
0.031590
0.031590
0.031497
0.031809
0.031522
0.031733
0.031751
0.031720
0.031576
0.031476
0.031650
0.031795
0.031643
0.044701
0.031443
0.062325
0.041872
0.039888
0.040032
0.039831
0.043955
0.067916
0.040058
0.043613
0.057166
0.031134
0.031431
0.030924
0.031158
0.031053
0.031263
0.031020
0.031217
0.031051
0.031287
0.060763
0.031437
0.031553
0.031385
0.031188
0.054860
0.040253
0.039981
0.039842
0.039971
0.043679
0.044467
0.066621
0.042401
0.041553
0.062474
0.050415
0.032490
0.032095
0.038124
0.066319
0.032052
0.032074
0.031824
0.031907
0.031886
0.031758
0.031683
0.031647
0.031618
0.056528
0.035612
0.031589
0.031742
0.031546
0.031533
0.031596
0.031829
0.031456
0.031575
0.063728
0.035275
0.031523
0.031393
0.031488
0.031429
0.031479
0.031509
0.031498
0.031586
0.031503
0.031808
0.031643
0.031570
0.048827
0.041846
0.034510
0.031554
0.031695
0.031574
0.062701
0.039606
0.031740
0.031827
0.031762
0.031751
0.031657
0.031696
0.031672
0.031632
0.033032
0.035266
0.031621
0.031521
0.031618
0.031438
0.031358
0.031495
0.031580
0.031412
0.061848
0.031767
0.031454
0.031357
0.031541
0.031458
0.031346
0.031961
0.031346
0.031318
0.031417
0.036581
0.031976
0.031374
0.031475
0.031274
0.031238
0.031374
0.031396
0.040601
0.090509
0.039636
0.032609
0.032250
0.032261
0.031948
0.031720
0.031996
0.031842
0.031076
0.031008
0.031157
0.031012
0.030953
0.031079
0.031073
0.031005
0.030990
0.030753
0.031108
0.060550
0.038378
0.030484
0.030562
0.030658
0.030699
0.031011
0.030884
0.030793
0.030722
0.030681
