397	117	18	35
398	116	16	38
395	116	17	37
396	117	17	36
395	116	16	36
394	118	18	34
393	117	18	34
394	118	19	33
393	117	18	34
394	117	18	36
394	116	17	37
391	116	19	37
393	117	18	36
391	116	17	36
392	117	17	36
392	117	17	36
392	116	17	38
389	118	18	36
390	118	17	35
391	119	16	37
389	119	17	36
388	117	17	35
389	117	15	36
387	118	16	35
386	119	17	35
386	118	15	36
386	118	16	36
386	117	16	37
385	116	17	37
385	117	16	37
384	118	15	37
384	118	17	36
382	119	18	35
381	118	19	35
380	119	19	34
380	119	19	35
379	116	20	36
380	118	20	37
379	119	20	36
378	119	19	35
378	118	18	35
377	119	18	31
377	118	18	28
378	119	17	25
378	121	16	26
379	120	16	23
380	122	15	23
378	122	16	24
378	122	15	23
377	122	15	26
377	121	16	27
376	123	14	31
376	120	16	35
374	122	18	35
374	124	17	31
374	120	15	35
374	119	13	33
374	120	14	36
374	119	13	35
370	120	15	33
370	120	15	32
370	121	14	34
370	120	15	34
370	122	15	35
369	122	15	35
368	121	17	32
366	122	18	33
365	122	18	34
364	121	18	35
364	120	17	37
365	121	16	32
364	121	16	34
365	122	14	34
364	121	14	36
365	121	13	34
363	122	13	33
363	122	13	34
362	122	15	34
361	122	13	35
362	121	14	34
362	122	12	36
362	121	11	38
360	120	11	38
360	122	13	36
360	122	11	37
359	120	12	38
359	121	12	35
358	122	12	34
358	124	14	33
358	123	14	32
357	123	13	35
357	122	13	38
356	124	14	34
356	123	14	34
355	124	15	35
354	125	15	32
356	124	15	33
354	124	15	34
353	123	15	35
352	123	15	35
351	124	14	35
352	123	14	36
352	123	13	35
352	124	13	35
350	122	13	36
351	123	15	35
348	124	18	34
346	123	19	34
347	122	20	36
349	124	16	35
349	126	17	32
347	126	18	32
348	125	17	33
345	126	18	33
347	126	16	33
345	125	18	31
346	125	15	34
345	125	16	34
345	123	18	35
343	123	20	35
340	122	22	34
341	125	21	34
342	125	20	32
342	125	20	34
341	128	16	33
341	131	14	29
340	129	16	30
338	130	15	31
338	128	13	31
338	127	9	30
340	128	13	29
337	128	14	33
336	128	12	33
336	127	11	34
337	131	12	33
336	129	12	32
334	129	12	33
334	129	14	34
334	129	14	32
335	132	13	30
333	134	12	28
336	133	11	30
330	131	14	31
332	133	14	30
333	131	12	30
335	132	10	29
334	129	12	28
335	132	11	28
329	134	14	28
328	132	15	29
327	133	16	30
325	135	14	31
326	135	13	28
327	136	12	27
326	135	13	27
326	135	9	28
325	137	10	26
324	135	13	26
324	135	12	29
321	135	12	29
322	137	9	27
320	137	8	27
323	136	8	28
321	136	10	29
319	135	12	30
321	138	11	26
319	136	13	27
319	134	12	29
321	134	13	28
318	135	12	28
320	138	10	26
317	140	9	25
317	136	9	27
316	140	11	26
313	141	14	25
314	136	15	27
315	134	16	27
313	134	19	29
311	137	19	26
311	140	18	25
314	137	17	27
312	138	18	24
310	137	18	25
303	137	22	29
303	139	22	29
307	135	21	29
308	134	19	27
301	144	18	25
310	136	17	24
305	144	12	26
313	136	13	27
311	144	10	26
311	137	13	25
305	140	14	29
307	143	11	26
306	143	10	27
307	140	14	27
302	143	16	26
304	136	17	32
307	134	16	32
303	135	17	33
300	136	20	31
300	134	25	30
293	138	18	31
296	138	20	28
295	141	25	27
292	139	27	29
291	138	20	31
295	136	21	31
295	133	22	35
292	133	26	35
292	136	24	33
288	134	29	34
289	136	28	34
286	133	29	37
286	138	31	32
283	133	32	37
287	134	29	36
288	135	22	36
288	139	18	32
288	142	16	29
291	143	12	28
288	144	13	28
288	143	16	27
287	144	13	28
288	143	14	28
284	145	16	26
286	146	16	26
285	144	13	27
283	143	13	28
285	143	15	28
282	143	14	29
284	144	15	27
282	144	14	27
285	144	14	28
281	144	16	31
280	145	15	28
281	144	16	27
278	143	18	29
276	144	20	31
279	144	19	29
277	146	16	28
277	147	16	26
277	144	14	29
275	144	15	30
274	145	17	30
274	145	15	30
275	146	15	29
274	146	14	28
274	146	14	29
273	146	13	27
273	149	15	27
271	147	17	30
270	146	16	29
271	148	15	27
270	148	15	26
268	146	15	28
270	149	14	27
269	146	12	31
269	148	13	29
268	146	14	29
266	146	15	30
264	148	18	30
264	150	18	28
266	149	15	30
265	149	17	29
262	148	18	32
263	148	15	32
263	149	15	31
263	149	14	30
263	148	15	30
261	150	15	31
262	148	15	32
261	149	14	32
261	149	14	32
259	149	15	33
260	149	15	35
259	148	15	33
259	150	17	30
257	151	16	30
257	151	15	32
258	151	14	34
258	153	14	32
257	153	14	32
257	152	15	33
255	153	14	29
257	155	13	29
256	153	14	30
255	152	13	32
254	151	13	32
254	155	14	29
251	147	16	33
252	147	19	37
251	148	17	35
252	147	16	38
251	149	16	36
249	148	16	37
249	147	16	37
248	147	17	38
249	149	17	37
248	149	17	38
248	147	15	39
247	148	15	38
247	148	15	38
247	148	15	37
246	147	16	41
246	144	18	43
244	145	22	37
243	145	24	30
241	147	24	36
240	146	26	39
240	146	25	40
241	146	23	45
240	146	22	44
239	145	22	39
241	145	23	39
239	146	23	41
240	147	22	41
239	146	21	42
239	146	20	42
237	146	25	41
237	146	24	35
237	146	25	32
233	147	30	33
236	147	26	31
235	147	27	28
234	150	25	33
235	147	24	41
236	148	23	45
234	147	25	43
233	148	25	42
234	148	24	41
233	149	26	39
232	148	27	40
232	147	27	42
230	148	27	39
229	148	28	38
231	148	27	36
231	149	25	38
232	149	23	42
231	148	26	44
230	148	23	45
230	147	27	41
230	148	24	37
231	149	24	37
229	148	27	34
229	148	26	32
230	149	27	32
229	148	27	30
226	152	29	28
228	148	28	32
228	154	22	40
228	153	19	42
227	151	21	44
226	151	19	45
226	153	20	47
227	149	19	51
228	150	19	50
228	149	20	46
228	148	23	47
226	148	21	48
227	149	22	49
227	150	18	52
226	149	19	50
226	151	17	49
226	150	17	55
226	149	16	57
225	149	19	54
226	150	18	53
226	149	20	53
226	145	18	53
223	149	18	53
223	150	20	50
223	151	19	49
223	150	18	51
224	151	17	54
222	150	20	56
220	150	23	52
221	152	21	54
222	150	21	52
220	151	24	53
219	151	24	57
219	150	24	51
218	150	25	57
218	151	23	60
219	150	22	60
219	150	19	57
218	153	18	62
217	151	19	65
215	151	23	62
216	151	25	63
217	152	21	62
216	151	25	62
217	150	23	62
216	149	25	62
214	151	25	59
214	151	25	56
214	152	21	60
213	152	25	60
211	151	28	57
211	151	26	56
212	152	24	59
212	153	22	61
211	152	25	61
212	153	25	60
212	151	27	59
210	151	24	63
211	152	23	64
209	154	24	66
209	154	25	65
210	152	23	67
210	153	23	63
211	153	24	62
210	154	25	62
207	152	26	63
206	154	27	60
206	155	27	61
206	154	28	60
205	154	28	60
204	154	26	58
204	155	26	59
204	156	27	56
203	154	26	57
204	156	22	57
205	156	21	59
204	156	23	58
204	157	23	57
205	156	20	62
203	157	26	59
203	156	25	60
203	156	23	60
203	159	24	57
204	158	21	56
202	158	24	56
201	158	25	55
199	157	27	56
199	156	25	55
200	158	26	55
199	155	26	57
199	158	23	56
198	159	27	56
196	158	26	54
196	158	26	56
198	159	24	57
198	156	24	57
196	159	25	57
196	158	24	56
197	160	22	56
195	159	24	57
194	160	30	57
194	157	26	57
194	158	26	58
192	158	24	58
194	160	21	57
193	159	20	57
193	159	19	59
194	160	20	59
193	159	19	58
194	162	20	56
193	160	19	57
192	161	18	59
193	161	18	58
192	161	20	59
191	161	19	58
189	163	22	59
189	162	20	58
189	162	23	60
187	164	25	62
186	161	25	64
186	163	23	71
187	165	21	68
185	163	25	70
184	162	28	67
184	163	27	64
184	163	26	66
184	164	24	64
183	163	22	64
184	164	23	61
184	163	21	67
182	164	22	68
181	162	25	66
180	164	22	66
181	164	25	64
177	163	28	68
180	165	25	67
178	162	26	66
178	164	26	60
179	163	29	57
178	164	26	65
178	166	24	67
176	165	23	64
176	166	26	66
177	165	24	66
176	165	25	66
175	166	22	62
175	165	23	66
173	166	23	68
173	165	22	67
174	167	20	65
173	169	19	64
171	172	19	60
171	170	21	60
171	171	22	62
172	167	18	64
172	169	20	64
171	168	18	66
172	171	17	61
170	171	17	58
170	172	16	57
171	173	15	56
170	172	16	58
168	171	17	54
167	174	19	52
168	176	16	50
167	177	18	52
165	176	19	53
166	178	17	46
167	180	18	44
163	179	20	49
166	177	17	48
164	176	18	51
165	176	17	49
163	180	18	45
165	179	17	45
163	179	18	47
162	178	18	47
163	179	19	48
162	181	18	47
161	181	19	47
162	180	17	47
162	183	18	44
162	182	16	46
160	180	17	48
160	181	16	47
160	181	17	46
159	181	16	48
160	181	16	47
161	183	17	45
159	181	16	44
160	182	15	43
160	181	16	46
160	182	16	46
158	183	17	47
158	181	17	48
159	183	16	47
159	183	16	47
159	184	15	45
158	185	15	44
157	186	17	43
156	187	17	41
157	185	17	44
158	186	17	45
157	186	16	44
157	183	17	47
157	186	15	45
157	187	15	43
157	189	16	41
159	189	14	40
159	186	16	46
158	184	15	48
156	181	17	49
156	181	18	51
156	180	16	52
158	177	17	57
156	187	16	55
157	189	15	50
158	192	14	43
157	195	16	40
157	194	16	41
155	194	17	41
155	199	14	38
155	194	15	42
157	194	13	40
158	194	13	40
158	192	14	40
157	194	12	40
158	193	14	41
156	194	14	41
156	196	14	41
156	197	14	41
157	196	13	40
156	196	13	41
155	197	13	38
155	198	14	39
154	199	15	39
153	200	16	38
154	196	15	40
155	199	13	40
156	198	15	39
155	199	14	38
155	199	14	37
156	200	13	37
155	199	15	39
156	199	14	41
156	201	14	41
155	198	13	42
156	201	13	40
155	201	14	41
154	201	14	39
154	200	15	41
153	200	16	40
154	203	14	36
153	206	14	36
153	203	15	39
155	202	11	40
155	203	11	40
156	202	12	41
154	201	13	42
155	201	14	43
155	200	14	43
155	202	13	44
155	199	14	45
154	200	14	45
155	200	14	47
153	200	15	45
153	200	15	46
153	202	13	45
151	203	15	45
152	203	14	46
150	207	15	45
152	206	13	45
153	208	12	42
154	205	12	45
153	205	12	43
152	208	12	42
152	201	15	46
149	197	17	51
149	204	17	48
152	205	15	46
151	207	15	44
151	208	14	42
151	208	14	44
150	207	14	43
148	208	16	43
150	209	15	42
150	212	15	43
149	210	16	45
151	212	13	41
153	209	12	41
151	210	13	43
150	211	15	44
148	209	18	46
147	207	20	48
146	203	21	54
146	196	21	62
145	191	22	69
144	194	24	67
145	191	21	68
144	192	24	67
147	197	19	63
145	201	21	58
143	196	21	62
143	198	22	60
139	202	27	57
141	199	25	63
143	194	24	66
143	194	23	69
142	195	25	67
143	199	21	60
143	196	23	66
143	197	24	66
143	196	27	69
141	193	36	70
142	193	34	73
141	193	34	73
141	194	33	72
141	195	34	72
139	194	37	70
137	194	39	71
139	197	33	70
143	198	23	69
140	197	23	69
139	198	25	69
141	195	24	70
139	200	26	67
140	197	25	70
138	201	26	66
139	200	26	70
139	200	26	69
139	201	25	67
139	201	26	69
140	201	25	69
141	202	25	70
141	201	22	66
140	203	23	65
141	207	23	64
141	203	23	67
139	205	24	65
140	204	25	71
141	204	25	67
141	203	26	69
142	201	24	70
140	203	31	70
139	204	32	69
139	205	32	70
140	204	27	71
140	205	33	68
140	204	39	68
140	203	37	69
141	202	33	72
141	203	32	72
142	205	34	69
141	204	37	69
140	204	36	70
141	206	35	70
141	205	36	71
141	205	35	71
142	206	37	70
143	205	35	72
143	207	35	73
143	207	39	73
143	207	36	75
143	207	34	75
144	208	36	76
145	208	35	78
142	208	36	75
144	209	33	73
146	212	26	71
144	216	27	71
144	213	27	70
143	216	27	68
145	215	27	69
145	213	26	73
143	213	32	70
143	209	36	77
143	211	41	78
141	211	44	88
142	210	41	89
143	212	36	79
145	214	28	83
146	214	30	93
145	215	29	93
146	213	30	92
147	213	29	97
147	213	31	96
146	215	27	95
146	214	31	94
148	216	26	90
146	218	27	84
145	216	27	86
145	217	28	78
145	216	30	78
146	216	31	78
144	218	29	78
146	217	30	82
145	218	31	79
142	221	35	78
144	221	31	81
144	219	31	79
144	221	31	78
144	221	30	77
143	222	31	78
145	224	30	81
145	222	27	84
144	224	28	82
141	225	28	82
142	224	30	81
141	224	30	84
141	225	31	83
140	223	31	84
140	221	33	84
142	222	37	82
140	222	35	83
138	225	41	80
139	224	42	81
140	223	38	83
141	228	31	79
139	228	29	78
139	228	29	81
140	229	29	77
139	229	29	79
137	228	30	80
136	230	32	79
135	228	33	83
135	226	40	84
133	226	45	82
134	229	50	80
135	227	45	80
135	243	33	68
137	241	31	70
135	241	33	70
135	239	30	71
134	241	34	69
135	241	33	71
136	237	33	76
134	239	35	72
137	237	37	76
134	237	43	76
135	237	34	79
136	233	33	83
136	230	40	86
136	230	46	86
136	232	48	84
135	229	47	84
134	237	46	80
138	238	38	80
136	246	34	76
138	249	31	71
135	247	34	73
135	247	33	73
136	246	35	75
137	244	34	78
138	247	32	75
140	243	31	80
140	242	31	83
138	241	34	85
138	245	34	79
138	248	32	79
139	250	32	75
140	245	32	81
140	241	34	84
141	241	32	87
140	246	33	84
139	243	34	87
139	244	35	88
139	244	37	86
139	246	39	87
137	245	43	88
139	244	36	90
140	247	35	88
139	245	37	88
139	247	35	88
137	247	38	87
138	245	43	87
137	249	36	90
139	246	33	88
138	252	34	86
137	249	36	89
139	253	35	88
139	249	35	90
140	252	36	92
140	251	39	90
140	251	43	91
141	250	41	96
139	251	48	95
141	250	52	98
141	250	51	97
142	252	50	102
139	250	52	98
140	252	53	104
136	251	56	102
139	252	48	104
142	255	39	101
141	254	50	102
143	254	50	105
140	254	52	105
141	256	50	103
140	255	58	104
142	258	49	101
142	254	57	107
141	260	58	100
143	259	58	101
144	260	53	102
144	259	52	103
143	259	52	104
144	257	58	107
143	261	57	103
146	259	45	102
149	262	41	105
150	265	38	103
149	264	43	103
151	265	39	103
150	264	41	102
152	267	41	100
151	264	45	102
152	267	45	104
154	270	36	102
156	269	37	103
156	268	35	106
155	269	40	105
154	268	44	109
158	271	35	107
158	271	35	110
159	270	37	110
159	270	37	114
161	273	34	115
160	275	41	106
158	276	41	108
160	274	42	107
160	278	45	107
160	277	46	107
158	279	53	107
161	280	43	110
161	279	43	110
162	282	45	108
162	281	39	109
163	279	36	109
166	280	35	110
167	280	32	115
166	283	33	114
166	286	43	118
164	285	49	135
163	285	53	133
165	286	52	137
164	282	53	140
163	288	57	131
162	288	61	132
165	286	50	135
165	290	54	131
167	290	48	130
168	292	50	128
168	290	50	128
168	293	43	128
168	290	47	127
170	292	44	127
172	290	41	127
172	292	46	126
173	291	41	129
173	295	44	129
174	295	43	131
174	294	43	129
173	298	47	125
174	297	43	123
175	298	45	124
174	297	46	121
174	300	47	121
175	304	47	113
176	303	47	119
176	305	44	119
175	305	44	117
174	306	47	116
179	307	46	122
179	304	44	119
181	306	43	122
182	309	41	122
183	309	44	126
184	310	42	129
183	312	43	128
184	311	44	122
184	310	44	128
185	312	45	128
185	314	46	120
185	318	45	121
184	317	49	112
186	319	47	117
186	319	49	111
187	320	52	109
187	319	49	112
193	319	45	125
191	321	49	125
191	319	49	133
195	322	48	132
197	320	47	138
200	321	45	138
198	324	46	134
198	324	48	132
201	325	46	134
202	326	47	130
203	327	48	128
202	326	50	131
206	331	46	129
206	330	47	126
208	333	46	123
211	334	46	122
212	334	43	124
215	334	43	124
217	330	41	129
219	336	39	122
220	337	41	120
222	342	43	119
222	343	43	117
224	339	42	120
225	341	42	115
223	343	48	115
225	348	46	109
227	348	44	111
228	350	47	107
228	353	47	104
231	352	45	104
230	353	48	106
230	355	49	103
234	354	48	105
237	357	47	104
236	357	50	102
240	361	48	100
243	363	47	97
243	365	49	94
247	366	49	94
246	366	52	95
243	368	57	90
244	366	57	90
245	369	59	91
245	370	57	87
247	371	58	85
270	382	52	79
270	384	48	77
271	385	56	75
274	387	54	72
274	386	56	73
275	389	59	71
274	392	62	67
278	394	59	64
283	393	58	64
285	397	60	62
285	397	63	60
288	397	62	62
291	396	59	62
295	399	59	58
299	401	59	59
301	403	57	55
301	413	53	52
304	410	50	48
313	413	61	46
312	413	64	44
312	415	72	44
314	414	74	44
301	414	70	46
319	418	75	39
325	420	73	37
317	421	80	35
324	419	75	38
