0.429067
0.030737
0.030707
0.030514
0.030525
0.030882
0.030981
0.030966
0.031034
0.031193
0.031147
0.031077
0.030833
0.030588
0.030724
0.030476
0.030880
0.030564
0.030562
0.030837
0.054821
0.040736
0.032033
0.031080
0.030936
0.031040
0.031149
0.031553
0.031238
0.031349
0.031264
0.056554
0.031970
0.031256
0.031248
0.030926
0.031082
0.031226
0.031162
0.031023
0.060648
0.031509
0.031283
0.031417
0.031732
0.031109
0.031210
0.031453
0.031428
0.031878
0.031420
0.032158
0.045174
0.031844
0.031561
0.034270
0.031455
0.031104
0.031297
0.031330
0.060992
0.031559
0.053240
0.031331
0.031944
0.032561
0.032583
0.032372
0.032380
0.036640
0.042134
0.045531
0.046096
0.046973
0.047928
0.048090
0.048343
0.048512
0.042547
0.067614
0.063502
0.034354
0.033758
0.033890
0.030554
0.030536
0.030758
0.030496
0.058261
0.032782
0.030446
0.030726
0.030807
0.032010
0.031197
0.031138
0.031459
0.030612
0.030807
0.030311
0.059541
0.034041
0.030479
0.030083
0.030282
0.030452
0.030434
0.030425
0.030364
0.055025
0.020518
