0.424738
0.045108
0.044780
0.044896
0.045431
0.045444
0.043850
0.048644
0.064608
0.033401
0.033442
0.033477
0.033467
0.033425
0.033634
0.033410
0.033191
0.032953
0.033061
0.034725
0.057695
0.033293
0.033293
0.033339
0.061920
0.033292
0.032328
0.032541
0.032522
0.032561
0.032538
0.032348
0.032109
0.032437
0.034416
0.039741
0.032248
0.032389
0.032242
0.032285
0.061465
0.041285
0.041958
0.042217
0.042118
0.042556
0.032483
0.032393
0.032210
0.032465
0.032140
0.031948
0.054194
0.038752
0.041458
0.041272
0.041598
0.045000
0.059068
0.055974
0.073641
0.032002
0.032161
0.032134
0.032811
0.032570
0.032200
0.032311
0.032258
0.032144
0.032175
0.032378
0.032067
0.032017
0.032192
0.031994
0.032054
0.031841
0.031874
0.031862
0.082265
0.031909
0.032023
0.031930
0.031934
0.031974
0.031989
0.032135
0.032117
0.031951
0.052883
0.032191
0.032489
0.032241
0.032219
0.032180
0.032094
0.032274
0.031853
0.031785
0.062245
0.031864
0.031924
0.031955
0.032134
0.031996
0.031996
0.031981
0.032014
0.032185
0.056491
0.033534
0.032319
0.032519
0.032394
0.032460
0.032507
0.032423
0.032383
0.032403
0.065089
0.033930
0.032544
0.032369
0.032435
0.032288
0.032229
0.032172
0.032592
0.032406
0.032350
0.032162
0.032433
0.032566
0.032571
0.032667
0.032650
0.032598
0.032351
0.032642
0.063084
0.036855
0.033393
0.032603
0.032401
0.032759
0.032596
0.032585
0.032560
0.032677
0.034344
0.038613
0.032737
0.032684
0.032926
0.032829
0.032973
0.032938
0.032718
0.033189
0.062727
0.032768
0.033356
0.034183
0.033670
0.033262
0.033431
0.033920
0.033201
0.032831
0.038369
0.035694
0.033251
0.032860
0.032647
0.032483
0.032254
0.032098
0.032210
0.031747
0.063876
0.032101
0.031787
0.031641
0.031548
0.031482
0.031336
0.031118
0.031482
0.031142
0.031336
0.031177
0.031108
0.031164
0.031079
0.031451
0.031094
0.031528
0.030979
0.034261
0.064107
0.031071
0.030916
0.031029
0.031062
0.031037
0.031140
0.031326
0.031142
0.034435
0.037651
0.032502
0.031151
0.030853
0.031471
0.031114
0.031374
0.031039
0.031083
0.031060
0.061369
0.031052
0.031364
0.030949
0.031223
0.031166
0.030943
0.031047
0.030984
0.030967
0.034889
0.033741
0.030895
0.030647
0.030757
0.030645
0.030693
0.030676
0.030701
0.030590
0.061367
0.033014
0.030814
0.030834
0.030661
0.030987
0.030713
0.030871
0.030918
0.031031
0.031111
0.031136
0.031023
0.030761
0.030724
0.030629
0.030562
0.030666
0.030690
0.030973
0.061459
0.034070
0.033835
0.030892
0.031043
0.030936
0.031240
0.030924
0.030803
0.030723
0.030643
0.030697
0.036456
0.033370
0.030745
0.030645
0.030768
0.030744
0.030945
0.030972
0.060905
0.031073
0.031325
0.030999
0.031055
0.031028
0.031254
0.031019
0.030938
0.031000
0.040918
0.040447
0.054608
0.039929
0.039485
0.043937
0.043365
0.043656
0.043722
0.043692
0.084950
0.047129
0.059423
0.032201
0.032078
0.032211
0.032112
0.032220
0.032031
0.031737
0.031853
0.031911
0.031910
0.032220
0.031802
0.031962
0.031884
0.031796
0.031830
0.044719
0.061257
0.030919
0.030902
0.030908
0.031081
0.030850
0.030840
0.030559
0.030676
0.057901
0.038499
0.031041
0.031159
0.030982
0.030960
0.030837
0.028711
0.030812
0.030745
0.030859
0.061174
0.030746
0.030853
0.030678
0.030746
0.031066
0.030665
0.030867
0.030723
0.030971
0.040768
0.039290
0.039464
0.039625
0.043774
0.047072
0.057957
0.032912
0.057105
0.032245
0.061014
0.035977
0.043427
0.043390
0.043275
0.044438
0.043378
0.043119
0.043117
0.043501
0.043364
0.070089
0.067969
0.038948
0.031735
0.035858
0.033216
0.031701
0.031754
0.030944
0.061224
0.033877
0.039330
0.030769
0.030558
0.030638
0.030678
0.030624
0.030787
0.028693
0.030567
0.030685
0.030537
0.030621
0.030584
0.030778
0.030672
0.030612
0.030711
0.030767
0.060365
0.031584
0.052438
0.034040
0.040915
0.039901
0.039089
0.030899
0.030874
0.030615
0.030659
0.030593
0.039845
0.034101
0.030639
0.030608
0.030804
0.030736
0.030689
0.030618
0.061066
0.030623
0.030731
0.030667
0.030742
0.030644
0.030861
0.030676
0.030621
0.030616
0.030664
0.030616
0.030743
0.043004
0.031006
0.030611
0.030732
0.030838
0.030706
0.030749
0.060307
0.030707
0.030615
0.050522
0.030698
0.030669
0.030777
0.030583
0.030706
0.030648
0.030664
0.030757
0.030846
0.030557
0.030701
0.030657
0.030587
0.030571
0.030573
0.030734
0.061016
0.030508
0.030483
0.030630
0.035746
0.032110
0.030855
0.030547
0.030646
0.030547
0.030839
0.030605
0.030633
0.030562
0.030447
0.034785
0.033620
0.030550
0.030373
0.030504
0.060347
0.030301
0.030257
0.030310
0.030215
0.030518
0.030183
0.030171
0.030262
0.030141
0.030142
0.030183
0.030473
0.030218
0.030356
0.030278
0.030336
0.043350
0.030387
0.030249
0.060549
0.030228
0.030278
0.030547
0.030320
0.030386
0.030377
0.053341
0.030849
0.030364
0.030489
0.030437
0.030544
0.030599
0.030418
0.030421
0.030447
0.030332
0.030501
0.030666
0.060491
0.030417
0.030404
0.030304
0.030268
0.030342
0.030314
0.030217
0.053259
0.039497
0.038737
0.030508
0.030250
0.030613
0.030344
0.031001
0.031278
0.030630
0.031069
0.038324
0.060915
0.030355
0.030290
0.030148
0.030237
0.030241
0.030074
0.030202
0.030281
0.030251
0.030371
0.030256
0.030377
0.030343
0.030311
0.030464
0.030496
0.030553
0.030581
0.030414
0.061392
0.030458
0.030374
0.030478
0.030610
0.030417
0.030548
0.030381
0.030725
0.030471
0.033087
0.034627
0.030487
0.038936
0.036618
0.030531
0.030389
0.030416
0.030386
0.030323
0.060128
0.030328
0.030453
0.030239
0.030396
0.030231
0.030194
0.030270
0.030268
0.030315
0.030259
0.032879
0.039307
0.030172
0.030293
0.030259
0.030194
0.030411
0.030189
0.030279
0.060812
0.033613
0.039081
0.038097
0.038340
0.036530
0.030167
0.030024
0.030131
0.030447
0.030121
0.030170
0.030138
0.030120
0.030027
0.030140
0.030216
0.030337
0.030216
0.030039
0.060649
0.030205
0.057210
0.038478
0.038208
0.038383
0.041738
0.044693
0.030234
0.030240
0.030221
0.035233
0.031777
0.030162
0.030426
0.030151
0.030308
0.030173
0.030369
0.030279
0.059756
0.030536
0.030311
0.030272
0.030361
0.030183
0.030271
0.030271
0.030424
0.030263
0.030254
0.030940
0.030562
0.042313
0.038730
0.030432
0.030238
0.030400
0.030338
0.030443
0.060779
0.030348
0.036641
0.037381
0.031456
0.030899
0.030815
0.030357
0.030512
0.030339
0.030229
0.030275
0.030495
0.030349
0.030306
0.030295
0.030256
0.030179
0.030403
0.030332
0.060804
0.032195
0.030488
0.033214
0.036606
0.030339
0.030308
0.030411
0.030257
0.030306
0.030446
0.030420
0.030478
0.030288
0.038755
0.030815
0.030153
0.030241
0.030139
0.030169
0.059835
0.030213
0.030284
0.030322
0.030181
0.030346
0.030192
0.030264
0.030312
0.030228
0.030271
0.030368
0.030194
0.030275
0.030257
0.030190
0.039412
0.038392
0.036130
0.030603
0.060766
0.030310
0.030350
0.030270
0.030357
0.037332
0.031230
0.030443
0.030417
0.030377
0.030354
0.030397
0.030377
0.030376
0.030353
0.030466
0.030371
0.030321
0.030458
0.030384
0.060852
0.030400
0.030405
0.030437
0.030396
0.030691
0.030380
0.039531
0.031229
0.030770
0.030643
0.030721
0.030763
0.030744
0.031505
0.034702
0.039192
0.095802
0.030807
0.030423
0.059994
0.030398
0.030468
0.030433
0.030600
0.030326
0.030422
0.030394
0.030449
0.030315
0.030732
0.030651
0.030550
0.030659
0.030432
0.030418
0.030401
0.051920
0.031235
0.030536
0.060877
0.030393
0.030558
0.030368
0.030371
0.030565
0.030390
0.033871
0.034005
0.030392
0.030586
0.030457
0.030415
0.030439
0.040308
0.036131
0.030640
0.030494
0.030684
0.030406
0.061100
0.030330
0.030379
0.030600
0.030473
0.030450
0.030900
0.030454
0.052460
0.030449
0.030609
0.030504
0.030448
0.030350
0.030571
0.030619
0.030415
0.030425
0.030838
0.038045
0.060099
0.030576
0.030410
0.030432
0.030524
0.030325
0.030427
0.030528
0.030331
0.030516
0.030300
0.030422
0.030404
0.030315
0.030485
0.030428
0.030254
0.030267
0.030414
0.030354
0.080620
0.030463
0.030483
0.030389
0.030354
0.030364
0.030347
0.030383
0.030402
0.030742
0.041638
0.033569
0.038932
0.038729
0.038677
0.041793
0.042631
0.042516
0.054356
0.030391
0.060946
0.030358
0.030257
0.030302
0.030350
0.030307
0.030300
0.030415
0.030282
0.038234
0.030644
0.030242
0.030602
0.030461
0.030306
0.030284
0.030228
0.030353
0.030187
0.030876
0.073510
0.030382
0.030925
0.030300
0.030417
0.030346
0.030310
0.030359
0.030271
0.030274
0.030217
0.030293
0.030314
0.030457
0.030322
0.030230
0.030174
0.030143
0.030196
0.030337
0.061008
0.033692
0.030347
0.030316
0.030506
0.030249
0.030574
0.030419
0.030435
0.030460
0.030439
0.031601
0.036413
0.030456
0.030290
0.030369
0.030364
0.030426
0.030483
0.030399
0.061248
0.030292
0.030156
0.039853
0.039422
0.038733
0.030344
0.030466
0.030209
0.030318
0.030343
0.030364
0.043305
0.030623
0.030293
0.030378
0.030418
0.030367
0.030271
0.030260
0.059927
0.030224
0.036266
0.031440
0.030310
0.030665
0.030273
0.030310
0.030383
0.030297
0.030267
0.030538
0.030458
0.030431
0.030354
0.030317
0.030370
0.030297
0.030380
0.030278
0.060953
0.031058
0.030380
0.030423
0.039633
0.033489
0.030427
0.030379
0.030508
0.030384
0.030447
0.030362
0.030617
0.030480
0.030517
0.044677
0.033461
0.031123
0.031533
0.031411
0.061921
0.031193
0.031460
0.031149
0.031229
0.031419
0.031130
0.031105
0.031057
0.031231
0.031015
0.030286
0.030423
0.030432
0.030356
0.030248
0.037317
0.031425
0.030445
0.030482
0.059921
0.030306
0.030275
0.030385
0.030371
0.030384
0.034741
0.033663
0.030655
0.030308
0.030392
0.030323
0.030383
0.030337
0.030368
0.030290
0.030497
0.030345
0.030288
0.030399
0.060876
0.030407
0.030379
0.030462
0.030389
0.030599
0.030613
0.030439
0.040107
0.038946
0.038960
0.031287
0.030537
0.030466
0.030474
0.030676
0.030502
0.030458
0.041402
0.030658
0.061631
0.030567
0.030565
0.030504
0.030513
0.030521
0.030532
0.030569
0.030542
0.030679
0.030918
0.030643
0.030590
0.030673
0.031458
0.031568
0.030588
0.030794
0.055053
0.030850
0.060255
0.030617
0.030811
0.030569
0.030455
0.030497
0.030611
0.030652
0.039566
0.031674
0.030598
0.030519
0.030499
0.030632
0.030672
0.030617
0.030727
0.030574
0.030622
0.030698
0.060720
0.030684
0.030889
0.030670
0.030826
0.030511
0.030597
0.030616
0.030609
0.031433
0.037757
0.030893
0.030622
0.030515
0.030580
0.030600
0.030586
0.030485
0.030564
0.030627
0.067987
0.030706
0.030817
0.030476
0.030526
0.030553
0.030569
0.030548
0.030639
0.030754
0.030800
0.030647
0.030535
0.030589
0.030678
0.030462
0.030881
0.030736
0.030604
0.042369
0.060503
0.030490
0.030407
0.030401
0.030445
0.030476
0.030549
0.030434
0.030450
0.037061
0.033244
0.030472
0.030577
0.030700
0.030548
0.030663
0.030455
0.030550
0.030460
0.030572
0.061077
0.030612
0.030625
0.030642
0.030716
0.030627
0.030465
0.030541
0.030455
0.030462
0.030758
0.034282
0.030624
0.030715
0.030514
0.030548
0.030585
0.030445
0.030490
0.030522
0.061179
0.044086
0.038822
0.038944
0.038784
0.041605
0.042685
0.042955
0.042912
0.063531
0.031379
0.030525
0.030557
0.030500
0.030557
0.030477
0.030629
0.030456
0.030628
0.052900
0.070342
0.038773
0.042748
0.056103
0.031341
0.032007
0.030967
0.053682
0.030664
0.031116
0.030489
0.030622
0.030608
0.030506
0.030348
0.030365
0.030470
0.030546
0.030514
0.030458
0.060824
0.030307
0.030353
0.030377
0.030370
0.030364
0.030613
0.030394
0.058566
0.038238
0.031208
0.031203
0.031180
0.031209
0.031337
0.031285
0.031230
0.031242
0.056155
0.031917
0.061837
0.031369
0.031230
0.031342
0.031438
0.031329
0.031129
0.031189
0.031261
0.031131
0.031169
0.031485
0.031345
0.031359
0.031285
0.031282
0.031260
0.031194
0.031138
0.046824
0.063168
0.030479
0.030477
0.030296
0.030447
0.030432
0.030286
0.030386
0.040631
0.032173
0.030440
0.030361
0.030360
0.030269
0.030419
0.030328
0.031419
0.030526
0.030396
0.042338
0.070467
0.030500
0.030409
0.030417
0.030314
0.030403
0.030525
0.030425
0.031972
0.046643
0.030450
0.030348
0.030402
0.030430
0.030426
0.030515
0.030623
0.030488
0.030408
0.043031
0.069299
0.030429
0.030347
0.030463
0.030209
0.030173
0.030226
0.030765
0.030331
0.030212
0.030313
0.030237
0.030066
0.030281
0.030172
0.030201
0.030274
0.030193
0.030122
0.030101
0.064562
0.030452
0.030144
0.030013
0.032437
0.040131
0.038851
0.038417
0.058175
0.030733
0.030244
0.030250
0.030230
0.030361
0.030098
0.030166
0.030162
0.030297
0.030244
0.030287
0.060820
0.030151
0.030215
0.030320
0.030210
0.030435
0.030381
0.030213
0.030233
0.030339
0.042738
0.030912
0.030389
0.030496
0.030352
0.030416
0.030392
0.030325
0.030460
0.031863
0.062262
0.034149
0.030787
0.030280
0.030293
0.030297
0.030313
0.030325
0.030320
0.030270
0.030365
0.030289
0.030340
0.030483
0.030425
0.030190
0.030220
0.030376
0.030312
0.030392
0.060035
0.030855
0.039740
0.038914
0.038758
0.035216
0.030447
0.030370
0.030394
0.030429
0.030312
0.031637
0.036359
0.030428
0.030461
0.030290
0.030385
0.030360
0.030302
0.030450
0.060617
0.030304
0.030352
0.030325
0.030333
0.030461
0.030303
0.030652
0.030296
0.030240
