0.354570
0.030319
0.031441
0.031056
0.030365
0.049539
0.029949
0.029959
0.030068
0.030137
0.030163
0.030075
0.030012
0.029957
0.029918
0.030948
0.037062
0.030577
0.038882
0.038709
0.063276
0.031767
0.030069
0.029933
0.031613
0.040801
0.038818
0.038579
0.039047
0.042483
0.042527
0.042605
0.042608
0.068113
0.042712
0.042645
0.042744
0.042639
0.042814
0.042522
0.095816
0.039827
0.039756
0.039638
0.067337
0.030975
0.030999
0.031146
0.030964
0.030990
0.036827
0.037157
0.030915
0.032555
0.030890
0.030967
0.031026
0.030897
0.052201
0.038320
0.061055
0.030872
0.030695
0.030933
0.030771
0.039945
0.033961
0.053412
0.031230
0.031385
0.030753
0.030639
0.030657
0.031801
0.030770
0.030618
0.031959
0.031627
0.031690
0.031662
0.061553
0.031494
0.031609
0.031258
0.031432
0.031170
0.031293
0.031277
0.050862
0.030372
0.030346
0.030127
0.030130
0.030198
0.030089
0.030396
0.030082
0.029991
0.030247
0.038163
0.064595
0.034273
0.033625
0.033221
0.033431
0.033343
0.033229
0.033314
0.033171
0.032861
0.033120
0.032692
0.032825
0.032386
0.032767
0.032396
0.032624
0.032242
0.032570
0.045710
0.063428
0.032461
0.032207
0.032159
0.032361
0.032208
0.032695
0.032435
0.037042
0.036139
0.033113
0.031999
0.032040
0.031840
0.031959
0.031813
0.031806
0.031600
0.031732
0.031887
0.062462
0.031780
0.031778
0.041526
0.041474
0.032025
0.031826
0.031986
0.041119
0.032097
0.031609
0.031743
0.031567
0.031505
0.031437
0.031557
0.031527
0.031605
0.031949
0.038211
0.061433
0.031286
0.031454
0.031294
0.031532
0.031166
0.031368
0.031354
0.031269
0.031234
0.031637
0.031535
0.031249
0.031418
0.031263
0.031157
0.031146
0.031079
0.031616
0.031018
0.071924
0.031144
0.031094
0.031155
0.031077
0.031022
0.030928
0.030915
0.030661
0.028657
0.042140
0.031000
0.030558
0.020548
0.020476
0.030455
0.030464
0.030900
0.031039
0.031052
0.061309
0.032082
0.022972
0.022861
0.032941
0.034347
0.030016
0.030036
0.030077
0.030155
0.030314
0.030329
0.037839
0.033301
0.031090
0.031051
0.031124
0.030834
0.031113
0.030997
0.061126
0.030902
0.048498
0.031849
0.030904
0.030841
0.031025
0.031027
0.030845
0.030946
0.031132
0.030892
0.030810
0.030910
0.030937
0.031013
0.030959
0.031144
0.031158
0.031058
0.060984
0.030995
0.031011
0.043112
0.030635
