0.442685
0.081559
0.035253
0.030159
0.030084
0.030121
0.030160
0.030114
0.030050
0.029972
0.033394
0.041191
0.038459
0.030313
0.029905
0.030213
0.029986
0.029953
0.029961
0.030067
0.053814
0.030025
0.030056
0.030047
0.030099
0.030052
0.030123
0.030001
0.029957
0.030005
0.029940
0.030142
0.037684
0.031610
0.030028
0.030085
0.029994
0.030053
0.029902
0.030114
0.060068
0.030078
0.053224
0.030160
0.029873
0.030041
0.030083
0.030050
0.029994
0.030068
0.030148
0.030088
0.030091
0.030155
0.030075
0.029938
0.030016
0.030109
0.030077
0.030174
0.059796
0.029998
0.030104
0.030003
0.039783
0.030782
0.030308
0.030343
0.030066
0.030250
0.030131
0.030045
0.030168
0.030807
0.030155
0.047879
0.033400
0.030119
0.030298
0.030378
0.059991
0.030151
0.030266
0.030148
0.030088
0.030233
0.030232
0.030244
0.030291
0.030197
0.030217
0.030199
0.030170
0.030627
0.030514
0.030329
0.050650
0.034442
0.030324
0.030336
0.059781
0.030187
0.030302
0.030411
0.030415
0.030262
0.050699
0.034681
0.030429
0.030347
0.030238
0.030423
0.030444
0.030391
0.030418
0.030247
0.030346
0.030489
0.030267
0.030528
0.060603
0.030538
0.030532
0.030532
0.030362
0.030523
0.030486
0.030480
0.054902
0.031367
0.031220
0.031385
0.031362
0.031357
0.031203
0.031324
0.031235
0.031364
0.057635
0.033490
0.060168
0.030608
0.034177
0.036277
0.030682
0.031022
0.030806
0.030963
0.030646
0.030749
0.030820
0.030890
0.030790
0.031079
0.030914
0.031225
0.030895
0.030918
0.031386
0.038332
0.061510
0.030946
0.030988
0.031239
0.030969
0.031068
0.031020
0.031041
0.031109
0.042839
0.031257
0.031341
0.031136
0.031238
0.031324
0.031329
0.031372
0.031560
0.031466
0.031363
0.061033
0.031440
0.031547
0.031477
0.031704
0.031719
0.031704
0.031631
0.031672
0.051315
0.033631
0.031794
0.031963
0.032137
0.031962
0.032175
0.032063
0.032475
0.032263
0.032383
0.075248
0.032269
0.032475
0.032540
0.032477
0.032562
0.032526
0.032562
0.032390
0.032716
0.032438
0.032387
0.032457
0.022433
0.022479
0.022443
0.022466
0.022512
