0.355935
0.031310
0.030171
0.030162
0.030036
0.030249
0.030101
0.030161
0.030057
0.030265
0.033813
0.039152
0.038196
0.038632
0.030359
0.030025
0.030152
0.030035
0.030234
0.030432
0.053833
0.030070
0.030217
0.030143
0.030139
0.030128
0.030105
0.030313
0.030156
0.030000
0.030085
0.033182
0.035447
0.030137
0.029994
0.030199
0.030128
0.030064
0.030290
0.030182
0.059881
0.052928
0.031407
0.030315
0.030173
0.030056
0.030117
0.030139
0.030207
0.030231
0.030074
0.030456
0.031094
0.030434
0.030114
0.030118
0.030161
0.030007
0.030167
0.030178
0.059713
0.030128
0.032313
0.039178
0.038487
0.038495
0.030362
0.030195
0.030177
0.030234
0.030306
0.030173
0.030177
0.038011
0.030463
0.030392
0.030275
0.030256
0.030179
0.030290
0.060220
0.030235
0.030203
0.030281
0.030367
0.030267
0.030252
0.030237
0.030284
0.030338
0.030261
0.030173
0.030490
0.030209
0.030732
0.039447
0.038538
0.038291
0.041812
0.047601
0.077364
0.040143
0.053047
0.038516
0.042506
0.042316
0.042114
0.041918
0.042301
0.042323
0.037717
0.037197
0.031770
0.030477
0.030149
0.030076
0.030035
0.030072
0.030103
0.030156
0.060764
0.032312
0.030096
0.030022
0.030413
0.030908
0.030727
0.030180
0.030118
0.030141
0.030205
0.038685
0.033198
0.030073
0.030004
0.030150
0.030157
0.030031
0.030097
0.030224
0.059661
0.030127
0.029971
0.029985
0.030065
0.030154
0.030152
0.030167
0.030147
0.030115
0.030143
0.030085
0.031180
0.036113
0.030412
0.030154
0.030195
0.030244
0.030185
0.030102
0.059805
0.030165
0.030283
0.041339
0.031107
0.030304
0.030186
0.030255
0.030183
0.030221
0.030145
0.030159
0.030306
0.030305
0.030194
0.030247
0.030227
0.030273
0.030173
0.030197
0.059834
0.030205
0.030342
0.030238
0.033663
0.033337
0.030276
0.030251
0.030278
0.030279
0.030251
0.030365
0.030361
0.030111
0.030244
0.042404
0.030877
0.030094
0.030174
0.030218
0.059820
0.030168
0.030369
0.030080
0.030185
0.030181
0.030140
0.030222
0.030177
0.030212
0.030114
0.030152
0.030235
0.030165
0.030174
0.030177
0.051848
0.030727
0.030451
0.030301
0.059443
0.030185
0.030087
0.030107
0.030177
0.030212
0.032976
0.033978
0.030315
0.030301
0.030473
0.030409
0.030463
0.030763
0.046120
0.030754
0.030478
0.030602
0.030518
0.030354
0.059866
0.030483
0.030362
0.030375
0.030403
0.038877
0.030457
0.030233
0.030068
0.030284
0.030337
0.030262
0.030473
0.030551
0.030714
0.031452
0.046068
0.031782
0.030659
0.030517
0.059798
0.030382
0.030365
0.030307
0.030421
0.030386
0.030368
0.030443
0.030397
0.030486
0.030444
0.030445
0.030324
0.030385
0.030388
0.030326
0.030447
0.049157
0.030789
0.030445
0.059865
0.030357
0.030401
0.030503
0.030479
0.030510
0.030422
0.033609
0.032814
0.030378
0.030503
0.030912
0.030366
0.030488
0.030412
0.030509
0.030402
0.030469
0.030394
0.030373
0.059677
0.030324
0.030352
0.030356
0.030324
0.030354
0.030374
0.030390
0.030713
0.036803
0.030577
0.030285
0.030464
0.030342
0.030282
0.030231
0.030312
0.030263
0.030457
0.030374
0.069663
0.030334
0.030389
0.030326
0.030242
0.030179
0.030348
0.030284
0.030304
0.030327
0.030276
