0.354690
0.031313
0.029959
0.030077
0.029940
0.029839
0.038528
0.029778
0.029223
0.029712
0.029870
0.029794
0.052055
0.040341
0.040409
0.029779
0.040628
0.029795
0.029633
0.029691
0.052328
0.037184
0.030776
0.042744
0.044080
0.043402
0.030254
0.034410
0.036130
0.029719
0.029733
0.029735
0.029814
0.030002
0.029810
0.029926
0.019792
0.045472
0.029837
0.029836
0.059240
0.053506
0.029807
0.029022
0.045161
0.029845
0.045527
0.029675
0.029847
0.029752
0.029899
0.037693
0.030155
0.029708
0.029831
0.029806
0.029796
0.029822
0.029659
0.029785
0.059260
0.029800
0.029867
0.029776
0.029863
0.029878
0.029706
0.029860
0.029783
0.029754
0.029736
0.044978
0.030595
0.047210
0.029071
0.045456
0.045007
0.045065
0.045616
0.045340
0.046089
0.038772
0.037960
0.038034
0.053948
0.041972
0.041932
0.057994
0.065969
0.085279
0.063746
0.046308
0.029360
0.045340
0.030060
0.042847
0.048067
0.045329
0.029894
0.029829
0.045326
0.029996
0.029877
0.029808
0.029799
0.038284
0.033342
0.029843
0.029930
0.045360
0.045484
0.045614
0.029857
0.045142
0.045250
0.029835
0.029788
0.045453
0.029651
0.029790
0.059856
0.029918
0.029930
0.029681
0.046283
0.033715
0.029764
0.029876
0.029857
0.029780
0.029936
0.029883
0.029880
0.029964
0.029800
0.050066
0.029924
0.029891
0.029857
0.029809
0.059439
0.029963
0.029801
0.030386
0.030792
0.030150
0.029873
0.029839
0.029790
0.029794
0.029758
0.029728
0.029888
0.029930
0.029895
0.029118
0.029889
0.038846
0.030215
0.029972
0.059685
0.029892
0.029886
0.045030
0.029823
0.029969
0.029914
0.041038
0.030197
0.029806
0.029811
0.029833
0.029844
0.029853
0.029816
0.029708
0.029971
0.029870
0.029701
0.029844
0.059598
0.029915
0.029999
0.030386
0.029919
0.029980
0.029966
0.029969
0.029917
0.037889
0.031341
0.029998
0.029934
0.030000
0.030010
0.030042
0.030015
0.029989
0.030088
0.029370
0.062925
0.030663
0.030061
0.029910
0.030031
0.029924
0.030706
0.045649
0.030192
0.030015
0.030037
0.030093
0.030135
0.030254
0.030133
0.030153
0.030148
0.030197
0.030166
0.030197
0.059979
0.038701
0.030806
0.030373
0.030317
0.030307
0.030438
0.030556
0.030591
0.030637
0.030618
0.030638
0.044654
0.031047
0.030554
0.030606
0.030689
0.030681
0.030719
0.030547
0.060349
0.030611
0.030477
0.030541
0.030409
0.030419
0.030635
0.030617
0.030628
0.030629
0.030660
0.030289
0.030410
0.043271
0.033721
0.030522
0.030682
0.030390
0.030462
0.030507
0.060022
0.030511
0.030535
0.033587
0.032505
0.030430
0.030184
0.030205
0.030192
0.030273
0.030244
0.030305
0.030256
0.030207
0.030417
0.030403
0.030323
0.030384
0.031228
0.030809
0.059799
0.030364
0.030341
0.030471
0.037458
0.035206
0.030747
0.030609
0.030775
0.030661
0.030729
0.030575
0.030618
0.030436
0.030451
0.044475
0.030447
0.030219
0.030299
0.030341
0.059699
0.030135
0.030246
0.030236
0.030236
0.030307
0.030468
0.030338
0.030457
0.030333
0.030295
0.030264
0.030306
0.030376
0.030591
0.030533
0.033731
0.039837
0.038833
0.031071
0.059837
0.030498
0.030307
0.030381
0.030416
0.030359
0.051303
0.030549
0.030327
0.030405
0.030331
0.030437
0.030756
0.030484
0.030563
0.030539
0.030381
0.030411
0.030362
0.030396
0.059889
0.030528
0.030618
0.030522
0.030443
0.030415
0.030662
0.050962
0.030776
0.030424
0.030482
0.030448
0.030361
0.030430
0.030388
0.030393
0.030510
0.030429
0.036255
0.032375
0.059747
0.030500
0.030429
0.030497
0.030451
0.030378
0.030576
0.030358
0.030449
0.030447
0.030452
0.030832
0.030435
0.030440
0.030550
0.030414
0.030407
0.030365
0.030484
0.030336
0.068636
0.030479
0.030500
0.030338
0.030394
0.030449
0.030401
0.030740
0.030463
0.030347
0.036237
0.031752
0.030485
0.030475
0.030407
0.030421
0.030497
0.030571
0.030492
0.030381
0.059957
0.030379
0.030354
0.030511
0.030523
0.030460
0.030512
0.030332
0.030444
0.030765
0.031440
0.030921
0.044682
0.038877
0.038863
0.030417
0.030460
0.030953
0.030425
0.030754
0.059944
0.052625
0.030508
0.030591
0.030488
0.030458
0.030458
0.030482
0.030405
0.030671
0.030459
0.030497
0.030415
0.030531
0.030550
0.030517
0.030571
0.030521
0.030695
0.030550
0.060165
0.030551
0.051843
0.030765
0.030442
0.030435
0.031084
0.030427
0.030475
0.030458
0.030495
0.030491
0.030448
0.040801
0.030835
0.030394
0.030406
0.030376
0.030543
0.030425
0.059894
0.030594
0.030471
0.030596
0.030792
0.030540
0.030451
0.030545
0.030540
0.030555
0.030559
0.030578
0.030561
0.030431
0.030923
0.037329
0.030744
0.030903
0.030559
0.030434
0.059765
0.030434
0.030454
0.030406
0.030345
0.043733
0.030824
0.030582
0.030473
0.030453
0.030798
0.030640
0.031151
0.038999
0.041503
0.030640
0.030553
0.030412
0.030663
0.030430
0.060222
0.030505
0.030457
0.030367
0.030435
0.030799
0.040126
0.030681
0.030434
0.030416
0.030435
0.030388
0.030461
0.030505
0.030350
0.030523
0.030394
0.044844
0.030679
0.030659
0.059779
0.030327
0.031034
0.030410
0.030529
0.030432
0.030478
0.030427
0.030490
0.031315
0.030538
0.030348
0.030331
0.030439
0.030516
0.030401
0.030519
0.030493
0.041471
0.031319
0.062908
0.035549
0.030662
0.030584
0.030548
0.030459
0.030480
0.030331
0.045031
0.031222
0.030595
0.030491
0.030524
0.030443
0.030499
0.030534
0.030602
0.030432
0.030479
0.030478
0.059949
0.030457
0.030380
0.030452
0.030472
0.030476
0.030400
0.030510
0.058883
0.040031
0.031369
0.032090
0.031277
0.031430
0.031223
0.031185
0.031491
0.031294
0.053712
0.037190
0.060224
0.030459
0.030444
0.030534
0.030490
0.030446
0.030484
0.030427
0.030610
0.030507
0.030447
0.030483
0.030399
0.030607
0.030607
0.030501
0.030528
0.030520
0.030445
0.031234
0.068896
0.030579
0.030582
0.030473
0.030453
0.030478
0.030463
0.030468
0.030515
0.030477
0.041359
0.030812
0.030497
0.030561
0.030491
0.030505
0.030511
0.030487
0.030424
0.030320
0.060568
0.030584
0.030704
0.030639
0.030441
0.030461
0.030557
0.030932
0.030531
0.030563
0.030509
0.047558
0.031150
0.030507
0.030502
0.030610
0.030527
0.030419
0.030532
0.030408
0.060349
0.032445
0.036399
0.030488
0.030458
0.030515
0.030695
0.030505
0.030599
0.030775
0.030576
0.030577
0.030422
0.030544
0.030606
0.030893
0.030555
0.031005
0.030539
0.030578
