0.344272
0.042768
0.031721
0.030134
0.029772
0.029804
0.029958
0.020019
0.029841
0.029786
0.029776
0.049322
0.038456
0.037930
0.037810
0.040506
0.062853
0.033010
0.043997
0.050360
0.063947
0.039125
0.038892
0.038878
0.025931
0.026119
0.025930
0.025713
0.025880
0.026085
0.025937
0.025955
0.026032
0.026430
0.020490
0.020560
0.020392
0.020452
0.020331
0.019889
0.019797
0.019848
0.019864
0.019929
0.036244
0.020309
0.020115
0.020153
0.019952
0.020201
0.019938
0.020153
0.020002
0.020132
0.020087
0.019984
0.020043
0.020007
0.030059
0.026102
0.024301
0.020056
0.019945
0.019987
0.019994
0.019950
0.019928
0.020281
0.020011
0.019997
0.019977
0.019994
0.020043
0.019990
0.019968
0.019994
0.020609
0.020637
0.020895
0.020669
0.020462
0.020475
0.020433
0.020475
0.019930
