0.362892
0.030963
0.030800
0.030776
0.034771
0.030548
0.030000
0.030082
0.030030
0.030210
0.030170
0.030072
0.030065
0.030183
0.030064
0.038296
0.030452
0.030217
0.030247
0.030418
0.053893
0.030218
0.030187
0.030099
0.030117
0.030182
0.030162
0.030263
0.030182
0.030121
0.020262
0.020271
0.020199
0.020227
0.020179
0.020213
0.020264
0.020257
0.020207
0.023680
0.020599
0.020198
0.020249
0.020226
0.020262
0.020210
0.020220
0.020318
0.020154
0.020308
0.020286
0.020220
0.030421
0.050661
0.030511
0.030374
0.030333
0.045572
0.030251
0.045895
0.061732
0.030343
0.030236
0.030308
0.030829
0.030464
0.030429
0.030360
0.030405
0.030359
0.030233
0.030380
0.030589
0.031024
0.036628
0.030744
0.030501
0.030763
0.030552
0.030589
0.060058
0.030477
0.030457
0.051301
0.031078
0.030463
0.030704
0.030529
0.030499
0.030576
0.030698
0.030560
0.030616
0.030622
0.030679
0.028636
0.030555
0.030539
0.030650
0.030766
0.060601
0.041205
0.039624
0.053406
0.033663
0.030945
0.030867
0.030903
0.030673
0.030740
0.030931
0.030982
0.030873
0.032056
0.034263
0.031260
0.030943
0.030763
0.030985
0.030890
0.061419
0.030884
0.030916
0.030800
0.030833
0.030834
0.030915
0.031112
0.030967
0.031171
0.031017
0.030878
0.030904
0.037335
0.059535
0.031394
0.031863
0.031018
0.035221
0.033660
0.060308
0.030954
0.035936
0.031722
0.030850
0.030876
0.030546
0.028699
0.030662
0.030963
0.030910
0.031046
0.031058
0.031001
0.030999
0.030953
0.030797
0.031154
0.031161
0.031115
0.061230
0.030907
0.030994
0.031290
0.038321
0.031396
0.030928
0.030855
0.030652
0.031159
0.030934
0.030613
0.030529
0.030597
0.030607
0.037994
0.030922
0.021102
0.021023
0.021059
0.060490
0.031389
0.031803
0.032432
0.032504
0.032605
0.032591
0.032179
0.031510
0.031160
0.030888
0.030989
0.030889
0.030969
0.030988
0.031080
0.030921
0.034473
0.030839
0.031183
0.061096
0.031484
0.031202
0.031024
0.030894
0.030942
0.054291
0.032444
