0.415213
0.031305
0.055548
0.030522
0.030488
0.030336
0.030746
0.030519
0.030481
0.030423
0.030388
0.030310
0.035497
0.037994
0.030409
0.030536
0.030427
0.030253
0.030312
0.030246
0.053976
0.030266
0.030400
0.030328
0.030420
0.030321
0.030349
0.030357
0.030511
0.030470
0.030347
0.030191
0.030322
0.030587
0.040852
0.032394
0.036366
0.030229
0.030402
0.030626
0.020546
0.030387
0.030505
0.030300
0.020579
0.055589
0.038203
0.031257
0.030958
0.031045
0.030944
0.031017
0.031044
0.031014
0.031070
0.031004
0.031091
0.031011
0.030873
0.030979
0.060897
0.031188
0.031201
0.031147
0.031067
0.031120
0.060364
0.038771
0.038703
0.042461
0.042516
0.042556
0.042788
0.080771
0.047180
0.030428
0.030314
0.030310
0.020321
0.020245
0.059635
0.030262
0.030325
0.030425
0.030067
0.030322
0.029916
0.030076
0.029944
0.029961
0.030081
0.030023
0.030062
0.019966
0.020004
0.020033
0.026013
0.023817
0.030628
0.020097
0.019955
0.020072
0.019990
0.019973
0.019868
0.019915
0.020052
0.020016
0.019967
0.030007
0.020315
0.026079
0.033398
0.046619
0.030854
0.046783
0.046252
0.044466
0.045878
0.045665
0.060336
0.030957
0.030402
0.030356
0.030461
0.030454
0.030563
0.030458
0.043724
0.034525
0.030404
0.030319
0.030280
0.030223
0.030550
0.030298
0.030256
0.030280
0.030724
0.041437
0.063862
0.030206
0.030225
0.030170
0.030389
0.030306
0.030165
0.030350
0.030246
0.030236
0.030376
0.030817
0.030355
0.030236
0.030174
0.030173
0.030195
0.030229
0.030256
0.030239
0.061925
0.030542
0.030160
0.030124
0.030233
0.030250
0.030435
0.030515
0.030236
0.030429
0.030464
0.035567
0.031408
0.030752
0.030855
0.030948
0.030957
0.030958
0.030720
0.030514
0.060386
0.030500
0.030552
0.030523
0.030448
0.030424
0.030894
0.030925
0.030683
0.030478
0.030579
0.030456
0.057438
0.031082
0.030589
0.030673
0.030522
0.030539
0.030509
0.030589
0.060285
0.030842
0.046683
0.030630
0.030316
0.030514
0.030511
0.030494
0.030662
0.030514
0.030454
0.030622
0.030635
0.030923
0.030622
0.030638
0.030499
0.030580
0.030781
0.030500
0.060068
0.030665
0.030359
0.030307
0.026751
0.022174
0.020381
0.020395
0.020404
0.020386
0.020337
0.020367
0.020354
0.020296
0.020357
0.020421
0.020372
0.020431
0.020452
0.022424
0.025718
0.020766
0.020308
0.020389
0.020359
0.020437
0.020341
0.020366
0.020298
0.020377
0.021053
0.023950
0.026947
0.026600
0.026586
0.026525
0.026661
0.026670
0.026710
0.026708
0.026660
0.026649
0.026623
0.022383
0.020787
0.021008
0.020876
0.027404
0.023333
0.020715
0.020420
0.020352
0.020378
0.020413
0.020338
0.020326
0.020315
0.020355
0.020395
0.020330
0.020380
0.020417
0.021904
0.026033
0.020568
0.020254
0.020266
0.020323
0.020379
0.020409
0.020314
0.020318
0.020386
0.020400
0.020328
0.020296
0.020334
0.020326
0.020332
0.020339
