0.411867
0.031979
0.031780
0.031875
0.031805
0.031777
0.031696
0.031811
0.031683
0.031782
0.031755
0.031770
0.031638
0.031676
0.031754
0.031747
0.031663
0.031804
0.031122
0.030912
0.068793
0.030973
0.030962
0.030963
0.030894
0.030986
0.030930
0.030980
0.030794
0.031082
0.050654
0.031304
0.030897
0.030748
0.030907
0.031125
0.031088
0.030955
0.030992
0.031003
0.060671
0.031000
0.030867
0.030991
0.030896
0.031251
0.031164
0.031061
0.031023
0.030915
0.030876
0.030996
0.040941
0.039894
0.040180
0.031057
0.031054
0.031023
0.031048
0.031027
0.060918
0.038229
0.033432
0.030913
0.031046
0.030988
0.031035
0.030863
0.030840
0.030944
0.031049
0.031067
0.030961
0.030938
0.030890
0.030910
0.030850
0.031109
0.030941
0.030967
0.060898
0.035367
0.036449
0.030920
0.030912
0.030980
0.031177
0.030921
0.030781
0.030702
0.030915
0.043097
0.034662
0.030704
0.030871
0.030709
0.030670
0.030561
0.030815
0.030674
0.060493
0.030549
0.030758
0.030571
0.030616
0.030615
0.030605
0.030719
0.030780
0.030572
0.030532
0.030532
0.049944
0.032702
0.031087
0.030766
0.030861
0.030607
0.030825
0.032038
0.061623
0.031062
0.036903
0.040218
0.039454
0.039523
0.039470
0.043213
0.054170
0.055175
0.030972
0.030872
0.031446
0.032541
0.030860
0.030985
0.031063
0.030866
0.030985
0.031024
0.060972
0.038851
0.031000
0.031008
0.030992
0.030894
0.031040
0.031025
0.031190
0.031025
0.034449
0.034997
0.030949
0.031015
0.030649
0.030813
0.030962
0.030741
0.030881
0.030998
0.060782
0.030883
0.031025
0.030948
0.030677
0.030976
0.030940
0.030889
0.030936
0.030962
0.031085
0.030985
0.051671
0.030754
0.030965
0.030637
0.030765
0.030699
0.030748
0.030553
0.060368
0.030556
0.043128
0.031337
0.030563
0.030682
0.030509
0.030549
0.030841
0.030555
0.030643
0.030451
0.030590
0.030642
0.030583
0.030652
0.030732
0.030573
0.030637
0.030575
0.060495
0.030671
0.030679
0.030929
0.038348
0.030847
0.030602
0.030555
0.030809
0.030706
0.030690
0.030598
0.030743
0.030679
0.030627
0.040283
0.031120
0.030584
0.030560
0.030688
0.060092
0.030657
0.030670
0.030594
0.030629
0.030688
0.030699
0.030587
0.031094
0.030497
0.030647
0.030616
0.030549
0.030620
0.030776
0.030656
0.033786
0.036582
0.030719
0.030702
0.060580
0.030739
0.030757
0.030733
0.030699
0.030874
0.035484
0.035363
0.032091
0.030802
0.030738
0.030648
0.030663
0.030601
0.030907
0.031121
0.031170
0.031907
0.031873
0.031717
0.061447
0.031956
0.031927
0.032044
0.031854
0.055079
0.032670
0.032002
0.031954
0.032018
0.032096
0.032030
0.032265
0.032207
0.032080
0.054780
0.036722
0.032173
0.032223
0.032156
0.061969
0.032302
0.032288
0.032203
0.032617
0.032016
0.031856
0.047188
0.031674
0.031717
0.047000
0.031762
0.031924
0.040760
0.041515
0.040685
0.031706
0.031567
0.031723
0.031674
0.047281
0.031666
0.031694
0.041444
0.057070
0.032055
0.032279
0.048268
0.032224
0.047580
0.047982
0.048430
0.032972
0.048014
0.032134
0.032106
0.032382
0.032313
0.032878
0.033161
0.082728
0.045049
0.045108
0.043592
0.038790
0.034332
0.034942
0.034530
0.033630
0.052697
0.033263
0.032838
0.032423
0.032317
0.032665
0.032384
0.032375
0.032532
0.032439
0.083112
0.075825
0.045694
0.045594
0.045453
0.045233
0.058135
0.042666
0.045127
0.053902
0.056585
0.032582
0.048649
0.032112
0.039908
0.031755
0.032084
0.031716
0.031663
0.032506
0.036006
0.072089
0.042157
0.040226
0.048152
0.032341
0.032625
0.032287
0.032386
0.032449
0.032813
0.032699
0.050998
0.033611
0.033169
0.033034
0.033095
0.032976
0.033597
0.033219
0.033285
0.062879
0.042143
0.032501
0.032948
0.032907
0.032556
0.032540
0.032582
0.032760
0.032710
0.032499
0.032380
0.032777
0.032565
0.032551
0.033046
0.032874
0.032267
0.032084
0.031945
0.061498
0.034836
0.042247
0.041529
0.041071
0.040482
0.047330
0.045840
0.045071
0.082385
0.041048
0.032574
0.032745
0.032193
0.032413
0.032628
0.033427
0.033582
0.033894
0.045753
0.064115
0.030050
0.030067
0.030395
0.030305
0.030508
0.030233
0.030421
0.033157
0.039255
0.030626
0.030906
0.039392
0.034273
0.031098
0.029813
0.030068
0.030175
0.030144
0.042044
0.060684
0.030209
0.030229
0.030163
0.030419
0.030451
0.030469
0.030454
0.030431
0.030385
0.029885
0.029918
0.030555
0.029825
0.029837
0.029824
0.029713
0.030052
0.030046
0.029836
0.065121
0.031112
0.032492
0.029949
0.030012
0.030047
0.030034
0.029899
0.029847
0.030132
0.029781
0.040149
0.034281
0.029857
0.030044
0.029988
0.030097
0.029861
0.029782
0.029954
0.059369
0.030424
0.040916
0.035865
0.029680
0.030246
0.030226
0.030313
0.029976
0.030321
0.030118
0.030084
0.047698
0.038395
0.030743
0.030692
0.031587
0.031779
0.031692
0.030694
0.062052
0.031719
0.060336
0.031636
0.031811
0.031749
0.031631
0.031495
0.031534
0.031677
0.031407
0.031103
0.030763
0.030997
0.030867
0.029936
0.031551
0.029819
0.031026
0.031044
0.060683
0.031022
0.048009
0.032119
0.030855
0.030945
0.030841
0.030819
0.030591
0.030723
0.030647
0.030747
0.030559
0.054376
0.030499
0.030736
0.030671
0.030659
0.030764
0.030574
0.059642
0.030329
0.030611
0.030669
0.030401
0.030449
0.030541
0.030762
0.030659
0.030378
0.030783
0.030808
0.030805
0.030745
0.053592
0.031534
0.030472
0.030260
0.030526
0.030315
0.060118
0.030388
0.030759
0.030463
0.050380
0.030664
0.030492
0.030116
0.030102
0.030010
0.033855
0.030900
0.030140
0.029994
0.030154
0.030003
0.030226
0.030065
0.030163
0.030194
0.059872
0.030304
0.030763
0.030071
0.030504
0.052655
0.033781
0.030652
0.030710
0.030564
0.030812
0.030683
0.030614
0.030495
0.030757
0.030661
0.056047
0.032973
0.030407
0.030499
0.061307
0.030527
0.030519
0.030359
0.030312
0.030319
0.030482
0.030307
0.030358
0.030284
0.030612
0.033556
0.041628
0.044791
0.043364
0.074370
0.042109
0.033628
0.033844
0.033439
0.063592
0.033381
0.032961
0.033465
0.050360
0.037585
0.032930
0.032852
0.033270
0.033983
0.030228
0.030151
0.029968
0.033816
0.033073
0.032317
0.031979
0.021878
0.021897
0.021893
0.021899
0.021984
0.022009
0.021758
0.021806
0.039430
0.033029
0.053107
0.022220
0.021833
0.031879
0.032335
0.032692
0.032947
0.032791
0.032659
0.032638
0.032350
0.049965
0.032254
0.061911
0.031808
0.032031
0.031554
0.031484
0.031466
0.030975
0.028831
0.030889
0.030796
0.031178
0.030998
0.030987
0.031085
0.031092
0.031132
0.030791
0.030746
0.030638
0.032602
0.064334
0.031097
0.031166
0.031024
0.030965
0.030904
0.030764
0.031024
0.031084
0.032830
0.034889
0.030860
0.030837
0.030712
0.041551
0.035386
0.034699
0.031669
0.031962
0.031344
0.061168
0.031629
0.031466
0.031518
0.031872
0.031675
0.031422
0.031920
0.032292
0.031882
0.043199
0.032521
0.032176
0.032157
0.031837
0.032103
0.032444
0.031937
0.031858
0.032134
0.066053
0.032512
0.031764
0.032061
0.031008
0.031091
0.031177
0.031081
0.030975
0.031158
0.031136
0.031057
0.031055
0.031006
0.031112
0.031093
0.046771
0.031636
0.031379
0.037224
0.072267
0.031489
0.031448
0.031594
0.031508
0.031386
0.031454
0.031368
0.031297
0.049157
0.038449
0.031343
0.031408
0.031191
0.031224
0.046351
0.031223
0.046641
0.030318
0.031260
0.046627
0.046731
0.031304
0.031270
0.031174
0.031219
0.031457
0.040287
0.059869
0.031733
0.040017
0.040155
0.043944
0.056967
0.061540
0.031024
0.053399
0.031486
0.030859
0.030915
0.060305
0.030850
0.030654
0.030655
0.030993
0.030707
0.030993
0.031448
0.031534
0.031745
0.031537
0.031656
0.031999
0.031983
0.031766
0.033108
0.031585
0.050937
0.041155
0.041129
0.070935
0.044925
0.041718
0.044628
0.074209
0.047655
0.050942
0.032434
0.032682
0.032473
0.032796
0.032587
0.032840
0.032334
0.032532
0.032497
0.033045
0.033103
0.033535
0.033327
0.063030
0.033083
0.032822
0.050446
0.041532
0.033269
0.033860
0.033447
0.033269
0.033435
0.033362
0.033394
0.033437
0.048369
0.036494
0.033508
0.033585
0.033420
0.033307
0.033341
0.062752
0.033426
0.033519
0.033209
0.033205
0.033203
0.033174
0.033134
0.033185
0.033150
0.033077
0.033294
0.033258
0.047688
0.036268
0.032638
0.035187
0.044230
0.042198
0.041452
0.083621
0.034551
0.032022
0.031751
0.031649
0.031369
0.031360
0.031460
0.031272
0.031418
0.031286
0.031258
0.031299
0.031413
0.031345
0.031224
0.031519
0.031313
0.031244
0.031334
0.060971
0.035502
0.033780
0.031410
0.031303
0.031210
0.031206
0.031306
0.031324
0.031088
0.031137
0.031158
0.038083
0.040882
0.039910
0.031079
0.031079
0.031198
0.031344
0.031363
0.061071
0.031182
0.030984
0.031081
0.030775
0.030854
0.031065
0.030993
0.031118
0.030988
0.031251
0.031075
0.031056
0.036363
0.033963
0.030799
0.031004
0.030820
