0.537806
0.030685
0.030673
0.044805
0.030874
0.030567
0.030524
0.031063
0.030989
0.031134
0.031037
0.031095
0.030751
0.030443
0.030317
0.030182
0.031048
0.030220
0.030313
0.030283
0.053932
0.030163
0.030277
0.035433
0.031095
0.030162
0.030140
0.030096
0.030053
0.030079
0.030147
0.030075
0.030120
0.039526
0.041271
0.037905
0.031021
0.031121
0.030974
0.031106
0.060782
0.030995
0.031040
0.031094
0.031563
0.031209
0.031056
0.031178
0.031050
0.031108
0.031068
0.030703
0.030177
0.030222
0.048091
0.033414
0.030148
0.030123
0.030236
0.030252
0.060387
0.030293
0.030336
0.030367
0.044338
0.031220
0.030407
0.030204
0.030317
0.030491
0.030512
0.030402
0.030454
0.030196
0.030264
0.030082
0.030068
0.030181
0.030126
0.030117
0.060105
0.030035
0.030172
0.041767
0.030526
0.030285
0.030128
0.030186
0.030108
0.030144
0.030108
0.030071
0.030115
0.030161
0.035199
0.031037
0.030104
0.030156
0.030305
0.030285
0.059863
0.030234
0.030224
0.030153
0.030134
0.030221
0.030137
0.030090
0.030081
0.030232
0.030205
0.030105
0.030167
0.030166
0.030218
0.030028
0.048561
0.030303
0.030075
0.030097
0.060076
0.030647
0.030245
0.030008
0.030098
0.030172
0.043859
0.030490
0.030256
0.030219
0.030165
0.030161
0.030136
0.030173
0.030160
0.030003
0.030087
0.030047
0.030126
0.030193
0.059637
0.030291
0.030075
0.029945
0.030010
0.030154
0.030135
0.030116
0.039606
0.038502
0.037322
0.030317
0.030204
0.030090
0.030148
0.030122
0.030027
0.030240
0.052463
0.030128
0.060013
0.030376
0.030865
0.030421
0.030848
0.030188
0.030280
0.030100
0.030134
0.030061
0.030148
0.030200
0.030179
0.030169
0.030144
0.030070
0.030038
0.030073
0.029973
0.045021
0.059782
0.030140
0.030119
0.029999
0.029961
0.029999
0.029963
0.030073
0.030103
0.050141
0.030562
0.030204
0.030074
0.030039
0.030013
0.030034
0.030050
0.030045
0.030104
0.030097
0.059969
0.030136
0.030061
0.030033
0.030058
0.030033
0.029989
0.029954
0.030083
0.030001
0.030060
0.042484
0.030634
0.036179
0.031204
0.030071
0.030064
0.030203
0.030212
0.030055
0.059570
0.050962
0.030246
0.030034
0.029974
0.030017
0.030012
0.030021
0.030014
0.030084
0.030032
0.030047
0.030120
0.030149
0.030181
0.030241
0.030170
0.030083
0.030054
0.030208
0.059996
0.030234
0.031866
0.039274
0.038508
0.038605
0.039010
0.042435
0.064468
0.032385
0.047626
0.034103
0.030091
0.030235
0.030190
0.030118
0.030110
0.030060
0.030138
0.030156
0.059675
0.030224
0.030025
0.030180
0.030239
0.030070
0.030143
0.030381
0.030252
0.030130
0.030240
0.052398
0.030417
0.030232
0.030106
0.030139
0.030056
0.030494
0.030181
0.030209
0.060998
0.030393
0.030172
0.030210
0.030087
0.030219
0.030140
0.030771
0.031065
0.031030
0.030837
0.030520
0.030620
0.030641
0.030547
0.030464
0.030423
0.030608
0.030605
0.030496
0.082088
0.030735
0.030570
0.030095
0.030041
0.030172
0.030175
0.030009
0.030043
0.030235
0.039847
0.031670
0.030131
0.030131
0.030169
0.030083
0.030185
0.030248
0.030154
0.030272
0.059876
0.030018
0.030061
0.030093
0.029984
0.030044
0.030036
0.030123
0.030068
0.030058
0.030159
0.030048
0.046547
0.038012
0.031080
0.030936
0.030976
0.030921
0.030980
0.031034
0.060413
0.052147
0.030803
0.030098
0.030172
0.030143
0.030191
0.030121
0.030107
0.030021
0.030132
0.030234
0.030031
0.030241
0.030143
0.030115
0.030143
0.030234
0.030107
0.029999
0.059886
0.030199
0.047379
0.031929
0.030238
0.030200
0.030079
0.030082
0.030109
0.030165
0.030172
0.030197
0.030040
0.033322
0.031913
0.030116
0.030073
0.030203
0.030070
0.030121
0.059629
0.030115
0.030136
0.030049
0.030137
0.030127
0.029968
0.030052
0.030081
0.030100
0.029931
0.030079
0.030085
0.030072
0.030073
0.043484
0.030525
0.030161
0.030140
0.029996
0.059821
0.030066
0.030149
0.030136
0.030064
0.035481
0.031368
0.030054
0.030045
0.030109
0.030042
0.029944
0.030031
0.029984
0.030092
0.030097
0.030024
0.029944
0.030157
0.030129
0.061009
0.030427
0.030217
0.030076
0.030094
0.030056
0.050879
0.030579
0.030179
0.030036
0.030145
0.030026
0.030108
0.030094
0.030020
0.030093
0.030120
0.033267
0.034369
0.030098
0.060017
0.030073
0.030122
0.030073
0.030033
0.030067
0.030051
0.030083
0.030117
0.030155
0.030039
0.030091
0.030054
0.029964
0.030369
0.031222
0.030089
0.030121
0.030070
0.034489
0.069211
0.030165
0.030050
0.030059
0.030174
0.030038
0.029942
0.035445
0.030029
0.030535
0.039631
0.038372
0.038134
0.030106
0.030400
0.030134
0.030099
0.030076
0.030143
0.030209
0.059825
0.030425
0.030087
0.030444
0.030024
0.030118
0.030056
0.030176
0.030064
0.030009
0.039117
0.038166
0.038298
0.030006
0.029941
0.030056
0.029968
0.030056
0.030051
0.030123
0.088552
0.030190
0.030192
0.030388
0.030111
0.030069
0.030028
0.030241
0.030480
0.030179
0.030056
0.030122
0.030145
0.029984
0.030068
0.030011
0.030063
0.030035
0.030065
0.030084
0.060438
0.033893
0.030161
0.030078
0.030120
0.029975
0.030005
0.030196
0.030011
0.030068
0.030201
0.033684
0.033925
0.030099
0.030020
0.029991
0.029971
0.029964
0.029909
0.030054
0.059545
0.030092
0.029990
0.029980
0.030019
0.029968
0.029985
0.029981
0.030025
0.030008
0.030942
0.031352
0.047940
0.039489
0.039093
0.027010
0.020655
0.020551
0.030679
0.030699
0.060493
0.030810
0.048252
0.033979
0.030695
0.030722
0.030794
0.030756
0.031541
0.030828
0.030749
0.030859
0.030755
0.030772
0.030837
0.030642
0.030888
0.030637
0.030527
0.030868
0.059951
0.030465
0.030457
0.041728
0.033569
0.030577
0.030222
0.030282
0.030231
0.030254
0.030064
0.030252
0.030149
0.030169
0.055851
0.030607
0.030269
0.030517
0.030439
0.030473
0.060032
0.030685
0.030723
0.030684
0.030801
0.030823
0.030561
0.030650
0.030689
0.030699
0.030575
0.030737
0.030944
0.031051
0.030882
0.057750
0.038821
0.029563
0.031955
0.031545
0.062030
0.031594
0.031452
0.031605
0.042951
0.035424
0.030656
0.030779
0.030763
0.030725
0.030843
0.030681
0.030887
0.030760
0.030890
0.030861
0.030766
0.031129
0.030792
0.030802
0.061359
0.030921
0.030756
0.030655
0.030723
0.058467
0.039391
0.038961
0.039012
0.043976
0.043043
0.043086
0.051667
0.066683
0.030871
0.030961
0.031201
0.030935
0.030776
0.030611
0.060981
0.030772
0.036897
0.039644
0.043234
0.052619
0.051808
0.043267
0.055248
0.041899
0.051336
0.040872
0.031822
0.031851
0.031854
0.031656
0.031494
0.043082
0.032685
0.030719
0.061013
0.030617
0.030699
0.030671
0.030519
0.030492
0.030433
0.030604
0.030376
0.030283
0.030279
0.030368
0.030254
0.030230
0.030229
0.030321
0.030255
0.030356
0.046607
0.034351
0.069296
0.034842
0.030202
0.030158
0.030044
0.030207
0.030060
0.030816
0.039410
0.031020
0.030883
0.031132
0.031026
0.031063
0.031085
0.031006
0.031047
0.030897
0.030985
0.030937
0.060888
0.030976
0.031051
0.031527
0.031233
0.031031
0.030327
0.030387
0.050342
0.039455
0.038507
0.038221
0.037574
0.030281
0.030210
0.030217
0.030228
0.030169
0.047241
0.038363
0.060580
0.030885
0.030916
0.031000
0.031003
0.031076
0.030981
0.031001
0.031143
0.031008
0.030890
0.031193
0.031098
0.031010
0.031125
0.031022
0.030995
0.031044
0.031003
0.048684
0.063411
0.031224
0.031167
0.031004
0.031023
0.031010
0.031187
0.031082
0.031011
0.038368
0.031153
0.030988
0.030849
0.030799
0.030257
0.030141
0.030280
0.030172
0.030053
0.030030
0.060570
0.030195
0.030228
0.030103
0.030130
0.030186
0.030137
0.030032
0.030177
0.033442
0.039034
0.038319
0.038213
0.038409
0.042349
0.042070
0.043416
0.057197
0.046361
0.042579
0.036377
0.030179
0.030202
0.030221
0.019981
0.029572
0.030682
0.030150
0.030020
0.030079
0.030077
0.030134
0.030137
0.030109
0.030205
0.030222
0.030337
0.030503
0.030171
0.043618
0.067736
0.031132
0.031193
0.031260
0.031257
0.031366
0.031253
0.031090
0.051790
0.040399
0.039588
0.039641
0.041427
0.039660
0.039732
0.040928
0.039659
0.048054
0.064973
0.038844
0.061626
0.031197
0.031149
0.031181
0.030916
0.034956
0.030924
0.031267
0.031069
0.030900
