0.556138
0.059251
0.039447
0.039305
0.039201
0.039438
0.041287
0.065037
0.038245
0.031628
0.031171
0.031228
0.030992
0.030978
0.030950
0.030977
0.030975
0.031096
0.030855
0.056007
0.055739
0.030112
0.038587
0.032050
0.038298
0.038224
0.042403
0.070252
0.038254
0.032891
0.034053
0.031632
0.031551
0.032799
0.031300
0.031101
0.031109
0.031160
0.031089
0.031284
0.060627
0.030958
0.030205
0.038399
0.038332
0.042401
0.052602
0.036211
0.030360
0.030365
0.030684
0.030440
0.030397
0.030302
0.030200
0.030081
0.048610
0.034629
0.030320
0.030065
0.059662
0.030010
0.030352
0.030054
0.030222
0.030198
0.030134
0.030058
0.036035
0.038636
0.030242
0.038660
0.038446
0.042370
0.042504
0.065047
0.043684
0.032818
0.041261
0.031423
0.061511
0.030487
0.030345
0.030283
0.055019
0.031348
0.030202
0.030095
0.030105
0.030081
0.030038
0.030264
0.030079
0.030086
0.030134
0.030226
0.030104
0.030081
0.030136
0.030238
0.059741
0.029965
0.030084
0.030045
0.030029
0.047777
0.038676
0.038547
0.038381
0.041190
0.042511
0.042206
0.042266
0.064402
0.045793
0.037500
0.031112
0.030545
0.030273
0.030319
0.060238
0.030418
0.030183
0.030138
0.030061
0.030074
0.030159
0.030484
0.030177
0.030210
0.030216
0.030171
0.030234
0.034286
0.040245
0.038238
0.038301
0.038222
0.030180
0.030276
0.061806
0.030054
0.053311
0.042183
0.038190
0.030677
0.031498
0.030149
0.030044
0.029982
0.041132
0.039129
0.038568
0.038044
0.032173
0.030196
0.030070
0.030041
0.030038
0.030005
0.059864
0.030099
0.051046
0.038642
0.038325
0.038203
0.044829
0.050301
0.030292
0.030351
0.031295
0.040235
0.031746
0.029997
0.030167
0.030657
0.030134
0.030162
0.029958
0.030215
0.059683
0.030036
0.030410
0.029964
0.030027
0.030211
0.030029
0.030220
0.030027
0.030068
0.029910
0.030089
0.052773
0.033533
0.030007
0.030015
0.030103
0.030023
0.029985
0.030033
0.059818
0.029954
0.049640
0.030867
0.030110
0.038178
0.038035
0.038084
0.039983
0.042202
0.043145
0.042103
0.042066
0.068415
0.038012
0.030258
0.030173
0.030228
0.030298
0.030496
0.088483
0.030759
0.030844
0.030779
0.031207
0.030826
0.030721
0.030807
0.030865
0.030814
0.046752
0.032787
0.029941
0.030113
