0.512992
0.042268
0.042744
0.041922
0.041741
0.042768
0.041752
0.067692
0.067406
0.070640
0.030554
0.030140
0.030110
0.030051
0.030028
0.030092
0.029813
0.029783
0.029980
0.029779
0.059538
0.030255
0.029791
0.029785
0.029851
0.029801
0.029835
0.029779
0.029925
0.029801
0.029884
0.029824
0.029932
0.029784
0.029910
0.029773
0.029897
0.029728
0.029968
0.031677
0.059425
0.029728
0.038870
0.030736
0.029738
0.029899
0.029832
0.029813
0.029942
0.029925
0.029894
0.029986
0.029790
0.034101
0.032224
0.029701
0.030090
0.029757
0.029938
0.029793
0.060438
0.029800
0.029922
0.029825
0.029917
0.029867
0.030042
0.029930
0.030035
0.029863
0.030134
0.029814
0.033401
0.030628
0.034773
0.040745
0.029900
0.029887
0.029817
0.029935
0.059678
0.029787
0.030049
0.029842
0.019892
0.039875
0.032562
0.029899
0.029649
0.029940
0.029773
0.029804
0.029805
0.029872
0.029732
0.030053
0.019822
0.029790
0.019936
0.029877
0.060080
0.019931
0.019874
0.030023
0.029880
0.029718
0.029868
0.029840
0.033702
0.033470
0.029889
0.030089
0.029921
0.029887
0.029827
0.029919
0.029941
0.029842
0.029935
0.030075
0.075811
0.030713
0.030788
0.030661
0.030798
0.030688
0.030670
0.030689
0.030662
0.030724
0.030700
0.031142
0.030787
0.030739
0.030704
0.030681
0.030533
0.030576
0.031232
0.030576
0.061694
0.038021
0.030714
0.030615
0.030651
0.030544
0.030542
0.030624
0.030670
0.030804
0.030645
0.051982
0.034244
0.029807
0.029824
0.029813
0.029850
0.030113
0.029953
0.029904
0.059655
0.030035
0.029712
0.029868
0.029878
0.029779
0.029589
0.029861
0.029804
0.029798
0.029794
0.029853
0.029775
0.042334
0.033600
0.029772
0.029823
0.029769
0.029903
0.029778
0.060104
0.029748
0.029814
0.032229
0.035212
0.030096
0.029773
0.029845
0.029836
0.030001
0.029802
0.029759
0.020181
0.019959
0.019871
0.019899
0.019897
0.019923
0.019922
0.029861
0.059768
0.029801
0.019974
0.019897
0.019939
0.019810
0.019844
0.019915
0.019901
0.019876
0.042091
0.030509
0.029876
0.019848
0.036281
0.039084
0.037898
0.024024
0.020003
0.029850
0.060986
0.038751
0.037989
0.038107
0.030040
0.029737
0.029896
0.029784
0.029798
0.029771
0.029809
0.029838
0.029795
0.029898
0.029995
0.029923
0.029900
0.029817
0.029841
0.029742
0.059578
0.030606
0.037300
0.029934
0.029812
0.029873
0.029909
0.029961
0.029887
0.030230
0.029948
0.029815
0.029964
0.037552
0.029685
0.029845
0.029836
0.029744
0.029874
0.030005
0.060522
0.029912
0.029840
0.029910
0.029866
0.029824
0.029809
0.029916
0.029923
0.030192
0.029974
0.029758
0.029931
0.029879
0.034900
0.033255
0.029953
0.029888
0.029907
0.029862
0.060004
0.029902
0.029817
0.029957
0.029869
0.037032
0.030369
0.030026
0.030856
0.030004
0.030088
0.029941
0.030060
0.029906
0.030116
0.029924
0.030062
0.030098
0.030047
0.029976
0.060363
0.029943
0.029944
0.029939
0.019990
0.020041
0.030022
0.054573
0.030635
0.029948
0.030279
0.030011
0.029932
0.029889
0.029827
0.030080
0.030208
0.029849
0.033667
0.032812
0.059943
0.030022
0.029938
0.030208
0.030302
0.029904
0.030141
0.029936
0.030001
0.029979
0.029944
0.030072
0.029867
0.029909
0.029855
0.030005
0.029889
0.029971
0.029912
0.029923
0.065866
0.029961
0.029917
0.029792
0.029919
0.029922
0.029997
0.029938
0.029981
0.039099
0.051771
0.037624
0.030820
0.030779
0.030686
0.030853
0.030726
0.031062
0.030800
0.030724
0.060637
0.030757
0.030861
0.030786
0.030818
0.030689
0.030580
0.029929
0.029915
0.029854
0.030058
0.051244
0.037688
0.030708
0.030620
0.030578
0.030771
0.031123
0.031625
0.030743
0.060978
0.039088
0.037870
0.030060
0.030093
0.029880
0.029894
0.029867
0.029946
0.029843
0.029895
0.030106
0.030001
0.029821
0.030106
0.030050
0.029844
0.029994
0.029865
0.040404
0.059823
0.029962
0.033616
0.029918
0.029925
0.029927
0.029972
0.029831
0.029909
0.029874
0.030698
0.029995
0.030298
0.036269
0.030172
0.029964
0.029952
0.029847
0.029903
0.029913
0.060335
0.029886
0.029917
0.030056
0.029969
0.029865
0.029902
0.029905
0.029976
0.029960
0.030003
0.029947
0.029915
0.029976
0.029982
0.037955
0.030295
0.030087
0.029850
0.029874
0.059954
0.029888
0.029884
0.029898
0.029988
0.031790
0.033724
0.029938
0.030069
0.029993
0.029953
0.029939
0.029937
0.029853
0.029977
0.029926
0.030008
0.029978
0.030102
0.029917
0.060251
0.030118
0.029937
0.029953
0.030609
0.030007
0.029997
0.034805
0.033529
0.029983
0.029798
0.030036
0.029889
0.030021
0.029999
0.030087
0.030051
0.029894
0.049945
0.031215
0.059991
0.039197
0.038189
0.038159
0.038030
0.045794
0.042761
0.029966
0.030182
0.029958
0.029939
0.029925
0.029983
0.029886
0.030005
0.029996
0.029928
0.052344
0.039167
0.038800
0.070070
0.030981
0.030822
0.030728
0.046179
0.030877
0.039553
0.030861
0.030607
0.030703
0.030979
0.030707
0.030728
0.030842
0.030720
0.030741
0.029974
0.029972
0.030032
0.029999
0.060412
0.029998
0.030030
0.030238
0.029970
0.030026
0.030042
0.055007
0.030121
0.029894
0.030046
0.029993
0.030222
0.030157
0.029956
0.029878
0.030053
0.029909
0.043233
0.030363
0.059618
0.029944
0.029938
0.030044
0.030024
0.029891
0.029940
0.029997
0.029945
0.029991
0.030029
0.030332
0.029911
0.030104
0.029840
0.029885
0.029837
0.029860
0.029829
0.030372
0.069910
0.029976
0.029949
0.030041
0.030031
0.030024
0.030218
0.029952
0.029983
0.030217
0.036481
0.030889
0.030050
0.029982
0.029934
0.029928
0.029943
0.029903
0.030116
0.029963
0.060740
0.029967
0.029952
0.030040
0.030031
0.029956
0.030646
0.030054
0.030176
0.029979
0.029947
0.030158
0.036348
0.030419
0.030067
0.030083
0.029750
0.029936
0.030027
0.029938
0.060128
0.029951
0.036089
0.031765
0.030080
0.029974
0.030042
0.030107
0.029936
0.029876
0.029976
0.030694
0.030955
0.030739
0.030351
0.030041
0.030033
0.029985
0.030027
0.029999
0.059723
0.030036
0.029996
0.030064
0.049553
0.038510
0.037945
0.037889
0.040430
0.041966
0.061641
0.030520
0.031050
0.038998
0.038083
0.048923
0.057249
0.030097
0.030007
0.029970
0.060232
0.029973
0.030015
0.030110
0.029907
0.029873
0.029936
0.030058
0.029929
0.030046
0.029934
0.029901
0.031356
0.036743
0.030268
0.030096
0.030034
0.030087
0.030005
0.029918
0.060073
0.029927
0.029928
0.045695
0.030497
0.030075
0.030015
0.030023
0.030033
0.029911
0.030240
0.030073
0.030402
0.030026
0.030112
0.029963
0.030242
0.030082
0.030035
0.029892
0.060694
0.029980
0.030058
0.030038
0.030183
0.045576
0.031096
0.030751
0.030658
0.030640
0.031091
0.030943
0.030760
0.030844
0.030733
0.030818
0.046404
0.030926
0.029853
0.030012
0.060445
0.029986
0.030013
0.029979
0.029943
0.029944
0.029951
0.029924
0.030076
0.030342
0.030004
0.029929
0.029953
0.029933
0.029934
0.029997
0.029877
0.032909
0.033049
0.029957
0.059558
0.030007
0.029896
0.029964
0.030032
0.029973
0.029909
0.029876
0.038798
0.030384
0.030001
0.030016
0.029911
0.029827
0.030047
0.029949
0.030018
0.029892
0.031687
0.030046
0.060147
0.030490
0.034058
0.038116
0.030754
0.030876
0.030770
0.030761
0.030792
0.054395
0.032587
0.029898
0.029995
0.029968
0.029910
0.029892
0.029917
0.029922
0.029973
0.029834
0.078544
0.037251
0.030966
0.030690
0.030697
0.030636
0.030607
0.030678
0.030681
0.030767
0.030662
0.030682
0.030718
0.030704
0.030196
0.029890
0.029829
0.030458
0.029927
0.029835
0.059521
0.039547
0.030270
0.029977
0.029994
0.029849
0.029961
0.029866
0.030024
0.029951
0.029916
0.029907
0.037220
0.030385
0.029849
0.029937
0.029869
0.029928
0.029941
0.029897
0.060004
0.029941
0.029887
0.030005
0.029874
0.030016
0.029829
0.029917
0.029907
0.029895
0.029924
0.029966
0.029927
0.033105
0.032346
0.029860
0.029990
0.029896
0.029875
0.029915
0.060447
0.029889
0.029954
0.030229
0.037664
0.030172
0.030044
0.029962
0.029985
0.029810
0.029935
0.029857
0.029911
0.029890
0.029875
0.029871
0.029887
0.029917
0.029870
0.029869
0.059331
0.029888
0.029780
0.029953
0.029932
0.029851
0.038172
0.030131
0.029883
0.029922
0.029910
0.030279
0.029887
0.029906
0.029948
0.029886
0.029986
0.045442
0.033998
0.029852
0.060168
0.030074
0.029836
0.029967
0.029754
0.029924
0.029860
0.030247
0.029946
0.029798
0.030052
0.029946
0.029899
0.029773
0.029930
0.039528
0.038582
0.043273
0.038208
0.030035
0.060759
0.029779
0.030502
0.029845
0.029940
0.029850
0.029918
0.041985
0.030668
0.029859
0.029824
0.029810
0.030037
0.029935
0.029874
0.029953
0.029953
0.029764
0.029865
0.029756
0.059501
0.029863
0.029780
0.029861
0.029862
0.029835
0.029820
0.030018
0.032050
0.039812
0.038149
0.038013
0.041950
0.041871
0.042037
0.041940
0.042054
0.039994
0.045739
0.035558
0.061172
0.030788
0.030802
0.030820
0.030803
0.031055
0.030978
0.030751
0.030780
0.033024
0.030784
0.030676
0.030541
0.030642
0.030643
0.030822
0.030732
0.032142
0.034144
0.038222
0.060549
0.029939
0.030003
0.029892
0.030066
0.029818
0.030026
0.033178
0.038595
0.037994
0.031041
0.030137
0.030073
0.029844
0.029916
0.029907
0.030122
0.029920
0.029894
0.029932
0.059325
0.029914
0.029907
0.029934
0.029939
0.029852
0.029963
0.029798
0.033117
0.038714
0.037849
0.029904
0.029948
0.029830
0.029929
0.029884
0.029886
0.029927
0.030160
0.051776
0.061920
0.029915
0.030072
0.029901
0.030329
0.029876
0.029899
0.029802
0.029923
0.029874
0.030011
0.029874
0.029960
0.029944
0.029942
0.030698
0.029942
0.030022
0.029877
0.029953
0.061682
0.034176
0.037799
0.038989
0.030305
0.029899
0.029929
0.029842
0.029765
0.030086
0.029902
0.043717
0.037955
0.037972
0.037422
0.030261
0.029925
0.029953
0.029968
0.029962
0.059624
0.029996
0.030037
0.030170
0.030086
0.029891
0.029955
0.029854
0.030051
0.029837
0.029931
0.051009
0.031407
0.029894
0.029962
0.029960
0.029896
0.030079
0.029822
0.029890
0.060198
0.047287
0.030465
0.029890
0.029937
0.029986
0.031032
0.029941
0.029990
0.029988
0.029955
0.029903
0.029926
0.029954
0.029831
0.029909
0.029823
0.030200
0.029896
0.029938
0.060597
0.030105
0.029926
0.034850
0.030717
0.029995
0.029870
0.029991
0.030037
0.029969
0.029950
0.029981
0.030018
0.029911
0.032785
0.032001
0.030020
0.030025
0.030221
0.029999
0.059536
0.030006
0.030107
0.030168
0.030074
0.029999
0.029980
0.030162
0.030105
0.029890
0.029970
0.030293
0.029864
0.029964
0.030090
0.029882
0.037145
0.030335
0.029924
0.029848
0.060328
0.029923
0.029937
0.020027
0.029947
0.020102
0.019812
0.020033
0.025623
0.020249
0.020002
0.019993
0.019910
0.019887
0.020208
0.019945
0.019852
0.019897
0.019893
0.019925
0.019932
0.020001
0.019899
0.019893
0.019874
0.024113
0.025769
0.025871
0.025844
0.038437
0.041919
0.041840
0.041882
0.041960
0.043504
0.041972
0.041737
0.042104
0.041986
0.045609
0.075202
0.044796
0.037504
0.031082
0.031001
0.041788
0.033070
0.031026
0.031109
0.020287
0.031164
0.020344
0.020270
0.020236
0.020103
0.020074
0.020074
0.020074
0.020149
0.020707
0.020136
0.020119
0.020077
0.020379
0.020035
0.020026
0.020140
0.021511
0.026090
