0.509501
0.047263
0.063536
0.035083
0.030510
0.031161
0.030796
0.030228
0.030173
0.030047
0.030273
0.030033
0.030054
0.057964
0.038439
0.038458
0.038250
0.040079
0.051974
0.061563
0.056916
0.033301
0.030304
0.030290
0.030280
0.030289
0.030164
0.029944
0.030066
0.029957
0.030057
0.029972
0.029904
0.029961
0.029878
0.029938
0.029981
0.030033
0.030137
0.030127
0.060122
0.033164
0.030042
0.030028
0.029973
0.029906
0.029865
0.029920
0.029963
0.030006
0.029999
0.038685
0.032656
0.029994
0.030042
0.030020
0.031121
0.031376
0.030190
0.030154
0.060343
0.030052
0.029991
0.029915
0.030136
0.030079
0.030099
0.029991
0.030016
0.030027
0.030084
0.030122
0.032004
0.039093
0.038273
0.030158
0.030113
0.030089
0.030224
0.030099
0.060038
0.030494
0.056688
0.049155
0.040276
0.026601
0.030720
0.030524
0.030519
0.030587
0.030544
0.030181
0.030192
0.029974
0.030005
0.029948
0.020111
0.020127
0.020065
0.019975
0.026177
0.025971
0.026091
0.025949
0.025937
0.049244
0.026560
0.026132
0.025917
0.025993
0.026043
0.036320
0.031698
0.020159
0.029971
0.030001
0.055964
0.037932
0.020021
0.019908
0.061167
0.030698
0.030862
0.030843
0.030882
0.030929
0.031100
0.030909
0.039365
0.039419
0.039376
0.039390
0.039405
0.040120
0.043585
0.061000
0.033848
0.030587
0.030475
0.030550
0.020424
0.020487
0.020404
0.020471
0.020546
0.020488
0.020533
0.020529
0.020017
0.041216
0.020623
0.020414
0.020341
0.020498
0.020427
0.020478
0.020428
0.020490
0.037267
0.064931
0.081298
0.032514
0.031498
0.030332
0.030784
0.030377
0.030336
0.030369
0.030059
0.029994
0.029991
0.026029
0.026418
0.029850
0.029973
0.029894
0.029920
0.030037
0.029976
0.030030
0.060337
0.030540
0.040666
0.030069
0.030114
0.030007
0.030020
0.030207
0.029923
0.030072
0.030018
0.030053
0.030855
0.030068
0.030129
0.030158
0.030212
0.030010
0.029980
0.029974
0.060135
0.029972
0.030039
0.030276
0.042695
0.038124
0.038170
0.038085
0.044955
0.044372
0.029991
0.030177
0.051287
0.037314
0.030056
0.030117
0.030473
0.030224
0.030122
0.030156
0.060447
0.030147
0.030141
0.030643
0.029969
0.030130
0.030162
0.030013
0.030092
0.030017
0.030114
0.030054
0.030194
0.030180
0.037502
0.032028
0.030090
0.030168
0.030086
0.030107
0.059985
0.030087
0.030042
0.030190
0.032576
0.039458
0.035545
0.030210
0.030092
0.030116
0.030144
0.030062
0.030489
0.030138
0.030112
0.030235
0.030154
0.030114
0.030172
0.030255
0.060502
0.030129
0.030135
0.030170
0.030198
0.030153
0.058255
0.040427
0.038191
0.031136
0.030439
0.030148
0.030130
0.030209
0.020079
0.020126
0.020175
0.040067
0.021205
0.020076
0.020125
0.020221
0.030137
0.030024
0.020068
0.020042
0.019997
0.030077
0.029928
0.019922
0.030056
0.020030
0.019944
0.019968
0.030121
0.030037
0.029870
0.029957
0.030014
0.030108
0.060085
0.030437
0.051577
0.038608
0.038350
0.038203
0.041205
0.042381
0.042353
0.042428
0.061445
0.046201
0.060426
0.031428
0.031245
0.031281
0.031214
0.031358
0.031274
0.031255
0.061519
0.031142
0.030998
0.031294
0.031135
0.031210
0.030710
0.030385
0.030310
0.030188
0.043447
0.030438
0.030572
0.030225
0.030169
0.030211
0.030175
0.030109
0.030153
0.030136
0.060886
0.034549
0.030196
0.030179
0.030245
0.030160
0.030126
0.030101
0.030107
0.030126
0.030416
0.030315
0.030089
0.030257
0.030134
0.030119
0.030144
0.029959
0.030205
0.029988
0.060464
0.030177
0.032266
0.033454
0.036529
0.030348
0.030534
0.030441
0.030451
0.030341
0.030216
0.030386
0.020184
0.020229
0.025621
0.037248
0.030176
0.030207
0.030582
0.030611
0.060265
0.030535
0.030164
0.030248
0.030207
0.030352
0.030202
0.030213
0.030141
0.030261
0.030197
0.030200
0.030292
0.030190
0.030316
0.030260
0.038433
0.039157
0.031108
0.030394
0.060872
0.030201
0.030847
0.031257
0.030318
0.030163
0.047968
0.030470
0.030285
0.030310
0.030326
0.030267
0.030268
0.030314
0.030173
0.030273
0.030224
0.030152
0.030256
0.030114
0.059949
0.030170
0.030397
0.030340
0.030220
0.030106
0.030052
0.031789
0.036118
0.030241
0.030100
0.030215
0.030046
0.030083
0.030032
0.030125
0.030105
0.030051
0.030469
0.036893
0.060447
0.030051
0.030122
0.030088
0.030073
0.030084
0.029994
0.030123
0.030091
0.030017
0.030089
0.030037
0.030038
0.030041
0.030107
0.030094
0.030030
0.029972
0.029978
0.030025
0.064522
0.030468
0.030075
0.029953
0.030075
0.030681
0.030006
0.030163
0.030135
0.030021
0.030139
0.038264
0.034791
0.030034
0.030072
0.030054
0.030102
0.030071
0.030060
0.030035
0.069361
0.038395
0.038134
0.046568
0.030342
0.030220
0.030137
0.030139
0.030169
0.030099
0.030047
0.052775
0.037834
0.031000
0.030890
0.030822
0.030744
0.030875
0.030915
0.030872
0.060500
0.051943
0.031859
0.030142
0.030159
0.030026
0.030174
0.030102
0.030157
0.030181
0.029930
0.030076
0.030044
0.030083
0.030165
0.030077
0.030013
0.030007
0.030109
0.030056
0.060261
0.030107
0.030204
0.038952
0.030297
0.030022
0.030200
0.029967
0.030274
0.030127
0.030090
0.030151
0.030121
0.030082
0.034954
0.032718
0.031033
0.030733
0.030326
0.030311
0.059864
0.030156
0.030021
0.030162
0.030190
0.030250
0.030216
0.030038
0.030050
0.030192
0.030020
0.030093
0.030118
0.030043
0.030285
0.030124
0.049465
0.030656
0.030116
0.030181
0.060590
0.030178
0.030216
0.030763
0.030287
0.030253
0.038817
0.031622
0.030283
0.030214
0.030230
0.031151
0.030275
0.030318
0.030194
0.030139
0.030209
0.030275
0.030191
0.030185
0.060671
0.030130
0.030354
0.030459
0.030184
0.030169
0.030279
0.052270
0.036322
0.030812
0.030236
0.030426
0.030284
0.030336
0.030287
0.030225
0.030357
0.030253
0.032955
0.039432
0.060590
0.030347
0.030153
0.030285
0.030223
0.030200
0.031088
0.030206
0.030199
0.030096
0.030130
0.030275
0.030121
0.030243
0.030153
0.030215
0.030182
0.030213
0.030267
0.030192
0.082091
0.030356
0.030218
0.030291
0.030138
0.030162
0.030435
0.030211
0.030263
0.030222
0.049594
0.031376
0.030273
0.030195
0.030263
0.030176
0.030104
0.030181
0.030238
0.030256
0.060278
0.030233
0.030259
0.030333
0.030322
0.030310
0.030233
0.030232
0.030181
0.030215
0.030201
0.030194
0.042416
0.031323
0.030291
0.030229
0.030320
0.030192
0.030092
0.030227
0.059974
0.020091
0.020017
0.026441
0.020979
0.030115
0.020030
0.019991
0.020036
0.020046
0.020143
0.019995
0.020654
0.020825
0.021081
0.020596
0.020434
0.030633
0.030404
0.030440
0.061110
0.030474
0.033018
0.034262
0.034292
0.040001
0.042344
0.061283
0.053929
0.031178
0.031405
0.030462
0.030415
0.030710
0.030548
0.030457
0.030445
0.040014
0.030494
0.030306
0.061049
0.030191
0.030282
0.030235
0.030193
0.030223
0.030153
0.030224
0.030151
0.030250
0.030268
0.030181
0.030334
0.030286
0.030200
0.030272
0.030501
0.030221
0.031207
0.037133
0.060215
0.030253
0.030068
0.030313
0.030287
0.030226
0.030264
0.030331
0.030082
0.037670
0.034861
0.031115
0.031094
0.031020
0.031099
0.031078
0.031122
0.031073
0.031160
0.031172
0.061398
0.030961
0.030955
0.030894
0.031119
0.031127
0.031038
0.030901
0.030326
0.030144
0.030973
0.033427
0.030338
0.030192
0.030254
0.030110
0.030740
0.030092
0.030181
0.030221
0.060584
0.039625
0.030805
0.030230
0.030236
0.030105
0.030121
0.030104
0.030078
0.030179
0.030055
0.030136
0.030061
0.030066
0.030089
0.030123
0.030154
0.030026
0.030033
0.029962
0.059826
0.030203
0.037400
0.031411
0.030185
0.030091
0.030060
0.030092
0.030161
0.030078
0.030059
0.030099
0.030122
0.046836
0.030459
0.030144
0.030131
0.030065
0.030112
0.030145
0.060403
0.030019
0.030063
0.030156
0.030602
0.031093
0.030874
0.030141
0.030115
0.030071
0.030135
0.030128
0.030202
0.030172
0.030170
0.038900
0.030721
0.030233
0.030161
0.030180
0.060795
0.030203
0.030911
0.030422
0.030269
0.049340
0.037967
0.030199
0.030180
0.030238
0.030259
0.030182
0.030174
0.030201
0.030192
0.030262
0.030217
0.030417
0.030312
0.030180
0.059825
0.030231
0.030087
0.029999
0.030010
0.020095
0.030010
0.040235
0.038326
0.038190
0.038122
0.040744
0.042260
0.042353
0.042314
0.055083
0.063445
0.030602
0.030486
0.030470
0.061174
0.030345
0.030205
0.030430
0.030332
0.030257
0.030406
0.030250
0.030354
0.030251
0.030204
0.030764
0.030322
0.030221
0.046106
0.033978
0.030307
0.030206
0.030263
0.030268
0.060786
0.030247
0.030233
0.030258
0.034652
0.034884
0.030159
0.030001
0.030220
0.030182
0.030148
0.030293
0.030260
0.030177
0.030326
0.030297
0.030107
0.030111
0.030074
0.030118
0.059844
0.030350
0.030254
0.030227
0.030142
0.030059
0.045507
0.034387
0.030200
0.030255
0.030299
0.030241
0.030213
0.030181
0.030227
0.030180
0.030290
0.035186
0.036696
0.030118
0.060406
0.030178
0.030152
0.030141
0.030742
0.030278
0.030293
0.030290
0.030210
0.030350
0.032793
0.036600
0.030801
0.030221
0.031127
0.031258
0.030521
0.030527
0.030432
0.042469
0.060908
0.030251
0.030320
0.030319
0.030233
0.030283
0.030277
0.030258
0.030150
0.044406
0.030414
0.030295
0.030162
0.030263
0.030212
0.030207
0.030196
0.030295
0.030408
0.030517
0.060071
0.030547
0.030293
0.030448
0.030388
0.030363
0.030434
0.030518
0.030643
0.030472
0.030517
0.034237
0.030623
0.030559
0.030493
0.030517
0.030310
0.030148
0.030019
0.030182
0.060577
0.041109
0.030540
0.030259
0.030269
0.030529
0.030489
0.030561
0.030629
0.030650
0.030957
0.030748
0.030611
0.030537
0.030454
0.030613
0.030541
0.031481
0.030506
0.030703
0.061363
0.030507
0.037560
0.030821
0.030601
0.030610
0.030637
0.030473
0.030527
0.030558
0.030340
0.030315
0.030332
0.039721
0.031551
0.030342
0.030450
0.030370
0.030246
0.030143
0.059584
0.030200
0.030179
0.030309
0.030381
0.030204
0.030231
0.030342
0.030275
0.030410
0.030401
0.030583
0.020271
0.020608
0.020377
0.021319
0.027055
0.020772
0.020301
0.020271
0.020270
0.020355
0.020257
0.030298
0.030393
0.030379
0.030402
0.030771
0.030516
0.039790
0.030711
0.030276
0.030328
0.030326
0.030230
0.030098
0.030206
0.030218
0.030290
0.030354
0.060646
0.030239
0.030279
0.030308
0.030428
0.030424
0.030293
0.030475
0.030728
0.030308
0.031424
0.048267
0.038654
0.031256
0.031143
0.031122
0.031068
0.030999
0.031000
0.031081
0.072323
0.039657
0.039304
0.039331
0.039431
0.039385
0.056293
0.036165
0.031065
0.031114
0.031140
0.030406
0.030336
0.030276
0.030286
0.030163
0.030159
0.030472
0.030416
0.030283
0.081800
0.030123
0.030207
0.030171
0.030283
0.030220
0.030352
0.030487
0.030405
0.030373
0.035766
0.033580
0.030297
0.030251
0.030373
0.030232
0.030281
0.030508
0.030391
0.030269
0.060768
0.030282
0.030321
0.030281
0.030393
0.030266
0.030325
0.030307
0.030420
0.030379
0.030364
0.030358
0.041977
0.032070
0.030390
0.030177
0.030128
0.030255
0.030186
0.030171
0.061100
0.030170
0.033405
0.033098
0.030201
0.030223
0.030219
0.030132
0.030243
0.030250
0.030373
0.030312
0.030394
0.030416
0.030324
0.030547
0.030288
0.030328
0.030260
0.030273
0.059784
0.030279
0.030138
0.030159
0.040806
0.030774
0.030229
0.030294
0.030242
0.030169
0.030275
0.030265
0.030195
0.030226
0.030215
0.034641
0.033870
0.030345
0.030423
0.030216
0.060468
0.030328
0.030246
0.030192
0.030239
0.030316
0.030339
0.030292
0.030313
0.030396
0.030160
0.030208
0.030213
0.030230
0.030870
0.030247
0.030195
0.044148
0.030845
0.030449
0.061210
0.030535
0.034095
0.038568
0.031227
0.031146
0.055621
0.039073
0.038745
0.037541
0.030389
0.030499
0.030598
0.030656
0.030394
0.030334
0.030362
0.030270
0.030324
0.030281
0.059989
0.030423
0.030408
0.030228
0.030195
0.030213
0.030164
0.050492
0.031252
0.030408
0.030311
0.030190
0.030154
0.030220
0.030253
0.030177
0.030176
0.030174
0.036974
0.036034
0.060582
0.030219
0.030192
0.030234
0.030107
0.030764
0.030366
0.030125
0.030124
0.030264
0.030080
0.030048
0.030150
0.030030
0.030173
0.030087
0.030124
0.030223
0.030003
0.031006
0.068635
0.030075
0.029986
0.030079
0.030145
0.030254
0.030130
0.030101
0.030027
0.029963
0.035581
0.031821
0.030025
0.030054
0.030102
0.030185
0.030035
0.030072
0.030026
0.029986
0.059512
0.029979
0.030108
0.030215
0.030251
0.030062
0.030030
0.029979
0.030006
0.030012
0.030223
0.030037
0.043972
0.031234
0.030177
0.030201
0.030143
0.030123
0.030184
0.030221
0.060542
0.030227
0.034477
0.039069
0.038373
0.038277
0.042095
0.054937
0.068631
0.054750
0.030126
0.030254
0.030205
0.030324
0.030258
0.030173
0.030141
0.030210
0.030374
0.030260
0.061846
0.032668
0.030202
0.030130
0.030387
0.030141
0.030200
