0.529738
0.035320
0.031327
0.031583
0.034840
0.031132
0.031710
0.030993
0.030925
0.031199
0.031039
0.031052
0.031092
0.031115
0.031344
0.031283
0.031403
0.031196
0.031209
0.031090
0.074668
0.037919
0.031271
0.031105
0.030895
0.031085
0.031064
0.031026
0.030969
0.031693
0.031131
0.039562
0.038665
0.042630
0.043014
0.042619
0.042696
0.069221
0.067108
0.032566
0.060044
0.030403
0.030424
0.030530
0.030341
0.030163
0.030211
0.053796
0.034072
0.030412
0.030220
0.030169
0.030224
0.030149
0.030330
0.030216
0.030314
0.030414
0.050250
0.038436
0.061360
0.031287
0.031143
0.031062
0.046619
0.030986
0.030974
0.031028
0.030873
0.030962
0.031215
0.031098
0.031117
0.030992
0.020520
0.030995
0.020285
0.020307
0.020326
0.020301
0.037920
0.026998
0.031580
0.030924
0.020135
0.031033
0.031126
0.031259
0.020444
0.031878
0.031415
0.031217
0.043116
0.038479
0.030987
0.030962
0.020241
0.033185
0.039732
0.031360
0.061652
0.031220
0.031203
0.031177
0.031095
0.031312
0.031137
0.031217
0.031095
0.030969
0.031020
0.030907
0.049951
0.034799
0.031042
0.030985
0.031193
0.031155
0.030858
0.031078
0.060416
0.030994
0.033470
0.033825
0.030219
0.030787
0.030207
0.030100
0.030060
0.030182
0.030174
0.030638
0.030067
0.030128
0.030045
0.030026
0.030113
0.030032
0.020126
0.020093
0.020043
0.020067
0.020475
0.020925
0.020127
0.029989
0.030496
0.032950
0.030112
0.030104
0.030113
0.030056
0.030103
0.030092
0.030201
0.030028
0.030206
0.030040
0.048491
0.030794
0.020070
0.030769
0.030768
0.030919
0.030853
0.031203
0.030853
0.030573
0.030053
0.029999
0.030037
0.029999
0.030072
0.030106
0.029999
0.030019
0.030016
0.029992
0.029974
0.030048
0.062862
0.033177
0.030267
0.038229
0.038389
0.038548
0.038462
0.041811
0.030656
0.044515
0.031085
0.030102
0.030104
0.030018
0.030044
0.030009
0.030087
0.030147
0.030213
0.030141
0.059401
0.030113
0.029999
0.030047
0.030033
0.030007
0.030101
0.030173
0.030294
0.030091
0.030219
0.031300
0.041973
0.038294
0.030050
0.030145
0.029973
0.030065
0.030062
0.030150
0.059892
0.058707
0.038509
0.038410
0.038374
0.030131
0.030162
0.030056
0.030030
0.031096
0.030173
0.039119
0.036770
0.030242
0.030041
0.030092
0.030160
0.030136
0.030119
0.030015
0.060087
0.031418
0.038865
0.036677
0.030085
0.030146
0.030045
0.030079
0.030735
0.030160
0.030348
0.030241
0.057512
0.038040
0.030913
0.030910
0.030902
0.030934
0.030751
0.030145
0.060113
0.030171
0.030025
0.030210
0.030054
0.030050
0.030155
0.030058
0.030111
0.030154
0.030137
0.030115
0.030251
0.048947
0.030611
0.030087
0.030257
0.030178
0.030109
0.030175
0.059258
0.030167
0.030187
0.030680
0.036999
0.030571
0.030239
0.030283
0.030325
0.030275
0.030227
0.030107
0.030125
0.030167
0.030107
0.030185
0.030176
0.030216
0.030214
0.030200
0.060211
0.030201
0.030638
0.030231
0.030222
0.030231
0.041852
0.030442
0.030304
0.030222
0.030208
0.030127
0.030099
0.030827
0.030119
0.052284
0.059976
0.039896
0.039442
0.031066
0.060404
0.031465
0.030813
0.030268
0.030203
0.030219
0.030367
0.030132
0.030194
0.030227
0.030291
0.030201
0.030200
0.030093
0.030144
0.030141
0.030192
0.060219
0.031911
0.031011
0.060609
0.030881
0.031064
0.030999
0.030223
0.030208
0.052808
0.031405
0.030047
0.030254
0.030159
0.030177
0.030164
0.030801
0.030185
0.030396
0.030155
0.030122
0.030337
0.030220
0.059753
0.030307
0.030208
0.030279
0.030131
0.035692
0.030197
0.030234
0.030217
0.030181
0.030246
0.030154
0.030415
0.030260
0.030554
0.030488
0.044449
0.033114
0.030564
0.020448
0.020312
