0.430398
0.039299
0.031383
0.030795
0.030612
0.029948
0.029797
0.029830
0.031069
0.038971
0.029998
0.029887
0.029782
0.030776
0.029893
0.029775
0.029995
0.029936
0.029825
0.030137
0.053482
0.029933
0.029914
0.029965
0.029941
0.029967
0.029821
0.030005
0.030142
0.029830
0.052197
0.029898
0.029941
0.029993
0.029899
0.029877
0.030010
0.030027
0.029987
0.029888
0.075254
0.030003
0.030040
0.029899
0.029931
0.029974
0.029844
0.029877
0.029811
0.030055
0.029947
0.029872
0.029908
0.030055
0.030012
0.029820
0.030059
0.029914
0.030000
0.030008
0.060032
0.038701
0.039076
0.045130
0.058339
0.030738
0.030749
0.030727
0.057646
0.031067
0.031199
0.030606
0.030412
0.030392
0.036626
0.037929
0.037946
0.041918
0.041798
0.050078
0.093664
0.051806
0.030152
0.030210
0.030076
0.039012
0.034055
0.030285
0.030105
0.029790
0.029951
0.029929
0.029886
0.029920
0.030272
0.029988
0.041501
0.032549
0.029958
0.030006
0.059503
0.030724
0.029903
0.029969
0.029881
0.029887
0.029987
0.029890
0.029862
0.030028
0.029906
0.030200
0.030099
0.029907
0.029951
0.030080
0.030019
0.029948
0.039930
0.037167
0.059976
0.030015
0.029976
0.029898
0.029952
0.029937
0.029960
0.048096
0.031639
0.030019
0.030051
0.029979
0.029922
0.029995
0.029931
0.029949
0.029936
0.029975
0.030024
0.029946
0.059520
0.029969
0.029885
0.029984
0.029905
0.030078
0.030001
0.029989
0.029944
0.039303
0.033983
0.029938
0.029945
0.029862
0.029928
0.030009
0.029912
0.029949
0.029980
0.030046
0.066648
0.030006
0.029946
0.030002
0.029930
0.029980
0.030048
0.029951
0.029905
0.029886
0.030040
0.029880
0.030094
0.029975
0.030067
0.029929
0.030033
0.029903
0.029939
0.029782
0.059912
0.045740
0.030915
0.030030
0.029940
0.029967
0.029894
0.029996
0.029869
0.029813
0.029935
0.031367
0.039365
0.038233
0.038167
0.038539
0.041929
0.043082
0.042888
0.042300
0.072544
0.042084
0.042196
0.042150
0.045911
0.067999
0.075375
0.038399
0.041914
0.042179
0.042393
0.042002
0.041919
0.042159
0.054255
0.042623
0.042093
0.042267
0.042018
0.041889
0.071808
0.041885
0.041941
0.041873
0.041979
0.041799
0.052156
0.067733
0.085989
0.030276
0.030185
0.030222
0.030139
0.030273
0.030236
0.030206
0.030118
0.030088
0.048791
0.032587
0.060057
0.030104
0.029932
0.029995
0.030000
0.030025
0.030007
0.030001
0.030011
0.030029
0.029938
0.030096
0.030026
0.030025
0.030035
0.029968
0.029971
0.030088
0.029909
0.033139
0.062217
0.030093
0.030248
0.030047
0.033924
0.034131
0.036109
0.030081
0.030290
0.036536
0.030232
0.030052
0.029954
0.030035
0.030104
0.030116
0.030040
0.029975
0.030044
0.029969
0.060100
0.029982
0.030056
0.029985
0.030082
0.029914
0.030106
0.030021
0.030062
0.030056
0.047507
0.038847
0.037921
0.038112
0.038406
0.042186
0.042026
0.042176
0.059694
0.043107
0.072351
0.042248
0.067761
0.067622
0.062220
0.050265
0.038544
0.038662
0.038643
0.042778
0.042506
0.048406
0.039187
0.038598
0.043464
0.058586
0.033869
0.042408
0.030167
0.059453
0.063199
0.031093
0.030711
0.030766
0.030738
0.030735
0.031124
0.030881
0.030808
0.030020
0.030091
0.030027
0.029987
0.029932
0.030119
0.030078
0.029963
0.030180
0.029967
0.030058
0.085877
0.030024
0.029851
0.030087
0.030021
0.030023
0.030140
