0.486029
0.041244
0.031484
0.031111
0.030804
0.031452
0.030865
0.030826
0.030861
0.030916
0.030927
0.030874
0.030804
0.030780
0.031029
0.030851
0.031436
0.030892
0.031062
0.030943
0.055021
0.030920
0.042866
0.040225
0.040018
0.039960
0.040416
0.043823
0.043990
0.044212
0.069017
0.044326
0.044297
0.044073
0.044245
0.043857
0.044177
0.044321
0.046135
0.044081
0.074167
0.077025
0.041278
0.068112
0.042396
0.052280
0.032012
0.032182
0.032087
0.032195
0.032174
0.032252
0.049016
0.034556
0.032148
0.032279
0.032191
0.032111
0.031999
0.032233
0.062461
0.032126
0.032097
0.031985
0.031884
0.032432
0.032182
0.031779
0.032050
0.032075
0.032355
0.032023
0.032117
0.044556
0.037176
0.031213
0.031194
0.031480
0.031435
0.031432
0.061446
0.031438
0.033248
0.040945
0.040589
0.040437
0.039545
0.034986
0.031210
0.031591
0.031456
0.031313
0.031447
0.031562
0.031420
0.031638
0.031744
0.032029
0.031443
0.031669
0.062665
0.031642
0.059266
0.041365
0.041302
0.040970
0.044561
0.045074
0.045227
0.044997
0.056995
0.042115
0.045649
0.045881
0.045691
0.045429
0.046015
0.045257
0.045604
0.045403
0.094386
0.064052
0.036207
0.038782
0.032554
0.032397
0.032769
0.032804
0.032570
0.032402
0.032631
0.032530
0.033696
0.036325
0.032183
0.033448
0.032308
0.032096
0.032325
0.032538
0.062870
0.032294
0.032506
0.032175
0.032730
0.032208
0.032228
0.032186
0.031907
0.032206
0.034540
0.040905
0.033560
0.033042
0.032385
0.032613
0.033018
0.032987
0.033277
0.033287
0.065288
0.033517
0.032690
0.032500
0.032318
0.032138
0.032223
0.031992
0.032252
0.031955
0.031889
0.031629
0.031750
0.031741
0.031781
0.031678
0.031283
0.031468
0.031376
0.032015
0.062854
0.036986
0.031841
0.031825
0.031695
0.031734
0.031441
0.031439
0.031528
0.039493
0.031475
0.031229
0.031785
0.031395
0.031373
0.031334
0.031335
0.031255
0.031328
0.031327
0.061620
0.031622
0.031344
0.031512
0.031306
0.031565
0.031400
0.031523
0.047950
0.035829
0.031513
0.031628
0.031667
0.031478
0.031577
0.031514
0.031438
0.031625
0.031325
0.042067
0.063572
0.031507
0.031522
0.031415
0.031137
0.031332
0.031917
0.031663
0.031364
0.031502
0.031725
0.031435
0.031466
0.031626
0.031862
0.031836
0.031795
0.032047
0.031861
0.031959
0.074028
0.032017
0.031838
0.032075
0.031939
0.031813
0.032163
0.031814
0.031958
0.032233
0.038671
0.032161
0.032096
0.032100
0.031846
0.032114
0.031904
0.032032
0.031810
0.032011
0.062356
0.032012
0.031914
0.031840
0.031545
0.031700
0.031629
0.031621
0.031643
0.031709
0.035268
0.035884
0.031782
0.031668
0.031698
0.031799
0.031863
0.032619
0.032348
0.031637
0.062135
0.033808
0.031410
0.031497
0.031517
0.031617
0.031610
0.031548
0.031360
0.031277
0.031404
0.031371
0.031384
0.031547
0.031196
0.031412
0.031278
0.031361
0.031678
0.031671
0.061732
0.048086
0.031951
0.031574
0.031405
0.031571
0.031647
0.031601
0.031555
0.031594
0.031537
0.031596
0.043963
0.031694
0.031506
0.031591
0.031723
0.031760
0.031593
0.031675
0.061543
0.031891
0.031815
0.031817
0.031788
0.031712
0.042783
0.031619
0.031591
0.031591
0.032028
0.031662
0.054656
0.032231
0.031697
0.032047
0.031859
0.031636
0.031675
0.031747
0.062012
0.031476
0.053883
0.031384
0.031384
0.032249
0.031473
0.031525
0.031698
0.031774
0.031529
0.031505
0.031727
0.031488
0.031535
0.031252
0.031338
0.031452
0.031479
0.031414
0.061330
0.031418
0.033521
0.034887
0.031377
0.031301
0.031400
0.031485
0.031636
0.031508
0.031278
0.031496
0.031646
0.053051
0.032114
0.031585
0.031605
0.031925
0.031722
0.031891
0.062233
0.031876
0.031729
0.032064
0.032134
0.031839
0.031982
0.032281
0.032152
0.031871
0.031868
0.031841
0.031797
0.044332
0.032672
0.032204
0.031953
0.032081
0.031943
0.031926
0.082327
0.032460
0.032046
0.032079
0.032154
0.031983
0.032248
0.032021
0.031911
0.031857
0.031754
0.031646
0.031906
0.032076
0.032112
0.031942
0.031859
0.032038
0.031867
0.032157
0.063235
0.046576
0.041855
0.042080
0.046249
0.056621
0.070595
0.063008
0.033750
0.033295
0.033446
0.033356
0.033696
0.034043
0.033902
0.033941
0.033756
0.033522
0.033329
0.033343
0.063353
0.033104
0.033209
0.033100
0.033063
0.033273
0.033484
0.044649
0.033533
0.033572
0.033259
0.033389
0.033580
0.033411
0.033727
0.033293
0.033638
0.046701
0.038223
0.033651
0.064033
0.034032
0.033784
0.033872
0.033732
0.033884
0.033774
0.034100
0.033940
0.034058
0.030094
0.029902
0.030009
0.030027
0.030184
0.029960
0.030059
0.043311
0.031493
0.030217
0.060177
0.029945
0.030185
0.030028
0.030169
0.030043
0.030145
0.040394
0.034654
0.030070
0.030092
0.030112
0.030075
0.030104
0.030202
0.029993
0.029960
0.030152
0.030056
0.030213
0.060395
0.030116
0.030353
0.030328
0.030086
0.030047
0.030293
0.030337
0.045193
0.039480
0.038693
0.038819
0.038679
0.030108
0.030141
0.030119
0.030053
0.030138
0.065066
0.030970
0.061066
0.031126
0.032255
0.032104
0.030939
0.030087
0.030061
0.030210
0.030259
0.030230
0.030143
0.030319
0.030188
0.030263
0.030095
0.030064
0.030148
0.030281
0.045094
0.034373
0.060547
0.030321
0.030173
0.030299
0.030453
0.030266
0.030284
0.030368
0.038619
0.030447
0.030351
0.030269
0.030175
0.038810
0.038642
0.039022
0.043164
0.042849
0.042775
0.042614
0.100286
0.042908
0.042751
0.042981
0.066132
0.045783
0.046263
0.031230
0.035840
0.033626
0.032552
0.032873
0.031145
0.058414
0.038187
0.038099
0.043614
0.051739
0.045778
0.045478
0.077602
0.051128
0.051770
0.051569
0.045501
0.051703
0.051551
0.046801
0.038360
0.039246
0.045626
0.052074
0.045474
0.045822
0.068066
0.046468
0.039395
0.045540
0.045704
0.039602
0.070595
0.039433
0.045153
0.044395
0.049275
0.044273
0.044003
0.043069
0.043161
0.043761
0.048903
0.047999
0.048312
0.048743
0.050029
0.050461
0.045357
0.043012
0.054258
0.056458
0.067532
0.033520
0.034514
0.033087
0.033154
0.032235
0.031817
0.031920
0.032245
0.032076
0.042138
0.041590
0.064249
0.042341
0.041552
0.045449
0.045878
0.043422
0.032583
0.032849
0.062948
0.036324
0.032110
0.032270
0.032198
0.032155
0.032217
0.032240
0.032214
0.031869
0.032061
0.032033
0.031990
0.032239
0.031968
0.031913
0.032091
0.032469
0.032137
0.032215
0.064624
0.035649
0.032055
0.031710
0.031795
0.032010
0.032101
0.032336
0.032293
0.031807
0.032194
0.041422
0.032960
0.032416
0.032153
0.032145
0.032413
0.032797
0.032731
