0.416055
0.031121
0.031161
0.030281
0.052257
0.036359
0.030015
0.029892
0.029942
0.029973
0.029834
0.029891
0.029771
0.030916
0.031138
0.031034
0.031084
0.031094
0.031013
0.030777
0.054669
0.030747
0.030796
0.030753
0.030721
0.030439
0.044563
0.030833
0.030303
0.030251
0.031167
0.031614
0.031369
0.030396
0.030199
0.030376
0.030637
0.047167
0.032015
0.031086
0.060585
0.031020
0.030881
0.030825
0.030169
0.030179
0.030161
0.030102
0.030064
0.029942
0.030008
0.033781
0.030149
0.033686
0.033736
0.033302
0.033347
0.033095
0.049242
0.033618
0.063048
0.033588
0.033334
0.033478
0.033184
0.033382
0.033153
0.033793
0.042942
0.033095
0.033096
0.033175
0.032991
0.033165
0.033349
0.033003
0.033113
0.033108
0.032994
0.032735
0.062488
0.032740
0.032724
0.032942
0.032648
0.032803
0.032795
0.058034
0.034063
0.033513
0.034159
0.033478
0.034108
0.033952
0.034119
0.034295
0.033757
0.041524
0.042485
0.033424
0.063105
0.033465
0.033420
0.033365
0.033300
0.033324
0.033337
0.033303
0.033233
0.033155
0.033332
0.033192
0.033280
0.033471
0.033241
0.033447
0.033337
0.056643
0.041925
0.033393
0.063120
0.033293
0.033103
0.033161
0.033165
0.033066
0.059173
0.033466
0.032898
0.033137
0.032882
0.032687
0.032783
0.032685
0.032629
0.032543
0.032668
0.032844
0.032247
0.031868
0.061511
0.031761
0.032204
0.031893
0.031731
0.031778
0.053794
0.040216
0.039518
0.042850
0.043460
0.069880
0.061609
0.041679
0.040594
0.030667
0.030538
0.030912
0.030551
0.030650
0.060319
0.030560
0.030517
0.020303
0.030156
0.030149
