0.428288
0.031697
0.031709
0.031129
0.031084
0.031064
0.031261
0.031435
0.031110
0.031033
0.031015
0.041611
0.031228
0.031009
0.030971
0.031238
0.031384
0.031115
0.031064
0.031001
0.054824
0.036353
0.034569
0.031248
0.031187
0.031061
0.031159
0.031144
0.031224
0.031117
0.031359
0.031415
0.031434
0.031218
0.031217
0.031131
0.031482
0.031870
0.032198
0.031647
0.061024
0.031240
0.036873
0.034995
0.031264
0.031334
0.031322
0.031291
0.031207
0.031518
0.031378
0.031512
0.031375
0.035247
0.031571
0.031585
0.031514
0.031392
0.031460
0.031694
0.061375
0.031612
0.031710
0.031554
0.031492
0.031636
0.031579
0.031562
0.031766
0.031623
0.031674
0.031445
0.031666
0.032161
0.040125
0.031742
0.031711
0.031853
0.031790
0.031811
0.061799
0.031939
0.031895
0.049929
0.042791
0.041248
0.039646
0.032258
0.032041
0.032092
0.032146
0.032080
0.032079
0.031885
0.031988
0.032048
0.032202
0.032064
0.032129
0.032067
0.061993
0.042394
0.041931
0.032008
0.032072
0.032265
0.032139
0.032063
0.032149
0.032138
0.053757
0.037864
0.032261
0.032562
0.032264
0.032406
0.032269
0.032387
0.032353
0.032352
0.062334
0.032386
0.032334
0.032536
0.032480
0.032540
0.032606
0.032627
0.032494
0.032652
0.033965
0.035539
0.032798
0.032801
0.032867
0.032739
0.032806
0.032937
0.032655
0.032926
0.063176
0.036613
0.033303
0.033093
0.033113
0.033046
0.033294
0.033272
0.033269
0.033195
0.033584
0.033364
0.033445
0.033560
0.033512
0.033563
0.033615
0.033746
0.033822
0.034002
0.060673
0.039463
0.030163
0.029959
0.029963
0.030072
0.030069
0.030097
0.029973
0.030115
0.030062
0.030134
0.038848
0.030436
0.030206
0.030191
0.030236
0.030221
0.030413
0.030252
0.059848
0.030259
0.030348
0.030153
0.030555
0.030556
0.030661
0.030629
0.030545
0.030695
0.031164
0.038002
0.031003
0.030877
0.030866
0.030860
0.030799
0.030936
0.031009
0.030949
0.060756
0.042027
0.030029
0.029911
0.029823
0.029771
0.029927
0.029618
0.029839
0.029905
0.029980
0.029845
0.029914
0.029890
0.029957
0.029879
0.029886
0.029988
0.030000
0.029961
0.059533
0.029840
0.029940
0.042433
0.030275
0.029907
0.030009
0.030063
0.030020
0.030093
