0.344647
0.049151
0.031674
0.038259
0.041890
0.043747
0.058238
0.032876
0.034280
0.030884
0.030943
0.030913
0.030915
0.030848
0.031002
0.030999
0.031064
0.030774
0.035786
0.032449
0.054704
0.031148
0.031080
0.030956
0.030926
0.030925
0.031048
0.031068
0.030957
0.030996
0.030826
0.030787
0.031002
0.030970
0.030981
0.031214
0.031067
0.030956
0.031007
0.031081
0.074156
0.030931
0.030934
0.030920
0.031004
0.030936
0.030923
0.030920
0.030904
0.030822
0.038683
0.032737
0.030966
0.031073
0.030894
0.030975
0.030896
0.030990
0.030946
0.031026
0.060909
0.030846
0.031014
0.030917
0.031141
0.030990
0.031024
0.030834
0.030625
0.030938
0.030903
0.034177
0.035027
0.030859
0.030920
0.030947
0.030849
0.030824
0.030915
0.030804
0.060764
0.054029
0.031969
0.031038
0.030884
0.039011
0.041853
0.040948
0.040446
0.040648
0.040571
0.040676
0.041019
0.040936
0.040544
0.040693
0.040609
0.040660
0.040637
0.043673
0.079051
0.035055
0.032363
0.031935
0.031926
0.032060
0.031973
0.031860
0.042566
0.032887
0.031651
0.031639
0.031567
0.031873
0.031735
0.031867
0.031845
0.031734
0.031656
0.031780
0.061631
0.031675
0.031595
0.031592
0.031623
0.031732
0.031677
0.031644
0.052048
0.031342
0.030955
0.030907
0.031052
0.030826
0.031080
0.031035
0.031018
0.030894
0.042386
0.033490
0.060417
0.030916
0.030742
0.030860
0.030766
0.030843
0.031003
0.030820
0.030822
0.030933
0.031068
0.030987
0.030835
0.031302
0.030876
0.030884
0.030963
0.030936
0.030876
0.034808
0.063684
0.045082
0.044222
0.032086
0.030903
0.030962
0.030612
0.030558
0.034588
0.033047
0.030905
0.030895
0.031001
0.031036
0.031106
0.030900
0.030999
0.031072
0.030915
0.031147
0.060232
0.030937
0.030953
0.030960
0.031281
0.030941
0.030891
0.030856
0.031028
0.031185
0.037764
0.031007
0.031242
0.030923
0.030880
0.030907
0.030841
0.031055
0.030943
0.031068
0.063088
0.034003
0.030984
0.031106
0.030916
0.030886
0.031096
0.030925
0.030944
0.034803
0.040869
0.032675
0.030961
0.030942
0.031041
0.030830
0.031059
0.030872
0.030906
0.030920
0.060211
0.036222
0.031012
0.030902
0.030954
0.030957
0.030962
0.030807
0.030839
0.031104
0.031102
0.047829
0.039478
0.031849
0.031893
0.031878
0.031886
0.032001
0.031628
0.031796
0.061701
0.031924
0.031782
0.031921
0.031857
0.031796
0.032653
0.031769
0.031853
0.031781
0.031891
0.048665
0.039339
0.031925
0.031836
0.031796
0.031871
0.031935
0.031905
0.031790
0.061178
0.042660
0.031699
0.031145
0.030999
0.030967
0.031070
0.031064
0.031055
0.030936
0.030977
0.031000
0.030927
0.031131
0.031074
0.030985
0.031057
0.031147
0.031044
0.030975
0.060923
0.030983
0.039279
0.035159
0.030965
0.031096
0.031149
0.031021
0.031288
0.031055
0.031078
0.031133
0.031057
0.041286
0.033535
0.031757
0.030922
0.030964
0.031035
0.030884
0.060502
0.031049
0.031071
0.031049
0.031089
0.030968
0.031147
0.030925
0.031078
0.031181
0.031197
0.031066
0.031004
0.030913
0.036893
0.033564
0.031100
0.031142
0.031119
0.030995
0.061070
0.031093
0.030915
0.031098
0.036322
0.031724
0.031140
0.031097
0.031081
0.030957
0.031067
0.030990
0.031094
0.031292
0.031697
0.030960
0.031107
0.031255
0.034768
0.041163
0.061337
0.031174
0.031064
0.031041
0.047759
0.031413
0.031136
0.030962
0.031136
0.031120
0.030909
0.030941
0.030950
0.030883
0.030970
0.039397
0.031404
0.031179
0.031167
0.031292
0.061034
0.031240
0.031028
0.031050
0.031042
0.031094
0.031180
0.030966
0.031079
0.031049
0.030976
0.031111
0.030882
0.031014
0.031072
0.030983
0.046451
0.031497
0.030950
0.031061
0.060700
0.031055
0.030937
0.030887
0.031040
0.030978
0.036405
0.033836
0.030669
0.030949
0.031059
0.030938
0.031159
0.031106
0.030984
0.030992
0.031104
0.031175
0.031018
0.031197
0.060834
0.031036
0.031490
0.031078
0.031229
0.030871
0.031002
0.032523
0.034321
0.031038
0.031193
0.031224
0.031117
0.031181
0.031131
0.031057
0.030925
0.030965
0.034923
0.034288
0.060546
0.031011
0.031015
0.031041
0.031040
0.031163
0.031011
0.030713
0.031056
0.031061
0.030998
0.031001
0.030952
0.031011
0.030971
0.031212
0.030897
0.031031
0.031039
0.048167
0.065559
0.030889
0.031110
0.031159
0.031141
0.030954
0.030940
0.031127
0.030919
0.043268
0.031483
0.031207
0.031215
0.030631
0.020430
0.020529
0.030650
0.030499
0.030624
0.020579
0.020399
0.020470
0.030469
0.030577
0.030613
0.030622
0.020551
0.030607
0.030864
0.030761
0.030709
0.031340
0.031589
0.039803
0.031631
0.030675
0.030772
0.030455
0.030622
0.030615
0.060279
0.030669
0.030535
0.040846
0.031035
0.030741
0.030645
0.030594
0.030576
0.030439
0.030717
0.030721
0.030612
0.030432
0.030603
0.030531
0.030705
0.030599
0.031060
0.030766
0.060471
0.030556
0.030585
0.030692
0.049870
0.035232
0.030658
0.030730
0.030561
0.030610
0.030686
0.030626
0.030642
0.030637
0.030623
0.038825
0.034267
0.030736
0.030765
0.030798
0.060185
0.031219
0.030656
0.030709
0.030643
0.030816
0.030649
0.030544
0.030600
0.030755
0.030718
0.030578
0.030594
0.030517
0.030621
0.030607
0.052190
0.033847
0.030618
0.030629
0.060455
0.030543
0.030868
0.030741
0.030611
0.030586
0.037863
0.031112
0.030707
0.030808
0.030728
0.030807
0.030689
0.030646
0.030693
0.030774
0.030752
0.030598
0.030735
0.030814
0.060275
0.031126
0.030602
0.030611
0.030457
0.030524
0.030532
0.043871
0.032042
0.031492
0.031486
0.031632
0.031302
0.031537
0.031450
0.031383
0.031535
0.059864
