0.348521
0.031605
0.053643
0.031402
0.030944
0.031245
0.030848
0.031124
0.033365
0.034699
0.049609
0.071734
0.042909
0.072456
0.030866
0.030188
0.029869
0.030019
0.030931
0.031118
0.020875
0.029676
0.020481
0.020525
0.020548
0.020651
0.020532
0.020576
0.020659
0.030484
0.020733
0.020664
0.020709
0.020719
0.020757
0.027044
0.024013
0.020590
0.020649
0.020645
0.020593
0.020727
0.020525
0.020672
0.020623
0.020677
0.020619
0.020538
0.020602
0.020759
0.027424
0.024094
0.020513
0.039472
0.027645
0.027035
0.020631
0.020643
0.030485
0.020539
0.020498
0.020531
0.020642
0.020735
0.020564
0.020521
0.020585
0.020753
0.030659
0.030638
0.020696
0.030691
0.030667
0.030708
0.030562
0.035945
0.031796
0.030947
0.021000
0.020694
0.020678
0.020676
0.020925
0.020616
0.030721
0.030618
0.020772
0.020877
0.040223
0.030835
0.020669
0.020673
0.020757
0.020680
0.030703
0.020642
0.020646
0.020630
0.020648
0.020652
0.020601
0.020644
0.020690
0.020671
0.020685
0.020686
0.020585
0.020608
0.020555
0.020585
0.020613
0.020614
0.020634
0.020583
0.020597
0.020679
0.020635
0.027282
0.021152
0.020634
0.022608
0.020872
0.020737
0.020656
0.020644
0.020692
0.020709
0.020559
0.020785
0.020687
0.020567
0.034981
0.022609
0.020710
0.020583
0.020636
0.020549
0.020693
0.020635
0.020746
0.020617
0.020712
0.020701
0.020778
0.020658
0.020743
0.020584
0.020628
0.020560
0.020648
0.020638
0.020671
0.030543
0.020410
0.020410
0.020344
0.020448
0.020341
0.020451
0.020421
0.020669
0.022594
0.025338
0.020557
0.020308
0.020312
0.020375
0.020391
0.020321
0.020523
0.020483
0.020455
0.020338
0.020520
0.020506
0.020399
0.021502
0.025810
0.020552
0.020415
0.020377
0.020354
0.020298
0.020376
0.020387
0.020351
0.020458
0.020412
0.020421
0.020376
0.020286
0.020376
0.020476
0.020341
0.020347
0.020394
0.020490
0.020326
0.020680
0.020572
0.020399
0.020530
0.020370
0.020517
0.020443
0.020391
0.020458
0.021810
0.024281
0.020566
0.020393
0.020360
0.020400
0.020389
0.020301
0.020377
0.020391
0.020358
0.020321
0.020381
0.020381
0.020346
0.024852
0.023175
0.020435
0.020363
0.020313
0.020329
0.020286
0.020329
0.020474
0.020365
0.020341
0.020714
0.021038
0.027354
0.026908
0.026632
0.026419
0.026617
0.026606
0.025878
0.020978
0.020888
0.020622
0.020424
0.020329
0.020317
0.020300
0.020363
0.023344
0.024365
0.020634
0.020437
0.020413
0.020400
