0.404894
0.032069
0.031729
0.031429
0.031260
0.031334
0.031714
0.054636
0.032191
0.032027
0.031975
0.031840
0.041784
0.031275
0.030652
0.030852
0.030917
0.031839
0.031673
0.031903
0.053607
0.043235
0.043974
0.031503
0.031437
0.044069
0.053492
0.031566
0.031198
0.031336
0.031553
0.031342
0.031459
0.031368
0.031747
0.031810
0.034161
0.050873
0.046632
0.031519
0.061496
0.031680
0.031862
0.032075
0.032040
0.032548
0.032611
0.032991
0.032783
0.033254
0.034085
0.033347
0.032876
0.032891
0.032353
0.031980
0.041974
0.032608
0.030883
0.030970
0.061558
0.030637
0.047489
0.048080
0.059292
0.048462
0.047612
0.031805
0.046740
0.047219
0.031757
0.047210
0.047412
0.048397
0.032688
0.032827
0.032490
0.047784
0.032594
0.035612
0.080439
0.038871
0.032807
0.032452
0.032336
0.032175
0.032061
0.032319
0.032133
0.032311
0.040404
0.040184
0.032084
0.032121
0.032039
0.032290
0.032233
0.032086
0.032088
0.032601
0.062324
0.032033
0.032027
0.032088
0.032240
0.032337
0.032035
0.032213
0.032121
0.032263
0.059185
0.033961
0.031643
0.031556
0.031406
0.031488
0.031339
0.031395
0.031291
0.031279
0.088213
0.031317
0.031350
0.031628
0.031488
0.031490
0.031367
0.031284
0.031217
0.031452
0.031473
0.031366
0.031371
0.031493
0.031796
0.031410
0.031304
0.031358
0.031345
0.031431
0.062234
0.038858
0.031462
0.031582
0.031267
0.031447
0.031388
0.031279
0.031294
0.031392
0.034166
0.034898
0.031519
0.031366
0.031323
0.031323
0.031384
0.031270
0.031483
0.031580
0.061779
0.031581
0.031742
0.031900
0.031901
0.032040
0.032344
0.032496
0.032201
0.031883
0.031632
0.053146
0.031462
0.031136
0.031575
0.031438
0.031539
0.031587
0.031323
0.031391
0.069947
0.033694
0.031418
0.031412
0.031451
0.031466
0.031414
0.031414
0.031272
0.031278
0.031322
0.031326
0.031248
0.031290
0.031295
0.031317
0.031286
0.031499
0.031932
0.032681
0.062636
0.035721
0.032177
0.031957
0.033859
0.032729
0.032726
0.040820
0.031243
0.031277
0.051892
0.037326
0.031440
0.031295
0.031124
0.031482
0.031564
0.031661
0.031636
0.031368
0.061865
0.031819
0.031908
0.031609
0.031512
0.031353
0.031331
0.031167
0.031040
0.030980
0.030948
0.043441
0.031379
0.030642
0.030500
0.030741
0.020673
0.020601
0.020599
0.020660
0.020603
0.020653
0.020528
0.020623
0.022774
0.025450
0.020834
0.020642
0.020709
0.020585
0.020578
0.020555
0.020566
0.020709
0.020609
0.020684
0.020568
0.020653
0.020596
0.020641
0.020717
0.020666
0.020543
0.020636
0.020642
0.020673
0.020751
0.020703
0.020652
0.020579
0.020679
0.020596
0.020597
0.020650
0.021032
0.027059
0.020921
0.020605
0.020574
0.020580
0.020553
0.020579
0.020531
0.020591
0.020580
0.030607
0.031123
0.031142
0.021371
0.038281
0.031301
0.031360
0.031246
0.021352
0.021190
0.021215
0.021207
0.031187
0.031261
0.031297
0.061791
0.031331
0.031274
0.031352
0.031246
0.031231
0.031340
0.031558
0.031577
0.031423
0.031340
0.038977
0.031286
0.031008
0.030936
0.031061
0.031073
0.031046
0.030970
0.030873
0.061201
0.038664
0.031183
0.030774
0.030951
0.031148
0.030936
0.030718
0.030776
0.030703
0.030845
0.030957
0.031290
0.031607
0.031616
0.031297
0.031164
0.031264
0.031152
0.031074
0.061350
0.032016
0.035388
0.032053
0.040033
0.039274
0.039198
0.056325
0.043651
0.053982
0.042996
0.059354
0.043394
0.043308
0.043499
0.043092
0.043245
0.043243
0.050536
0.069984
0.085468
0.057885
0.032932
0.066609
0.046068
0.030963
0.031044
0.030839
0.046659
0.045895
0.030700
0.030663
0.052782
0.030576
0.030685
0.030650
0.030735
0.030579
0.030792
0.030575
0.029932
0.045804
0.030011
0.046582
0.030572
0.030468
0.030744
0.030246
0.030318
0.030170
0.030241
0.030367
0.054045
0.020792
0.020288
0.020369
0.020951
0.020310
0.020288
0.020359
0.020341
0.020330
0.020398
0.020278
0.020209
0.020229
0.030275
0.046271
0.020382
0.030180
0.045468
0.029995
0.046045
0.020001
0.020032
0.019994
0.030370
0.030081
0.029937
0.045423
0.045340
0.029986
0.030205
0.030066
0.030001
0.029992
0.045496
0.045360
0.033323
0.030008
0.029874
