0.409791
0.030039
0.033523
0.040049
0.038456
0.058552
0.032723
0.029895
0.020005
0.020091
0.030118
0.029150
0.029907
0.030014
0.030069
0.030107
0.030090
0.040704
0.029994
0.020018
0.020165
0.020090
0.020071
0.020017
0.020060
0.020236
0.020401
0.020149
0.020098
0.020055
0.020103
0.021768
0.026346
0.022233
0.020167
0.020119
0.020352
0.020237
0.020175
0.020085
0.020189
0.021463
0.020116
0.020835
0.020198
0.020160
0.020233
0.024431
0.026272
0.020259
0.020162
0.020052
0.020098
0.020069
0.020153
0.020077
0.020110
0.020072
0.020035
0.020034
0.020127
0.020181
0.020153
0.020164
0.020073
0.020066
0.020216
0.020069
0.020109
0.020139
0.020198
0.020081
0.020131
0.020129
0.020167
0.020485
0.020093
0.020129
0.022856
0.024777
0.020384
0.020181
0.020092
0.020186
0.020232
0.020154
0.020363
0.020097
0.020133
0.020132
0.020173
0.020121
0.020162
0.020149
0.022751
0.025660
0.020181
0.020073
0.020139
0.020043
0.020015
0.020072
0.020100
0.020092
0.020160
0.020312
0.020098
0.020030
0.020081
0.020065
0.020109
0.020067
0.020103
0.020147
0.020164
0.020114
0.020106
0.020066
0.020215
0.019999
0.020323
0.025926
0.026394
0.026571
0.026788
0.026197
0.020194
0.020064
0.020074
0.020109
0.020102
0.020093
0.020128
0.020117
0.020130
0.020119
0.020124
0.020119
0.021026
0.026131
0.020515
0.020097
0.020303
0.020140
0.020232
0.020115
0.020171
0.020108
0.020115
0.020131
0.020133
0.020225
0.020200
0.020134
0.020116
0.020149
0.020183
0.020164
0.020095
0.020105
0.020070
0.020170
0.020160
0.020125
0.020113
0.020128
0.020094
0.020084
0.020161
0.020122
0.020195
0.023464
0.020350
0.020086
0.020116
0.020182
0.020139
0.020100
0.020147
0.020119
0.020199
0.020177
0.020393
0.020183
0.020169
0.020128
0.024570
0.023247
0.020785
0.020792
0.020926
0.020573
0.020704
0.020594
0.020544
0.020553
0.020587
0.020587
0.020594
0.020561
0.020680
0.020771
0.020771
0.020497
0.020067
0.020087
0.020162
0.020120
0.020128
0.019988
0.020143
0.020180
0.020114
0.020157
0.020003
0.020158
0.020108
0.020149
0.041134
0.020436
0.020102
0.020210
0.020061
0.020080
0.020132
0.020098
0.020097
0.020145
0.020056
0.020125
