0.356115
0.030988
0.030843
0.030827
0.030842
0.035485
0.030762
0.030761
0.030860
0.030812
0.030717
0.030906
0.030861
0.030817
0.030755
0.030874
0.029955
0.030046
0.030190
0.029992
0.053843
0.030029
0.029972
0.030035
0.030013
0.030035
0.058580
0.040543
0.038104
0.030900
0.031054
0.030812
0.030727
0.030686
0.030710
0.029973
0.029896
0.029986
0.035425
0.037491
0.059492
0.030105
0.030016
0.030171
0.029956
0.029889
0.029913
0.029765
0.029928
0.029927
0.029986
0.029910
0.029852
0.029869
0.029759
0.029964
0.031741
0.030134
0.030144
0.029999
0.066785
0.030025
0.029932
0.030018
0.029984
0.030013
0.030000
0.029989
0.030030
0.030019
0.030346
0.037176
0.030192
0.030029
0.030156
0.030147
0.030930
0.030892
0.030519
0.030425
0.060593
0.030409
0.030461
0.030521
0.039268
0.041977
0.042038
0.041966
0.036258
0.030500
0.030584
0.039170
0.033720
0.029950
0.029788
0.029903
0.029947
0.029949
0.029889
0.029824
0.059426
0.050920
0.038091
0.030833
0.030855
0.030942
0.030807
0.030808
0.030174
0.030106
0.030059
0.030066
0.030016
0.030006
0.029956
0.030119
0.029994
0.030056
0.029930
0.030058
0.059713
0.030011
0.030519
0.038816
0.030019
0.030041
0.029868
0.030065
0.029982
0.030083
0.030010
0.030070
0.030041
0.038831
0.031173
0.030106
0.030049
0.030069
0.030098
0.029967
0.059837
0.030160
0.030063
0.030085
0.030086
0.030114
0.029989
0.030177
0.030125
0.030073
0.030147
0.030135
0.030157
0.030150
0.030528
0.036707
0.030417
0.030143
0.030151
0.030258
0.059972
0.030141
0.030155
0.030158
0.030033
0.035289
0.031828
0.030152
0.030143
0.030317
0.030090
0.030182
0.030099
0.030134
0.030215
0.030343
0.030308
0.030405
0.030380
0.030326
0.059805
0.030308
0.030509
0.030313
0.030265
0.030228
0.030114
0.054806
0.038937
0.038612
0.038623
0.042422
0.042489
0.042528
0.052202
0.076619
0.032457
0.030434
0.030389
0.030505
0.060372
0.030185
0.030123
0.030381
0.031148
0.030755
0.030356
0.030321
0.030337
0.030350
0.030254
0.030278
0.030207
0.030282
0.030345
0.030443
0.036637
0.030531
0.030351
0.030575
0.060351
0.030827
0.030974
0.031000
0.030942
0.030939
0.040978
0.031150
0.030962
0.030914
0.030616
0.030639
0.030615
0.030746
0.030603
0.030951
0.030933
0.030659
0.030785
0.030960
0.060559
0.030958
0.031059
0.031006
0.030923
0.030715
0.030992
0.053439
0.031337
0.030984
0.030995
0.031119
0.030587
0.030684
0.030648
0.030607
0.030365
0.030547
0.035794
0.031951
0.060093
0.030434
0.030336
0.030374
0.030369
0.030504
0.030360
0.030245
0.030311
0.030431
0.030198
0.030248
0.030367
0.030264
0.030262
0.030488
0.030463
0.030454
0.030637
0.030457
0.067056
0.030276
0.030370
0.030379
0.030323
0.030406
0.030595
0.030491
0.030583
0.030587
0.039094
0.030820
0.030487
0.030537
0.030389
0.030312
0.030314
0.030272
0.030369
0.030358
0.059986
0.030301
0.030230
0.030246
0.030196
0.030287
0.030072
0.030243
0.030157
0.030169
0.030113
0.030133
0.038014
0.030599
0.030260
0.030254
0.030240
0.030285
0.030270
0.040463
0.060336
0.030034
0.041312
0.030349
0.030045
0.030191
0.030235
0.030308
0.030201
0.030278
0.030105
0.030106
0.030262
0.030196
0.030162
0.030199
0.030166
0.030302
0.030878
0.031338
0.059967
0.030299
0.030113
0.030320
0.043639
0.030442
0.030170
0.030309
0.030240
0.030179
0.030253
0.030099
0.030226
0.030320
0.030051
0.042439
0.030363
0.030135
0.030182
0.030238
0.059938
0.030077
0.030090
0.030335
0.030210
0.030201
0.030112
0.030482
0.030375
0.030291
0.030309
0.030282
0.030365
0.030294
0.030412
0.030366
0.032530
0.033774
0.030384
0.030371
0.059588
0.030230
0.030143
0.030243
0.030253
0.030278
0.030311
0.040893
0.030608
0.030293
0.030215
0.030160
0.030205
0.030275
0.030171
0.030151
0.030046
0.030180
0.030272
0.030232
0.060010
0.030257
0.030262
0.030315
0.030169
0.030283
0.030345
0.030533
0.032847
0.039283
0.038574
0.038486
0.041575
0.040340
0.030296
0.030276
0.030229
0.030275
0.034770
0.030273
0.059853
0.030271
0.030218
0.030385
0.030368
0.030459
0.030416
0.030298
0.030439
0.030235
0.030316
0.030324
0.030331
0.030261
0.030189
0.030286
0.030190
0.030275
0.030325
0.054233
0.061289
0.030979
0.031070
0.031204
0.031378
0.031241
0.030320
0.030374
0.030321
0.054348
0.031629
0.030918
0.030961
0.030978
0.030995
0.031052
0.030994
0.031242
0.030969
0.030299
0.059756
0.030203
0.030130
0.030335
0.030253
0.030171
0.030206
0.030136
0.030169
0.030600
0.059690
0.034337
0.030282
0.030169
0.030187
0.030036
0.030123
0.030190
0.030575
0.030461
0.060981
0.039342
0.038664
0.030224
0.030122
0.030129
0.030063
0.030149
0.030155
0.030231
0.030152
0.030190
0.030100
0.030104
0.030060
0.029944
0.030088
0.030380
0.030127
