0.499783
0.031141
0.030932
0.030829
0.030783
0.030512
0.030603
0.030525
0.030577
0.030642
0.038816
0.033773
0.030604
0.030670
0.030634
0.030759
0.030700
0.028578
0.030511
0.030518
0.054651
0.030571
0.031004
0.030741
0.030589
0.030497
0.030483
0.028476
0.030622
0.030550
0.030592
0.030491
0.052472
0.030575
0.030612
0.030559
0.030834
0.030867
0.030691
0.030838
0.060649
0.030532
0.044189
0.031138
0.030783
0.030706
0.030506
0.030501
0.030522
0.030765
0.031311
0.030643
0.030585
0.030960
0.030549
0.030478
0.030631
0.030600
0.030579
0.030576
0.060209
0.030817
0.030626
0.053454
0.030728
0.030524
0.030772
0.039990
0.039459
0.038888
0.038945
0.039782
0.062289
0.043872
0.047639
0.031296
0.031418
0.031376
0.031307
0.031158
0.061464
0.031331
0.031266
0.030996
0.030533
0.030816
0.030749
0.030435
0.030516
0.030462
0.030500
0.030462
0.039657
0.035101
0.030410
0.030595
0.030684
0.030612
0.030583
0.030460
0.061700
0.036297
0.030529
0.030631
0.030482
0.028488
0.030514
0.030653
0.030496
0.030589
0.030587
0.030448
0.030353
0.030611
0.030528
0.030572
0.030500
0.030919
0.030518
0.028644
0.060210
0.055114
0.038941
0.031612
0.031276
0.031449
0.031570
0.031296
0.031389
0.031264
0.031296
0.031295
0.040622
0.030556
0.030727
0.031444
0.030629
0.030461
0.030489
0.030470
0.060119
0.030429
0.030543
0.030600
0.030351
0.030528
0.030442
0.030523
0.030430
0.030584
0.031066
0.030556
0.030475
0.039640
0.030931
0.030844
0.030906
0.030786
0.030815
0.030586
0.060161
0.030444
0.030376
0.046544
0.030694
0.030188
0.030325
0.030283
0.030552
0.030309
0.030285
0.030263
0.030218
0.030090
0.030079
0.029957
0.030357
0.030074
0.030194
0.030187
0.059776
0.030322
0.030436
0.030533
0.030847
0.036870
0.030735
0.030506
0.030513
0.030564
0.030479
0.030442
0.030538
0.030437
0.038570
0.059794
0.034878
0.030495
0.030771
0.030615
0.060427
0.030747
0.030433
0.030460
0.030644
0.028667
0.030447
0.030546
0.030553
0.030539
0.030802
0.030584
0.030510
0.030501
0.030633
0.030556
0.029378
0.034797
0.029823
0.030427
0.059857
0.030876
0.030801
0.030748
0.030516
0.030707
0.030531
0.042858
0.033943
0.030485
0.030420
0.030304
0.030362
0.030518
0.030404
0.030535
0.030604
0.030453
0.030527
0.030555
0.060413
0.030506
0.030731
0.030595
0.030528
0.030430
0.030473
0.030528
0.036346
0.031821
0.030524
0.030482
0.030255
0.030178
0.030272
0.030100
0.030137
0.030058
0.030195
0.039063
0.059716
0.030141
0.030010
0.030064
0.030055
0.030052
0.030054
0.030161
0.030066
0.030136
0.030138
0.030083
0.030088
0.030100
0.030191
0.030462
0.030110
0.030109
0.030079
0.030206
0.061126
0.039462
0.030513
0.030384
0.030301
0.030326
0.030334
0.030351
0.030318
0.030570
0.030354
0.054046
0.038706
0.031742
0.031649
0.032042
0.032078
0.032226
0.032382
0.032576
0.061737
0.032123
0.031573
0.031655
0.031902
0.031869
0.031950
0.031777
0.032407
0.032369
0.032177
0.034645
0.035805
0.032398
0.032417
0.032292
0.032099
0.032247
0.032317
0.032339
0.062187
0.046134
0.033013
0.037979
0.040126
0.034455
0.033001
0.032760
0.033114
0.033035
0.033097
0.033074
0.032938
0.033431
0.032948
0.033581
0.033607
0.033323
0.033656
0.033649
0.063588
0.036975
0.033421
0.033393
0.033822
0.033631
0.033682
0.030084
0.030101
0.030046
0.030127
0.039674
0.030711
0.030121
0.030050
0.030019
0.029981
0.033864
0.033694
0.032660
0.062416
0.032829
0.032547
0.033355
0.033798
0.033993
0.034091
0.034000
0.030138
0.030081
0.030221
0.032753
0.033323
0.033332
0.032813
0.032991
0.032437
0.032621
0.031944
0.031421
0.060910
0.036316
0.032128
0.031629
0.031544
0.031549
0.031403
0.031401
0.031301
0.031528
0.031217
0.031240
0.031406
0.031303
0.031372
0.031339
0.031971
0.031249
0.031284
0.031358
0.061198
0.031682
0.041313
0.031637
0.031560
0.031567
0.031792
0.031826
0.031953
0.032104
0.031725
0.031655
0.054060
0.032377
0.031907
0.032087
0.032099
0.032829
0.032921
0.032874
0.062578
0.033273
0.032908
0.033036
0.032623
0.032256
0.032199
0.032377
0.031927
0.032079
0.032328
0.031937
0.050391
0.032546
0.031139
0.031360
0.031621
0.032317
0.032855
0.032762
0.021946
0.021863
0.031882
0.050710
0.036106
0.031079
0.031047
0.031193
0.030993
0.031810
0.031128
0.031177
0.031827
0.032092
0.031504
0.031405
0.031622
0.031794
0.031569
0.031574
0.061850
0.031710
0.031780
0.031461
0.037071
0.038341
0.031109
0.030790
0.033217
0.031176
0.031116
0.030959
0.030951
0.030968
0.030744
0.056079
0.030802
0.030688
0.030634
0.030652
0.060654
0.028717
0.030733
0.030617
0.030650
0.030587
0.031130
0.030738
0.030911
0.030678
0.030822
0.030622
0.030716
0.030680
0.030579
0.030628
0.043763
0.032017
0.030469
0.030569
0.060568
0.030628
0.030643
0.030591
0.030547
0.030799
0.038311
0.030901
0.030965
0.030996
0.030709
0.030808
0.030814
0.030728
0.030891
0.030797
0.030956
0.030632
0.030582
0.030735
0.060199
0.030606
0.030603
0.030489
0.030584
0.030672
0.033818
0.037471
0.030525
0.030704
0.030722
0.031065
0.030593
0.030596
0.030593
0.030655
0.030514
0.045135
0.033968
0.030617
0.060503
0.030478
0.030400
0.030374
0.030423
0.030421
0.030462
0.030308
0.030402
0.030451
0.030559
0.030531
0.030562
0.030385
0.030473
0.030388
0.030351
0.030481
0.058733
0.030826
0.059942
0.030536
0.030413
0.030440
0.030455
0.030369
0.030417
0.030303
0.046119
0.030712
0.030328
0.031230
0.030516
0.030333
0.030347
0.030388
0.030429
0.030489
0.030491
0.030404
0.060548
0.033325
0.040450
0.038772
0.038628
0.038965
0.039978
0.042823
0.041668
0.038949
0.031977
0.031378
0.031722
0.030717
0.030580
0.030511
0.030555
0.030534
0.055567
0.039352
0.069449
0.038715
0.042411
0.042377
0.042720
0.047466
0.054197
0.052205
0.031157
0.030585
0.030693
0.030550
0.030573
0.030539
0.030568
0.060560
0.038159
0.031296
0.031164
0.031207
0.061283
0.031244
0.031248
0.031303
0.037324
0.039375
0.038886
0.039229
0.046374
0.058231
0.030681
0.030842
0.030703
0.030830
0.031457
0.030842
0.030696
0.030571
0.030632
0.030548
0.060863
0.030644
0.030601
0.032053
0.040683
0.030836
0.030543
0.030675
0.030759
0.030718
0.030726
0.030675
0.030838
0.031186
0.045111
0.035511
0.030640
0.030685
0.030680
0.030667
0.061465
0.030632
0.030596
0.030996
0.030775
0.030663
0.030812
0.030629
0.030765
0.030600
0.030770
0.030713
0.030623
0.030687
0.030757
0.033467
0.040084
0.039459
0.039149
0.039479
0.072117
0.043291
0.043233
0.067834
0.035553
0.030942
0.030907
0.030992
0.029050
0.031040
0.031102
0.030764
0.030955
0.031095
0.031004
0.031096
0.031100
0.030766
0.030972
0.030740
0.060929
0.041565
0.040148
0.043006
0.039071
0.031758
0.031861
0.031788
0.032175
0.032035
0.032280
0.032193
0.032358
0.040263
0.032378
0.031685
0.031512
0.031133
0.031220
0.031473
0.061460
0.031570
0.031676
0.031561
0.031428
0.031238
0.031158
0.031456
0.031530
0.031489
0.031621
0.031626
0.031753
0.031677
0.040757
0.031944
0.031337
0.031288
0.031482
0.031550
0.061600
0.031478
0.031401
0.031544
0.039893
0.031661
0.031350
0.031332
0.031647
0.031557
0.031663
0.031977
0.031750
0.031895
0.031719
0.031340
0.031543
0.031471
0.031560
0.031452
0.061725
0.031404
0.031476
0.031418
0.051658
0.041262
0.032039
0.032032
0.032358
0.032738
0.032927
0.032669
0.032557
0.032679
0.040805
0.032429
0.031893
0.031796
0.032196
0.031656
0.061621
0.031823
0.031865
0.031720
0.032378
0.032459
0.032714
0.032741
0.033427
0.032616
0.032738
0.032602
0.032597
0.032156
0.036024
0.039711
0.032677
0.032630
0.031754
0.031876
0.061664
0.032446
0.032207
0.032756
0.040117
0.044636
0.041535
0.040899
0.040880
0.043088
0.045238
0.046196
0.045529
0.048828
0.072262
0.069448
0.051511
0.033427
0.035960
0.042462
0.066812
0.033443
0.032743
0.032121
0.031859
0.031678
0.031802
0.031829
0.033343
0.035776
0.032108
0.032142
0.032260
0.031968
0.032034
0.032098
0.031851
0.031792
0.031900
0.031842
0.061378
0.031748
0.031664
0.031669
0.031696
0.031761
0.031821
0.031712
0.032121
0.048943
0.032679
0.031818
0.031816
0.031864
0.031814
0.031671
0.031749
0.031689
0.031471
0.055135
0.062839
0.032379
0.032370
0.032139
0.032410
0.032545
0.032469
0.032400
0.032612
0.032607
0.032420
0.032735
0.032837
0.032476
0.031904
0.031540
0.031611
0.031430
0.031419
0.034969
0.071505
0.039687
0.040517
0.053362
0.054024
0.063586
0.032366
0.035560
0.032269
0.032074
0.031980
0.031987
0.032156
0.032236
0.031511
0.031188
0.031458
0.031232
0.031236
0.031237
0.061088
0.031257
0.031174
0.031176
0.031259
0.052736
0.031685
0.031351
0.031274
0.031479
0.031521
0.031369
0.031479
0.031384
0.031395
0.031413
0.040234
0.031534
0.031504
0.031607
0.061530
0.031503
0.031468
0.031212
0.031279
0.031289
0.031499
0.031284
0.031193
0.031178
0.031384
0.031236
0.031271
0.031240
0.031296
0.031085
0.031216
0.040578
0.031608
0.031715
0.061065
0.031413
0.031103
0.031186
0.041319
0.037160
0.033330
0.034536
0.031314
0.031339
0.031355
0.031192
0.031589
0.031446
0.031433
0.031326
0.031248
0.031149
0.031335
0.031051
0.062912
0.031078
0.031130
0.031073
0.031735
0.031144
0.031177
0.032459
0.037778
0.031367
0.031392
0.031315
0.031432
0.031439
0.031507
0.031328
0.031371
0.031283
0.034149
0.035697
0.061449
0.031283
0.031216
0.031306
0.031258
0.031192
0.031263
0.031184
0.031149
0.031096
0.031032
0.031074
0.031010
0.030929
0.030873
0.030931
0.031086
0.031121
0.031365
0.049665
0.071270
0.040029
0.040104
0.044873
0.051508
0.048977
0.031325
0.039781
0.031171
0.031040
0.030744
0.030575
0.030519
0.030585
0.030521
0.030501
0.030501
0.030371
0.030588
0.030679
0.060464
0.031110
0.031060
0.048131
0.047330
0.031254
0.030871
0.040514
0.033969
0.031335
0.031475
0.031263
0.031454
0.031379
0.031328
0.031377
0.031408
0.046417
0.041300
0.039845
0.070769
0.031165
0.031057
0.031106
0.031432
0.031477
0.031144
0.031089
0.031075
0.031070
0.030639
0.030645
0.030847
0.031291
0.030716
0.030640
0.030713
0.030692
0.045063
0.039073
0.069673
0.030649
0.030673
0.031305
0.030639
0.030735
0.030813
0.040881
0.038004
0.041319
0.037072
0.030682
0.030777
0.030634
0.030862
0.030825
0.029152
0.030658
0.030756
0.030666
0.060309
0.031048
0.031124
0.031162
0.031097
0.031181
0.035987
0.033531
0.031291
0.031090
0.031154
0.030828
0.030682
0.035346
0.031630
0.031688
0.031699
0.048412
0.031090
0.030868
0.060604
0.030960
0.030688
0.030775
0.030645
0.030922
0.030808
0.030819
0.030880
0.030700
0.030826
0.030726
0.030851
0.031063
0.030978
0.030922
0.030886
0.031013
0.057157
0.031504
0.060907
0.031016
0.031151
0.031065
0.031191
0.031173
0.031154
0.031178
0.052973
0.031345
0.031127
0.031161
0.031282
0.031219
0.031284
0.031060
0.031106
0.031124
0.031254
0.031193
0.061102
0.031214
0.031267
0.031180
0.031075
0.031070
0.031137
0.031291
0.031190
0.041229
0.031623
0.031145
0.031144
0.031116
0.031235
0.031518
0.031152
0.031000
0.031014
0.030985
0.072025
0.031094
0.031059
0.030707
0.030742
0.031060
0.030914
0.030780
0.030869
0.028797
0.030800
0.030881
0.030974
0.030944
0.031003
0.031178
0.030854
0.031135
0.031136
0.031039
0.061670
0.033181
0.039427
0.039986
0.039591
0.043415
0.043729
0.043701
0.046774
0.060493
0.031481
0.032038
0.036514
0.037063
0.041226
0.032169
0.031352
0.031240
0.031282
0.031294
0.061089
0.031420
0.031170
0.031073
0.031243
0.031187
0.031142
0.044454
0.031444
0.031194
0.031153
0.031140
0.031169
0.031151
0.032019
0.031178
0.031384
0.031273
0.038846
0.031503
0.061219
0.031109
0.031236
0.031233
0.031708
0.031273
0.031209
0.031156
0.031148
0.031202
0.031229
0.031070
0.031196
0.031137
0.031261
0.031147
0.031271
0.031085
0.031150
0.054128
0.061700
0.031251
0.031183
0.031203
0.031210
0.031171
0.031253
0.031451
0.031371
0.034989
0.031395
0.031290
0.031328
0.031526
0.032322
0.031490
0.031749
0.031940
0.031970
0.032063
0.062177
0.031966
0.031802
0.031426
0.031679
0.032299
0.031468
0.031183
0.031507
0.037975
0.033246
0.032069
0.032457
0.032768
0.032199
0.032646
0.033710
0.033285
0.033825
0.034238
0.080943
0.043787
0.042872
0.042199
0.055632
0.051823
0.033412
0.033776
0.034185
0.030095
0.030159
0.030184
0.033630
0.034024
0.033141
0.033166
0.033251
0.053625
0.033408
0.033059
0.062769
0.067354
0.059387
0.031507
0.032127
0.031188
0.031558
0.031239
0.031214
0.032051
0.032329
0.031483
0.031271
0.031311
0.031369
0.031372
0.032109
0.034638
0.040951
0.040535
0.072319
0.044751
0.044887
0.044565
0.044405
0.049198
0.047393
0.063397
0.032687
0.032112
0.032161
0.032589
0.032319
0.032128
0.032013
0.032011
0.032165
0.032044
0.032141
0.031747
0.061326
0.032227
0.040450
0.031035
0.031156
0.031042
0.031230
0.030976
0.031941
0.031510
0.031352
0.031497
0.031520
0.043495
0.039764
0.039835
0.044251
0.043847
0.043952
0.044539
0.075216
0.044772
0.045086
0.050232
0.074381
0.086611
0.042890
0.046233
0.046745
0.046739
0.047118
0.075870
0.045365
0.043460
0.046652
0.067300
0.069447
0.047688
0.046659
0.047332
0.106619
0.056760
0.033394
0.033098
0.033124
0.036065
0.039453
0.032706
0.033137
0.032857
0.032931
0.033000
0.032923
0.032639
0.032472
0.032455
0.052472
0.033905
0.033570
0.033550
0.063478
0.033371
0.033460
0.033640
0.033517
0.033531
0.033701
0.033514
0.033525
0.033456
0.033726
0.036072
0.044164
0.034173
0.034091
0.050542
0.037644
0.034703
0.034507
0.034645
0.064321
0.033417
0.033561
0.033605
0.044779
0.036202
0.032866
0.032853
0.032910
0.033179
0.033822
0.033509
0.033412
0.033743
0.033157
0.033047
0.032762
0.033374
0.032674
0.032779
0.062181
0.032043
0.032287
0.031994
0.040472
0.036302
0.032484
0.031408
0.031224
0.031245
0.031230
0.031031
0.031303
0.031229
0.031393
0.040242
0.031622
0.031401
0.031442
0.042757
0.061395
0.031282
0.031973
0.031065
0.031430
0.030771
0.030738
0.030592
0.030687
0.030821
0.030579
0.030871
0.030774
0.030658
0.031546
0.031585
0.038053
0.030718
0.030683
0.031001
0.061155
0.032476
0.031138
0.030933
0.031108
0.030912
0.039811
0.031198
0.031219
0.035869
0.039100
0.030832
0.031618
0.044160
0.030658
0.031605
0.030653
0.030885
0.030898
0.030985
0.060960
0.030985
0.030846
0.030961
0.031045
0.030974
0.056923
0.039493
0.037650
0.031139
0.031031
0.030933
0.031035
0.031304
0.031139
0.030989
0.052499
0.040629
0.040898
0.040708
0.078081
0.032046
0.031367
0.031412
0.031602
0.031768
0.031602
0.031479
0.031238
0.031423
0.031178
0.032050
0.031304
0.031381
0.052780
0.042682
0.040397
0.031251
0.031380
0.031189
0.061591
0.031306
0.031185
0.034097
0.040801
0.040252
0.040358
0.041831
0.044531
0.045707
0.053935
0.031633
0.036679
0.031867
0.034470
0.036536
0.031450
0.031620
0.031565
0.031604
0.061419
0.038663
0.033036
0.031433
0.031354
0.031198
0.031382
0.031431
0.031402
0.031205
0.031252
0.031301
0.041613
0.031836
0.031423
0.031264
0.031410
0.031457
0.031352
0.031371
0.061347
0.031138
0.031285
0.031333
0.031370
0.031173
0.031092
0.031158
0.031223
0.030710
0.028718
0.030521
0.031033
0.054628
0.030821
0.030693
0.030663
0.030588
0.030745
0.030706
0.060688
0.030598
0.030718
0.040975
0.035420
0.030980
0.031016
0.031320
0.031039
0.030984
0.030612
0.030546
0.030493
0.030610
0.030612
0.030594
0.030589
0.030648
0.031650
0.030826
0.060504
0.030678
0.030542
0.030509
0.032205
0.041653
0.039138
0.038983
0.039148
0.043171
0.051675
0.062170
0.037663
0.040945
0.031145
0.031049
0.030934
0.030891
0.031072
0.030965
0.061073
0.031192
0.030957
0.030721
0.030938
0.030972
0.030959
0.030770
0.031044
0.030848
0.030906
0.030651
0.028669
0.044780
0.033030
0.031342
0.031435
0.031355
0.031937
0.039693
0.024425
0.031138
0.031116
0.053852
0.033261
0.020608
0.020622
0.030581
0.030765
0.020612
0.030655
0.020597
0.020775
0.020646
0.020672
0.030507
0.020751
0.020666
0.020634
0.020631
0.020639
0.020580
0.020626
0.020699
0.020583
0.020591
0.020647
0.020635
0.020622
0.030637
0.020681
0.021284
0.027192
0.023440
0.020739
