0.414253
0.029996
0.029776
0.029747
0.051558
0.038502
0.038007
0.037768
0.041636
0.041808
0.041716
0.041974
0.041719
0.041735
0.041959
0.041983
0.041736
0.042022
0.041774
0.041754
0.066267
0.042257
0.045074
0.049455
0.030761
0.030839
0.030697
0.030705
0.030714
0.030751
0.044493
0.038003
0.029836
0.029726
0.029719
0.029595
0.029617
0.029688
0.029873
0.029754
0.059472
0.029833
0.029779
0.029724
0.029675
0.030138
0.029833
0.029725
0.029741
0.029663
0.029721
0.029637
0.044250
0.035925
0.029819
0.029743
0.029753
0.029750
0.030714
0.029997
0.059263
0.029772
0.042841
0.036795
0.030788
0.029757
0.029808
0.029970
0.029824
0.029691
0.029690
0.029680
0.030125
0.029689
0.029727
0.029748
0.029714
0.029759
0.029827
0.029734
0.059819
0.029717
0.029768
0.046007
0.034808
0.029780
0.029860
0.029662
0.029729
0.029681
0.029740
0.030081
0.029788
0.029720
0.033116
0.038593
0.037650
0.037982
0.037901
0.038985
0.072583
0.067272
0.035221
0.029750
0.029909
0.029724
0.029926
0.029783
0.029915
0.030036
0.029773
0.029724
0.029767
0.053537
0.037929
0.037969
0.037751
0.042205
0.042451
0.029706
0.070382
0.033893
0.029698
0.029691
0.029759
0.029789
0.029735
0.029719
0.029729
0.029744
0.029782
0.029734
0.029842
0.029717
0.029700
0.029681
0.029662
0.029737
0.029690
0.030082
0.059161
0.036004
0.032812
0.029728
0.029921
0.030113
0.029831
0.029712
0.029834
0.029721
0.029816
0.029748
0.029979
0.038932
0.033360
0.029800
0.029818
0.029750
0.029841
0.030125
0.059890
0.029904
0.029803
0.029904
0.029759
0.030183
0.029874
0.029856
0.029744
0.029766
0.029779
0.029786
0.029804
0.030662
0.053614
0.030252
0.030001
0.029788
0.029724
0.029765
0.059279
0.029677
0.031424
0.035499
0.029906
0.029768
0.029723
0.029867
0.033167
0.040507
0.038141
0.037824
0.037901
0.038204
0.041690
0.041734
0.041830
0.051538
0.065849
0.061776
0.062973
0.030025
0.029992
0.029977
0.029947
0.030108
0.029778
0.029793
0.029786
0.029688
0.039282
0.030180
0.029957
0.029787
0.029761
0.029773
0.029920
0.029737
0.029728
0.030541
0.059271
0.029777
0.029754
0.029790
0.029689
0.029875
0.029841
0.029757
0.029776
0.029808
0.029749
0.029864
0.038003
0.030314
0.029780
0.029806
0.029791
0.029776
0.029732
0.030035
0.059877
0.029984
0.033670
0.038768
0.038016
0.038671
0.038049
0.038870
0.042105
0.041933
0.040810
0.030440
0.030396
0.029941
0.029736
0.029856
0.030015
0.030881
0.029956
0.029850
0.059551
0.029875
0.049629
0.032897
0.029865
0.029865
0.029913
0.029880
0.029870
0.029909
0.029806
0.030296
0.029843
0.040045
0.034738
0.029889
0.029749
0.029817
0.029883
0.029797
0.059745
0.029801
0.029786
0.029898
0.029745
0.029830
0.029859
0.029856
0.029783
0.029855
0.029859
0.029931
0.029952
0.029833
0.029876
0.045435
0.030285
0.029912
0.029860
0.029883
0.059563
0.029832
0.029818
0.029743
0.029727
0.033045
0.032913
0.029862
0.029838
0.029971
0.029912
0.029881
0.029994
0.029873
0.029894
0.029947
0.029870
0.030791
0.031107
0.029925
0.059730
0.029826
0.029938
0.029738
0.029858
0.029860
0.030009
0.031802
0.035182
0.029922
0.029906
0.029832
0.029847
0.029863
0.029908
0.029740
0.029823
0.029809
0.030231
0.040040
0.059717
0.029897
0.029863
0.029943
0.029791
0.030234
0.030001
0.029888
0.029889
0.029953
0.029926
0.029799
0.029878
0.029881
0.029891
0.029932
0.029923
0.029803
0.029892
0.029847
0.062017
0.038461
0.038204
0.037927
0.037933
0.030062
0.029863
0.029873
0.029837
0.029889
0.047015
0.033590
0.029929
0.029886
0.029866
0.029817
0.029849
0.029757
0.029919
0.029851
0.059483
0.029796
0.029813
0.029759
0.029846
0.029829
0.029884
0.029763
0.029985
0.029839
0.029814
0.029772
0.054447
0.031046
0.029964
0.029729
0.029821
0.029657
0.029765
0.030138
0.059595
0.029876
0.033943
0.038640
0.038095
0.037869
0.038025
0.042207
0.042223
0.042073
0.042153
0.041837
0.042007
0.041991
0.041835
0.041878
0.042114
0.041834
0.025568
0.068181
0.025867
0.025883
0.039053
0.038922
0.025688
0.025765
0.035625
0.020251
0.020303
0.031096
0.049071
0.031554
0.030631
0.030555
0.030672
0.030661
0.030602
0.030651
0.030564
0.030533
0.060140
0.030064
0.029887
0.029730
0.029778
0.030083
0.030766
0.030302
0.029888
0.029858
0.029788
0.033335
0.041353
0.037816
0.037969
0.037869
0.041615
0.041805
0.042056
0.041945
0.094200
0.030070
0.030112
0.030058
0.030042
0.030138
0.030041
0.029913
0.029833
0.029773
0.029823
0.030076
0.029791
0.029825
0.029783
0.029810
0.029752
0.029906
0.029865
0.029999
0.078113
0.033630
0.029878
0.029901
0.029835
0.029855
0.029773
0.029831
0.029809
0.029937
0.029878
0.045425
0.037740
0.030644
0.030663
0.030722
0.030695
0.030533
0.030800
0.030658
0.060652
0.031092
0.030621
0.030603
0.030664
0.030775
0.030808
0.030728
0.030716
0.030511
0.029971
0.029911
0.030746
0.041216
0.037923
0.037921
0.037959
0.038316
0.041833
0.041774
0.071760
0.051018
0.039324
0.039088
0.046660
0.054877
0.030854
0.030879
0.030287
0.030160
0.030107
0.030066
0.030068
0.029886
0.029871
0.029977
0.029864
0.029910
0.029812
0.029763
0.071232
0.036125
0.029840
0.029718
0.029741
0.029855
0.029728
0.029911
0.029788
0.029804
0.029896
0.036228
0.036175
0.029916
0.029818
0.029888
0.029673
0.029944
0.029985
0.029895
0.059455
0.029799
0.029892
0.029859
0.029856
0.029877
0.029881
0.029769
0.030714
0.029984
0.029984
0.029975
0.033860
0.049264
0.038323
0.037973
0.037255
0.029934
0.029897
0.029949
0.059744
0.030001
0.036397
0.032213
0.029894
0.029911
0.030031
0.029893
0.029948
0.029853
0.029947
0.029863
0.029976
0.030115
0.029978
0.029917
0.029935
0.029845
0.029881
0.029970
0.059530
0.029934
0.029970
0.029884
0.055975
0.037931
0.037695
0.037971
0.039578
0.041915
0.041909
0.041836
0.059647
0.045434
0.047787
0.030917
0.030961
0.031113
0.030845
0.031358
0.061367
0.030746
0.030989
0.034526
0.031986
0.031220
0.030269
0.030008
0.029979
0.030038
0.029991
0.029917
0.052821
0.037833
0.030906
0.030819
0.030693
0.030813
0.030790
0.030742
0.060329
0.030634
0.044585
0.034217
0.030040
0.029921
0.029952
0.029880
0.030636
0.030714
0.030669
0.030643
0.030658
0.030695
0.030588
0.030630
0.030681
0.030698
0.030671
0.030734
0.060936
0.030685
0.030681
0.030195
0.033350
0.037840
0.037870
0.041991
0.041849
0.059963
0.042029
0.041706
0.039938
0.038922
0.040268
0.047003
0.058282
0.043981
0.045103
0.045338
0.077507
0.039000
0.030927
0.030992
0.037539
0.031086
0.032871
0.037433
0.063235
0.039362
0.049153
0.039413
0.040174
0.039824
0.039129
0.039004
0.068415
0.045038
0.042614
0.041976
0.074735
0.042135
0.041731
0.041883
0.041969
0.041873
0.041929
0.041794
0.041756
0.041886
0.056373
0.070355
0.042568
0.046434
0.058780
0.041801
0.042159
0.041984
0.065129
0.039610
0.070006
0.038905
0.038888
0.038707
0.038888
0.039011
0.038928
0.038909
0.039030
0.038893
0.039034
0.038856
0.038991
0.038946
0.039160
0.049672
0.042290
0.041995
0.042017
0.042134
0.072537
0.041953
0.073053
0.042248
0.042034
0.041962
0.041824
0.041944
0.042080
0.041775
0.042380
0.041883
0.075348
0.063967
0.039186
0.042229
0.041963
0.054436
0.037813
0.037644
0.077416
0.042784
0.030938
0.037576
0.030999
0.054888
0.031255
0.037449
0.030857
0.037418
0.037388
0.044951
0.054754
0.037443
0.037879
0.044932
0.044064
0.044973
0.044925
0.044919
0.077163
0.059432
0.037807
0.044776
0.045102
0.045024
0.037853
0.037799
0.031281
0.036301
0.030444
0.038568
0.041976
0.041840
0.041835
0.042154
0.042084
0.041962
0.041882
0.041921
0.080063
0.050612
0.059797
0.032139
0.033366
0.030448
0.030291
0.030248
0.030269
0.030453
0.030353
0.030355
0.030448
0.030081
0.032451
0.032878
0.029876
0.029972
0.029824
0.029857
0.060389
0.029971
0.029889
0.029956
0.029861
0.029861
0.029875
0.029895
0.029877
0.029802
0.029862
0.029829
0.029862
0.029752
0.029686
0.029778
0.031961
0.032172
0.029821
0.029867
0.060816
0.029829
0.029926
0.029760
0.030077
0.029851
0.029892
0.039059
0.038079
0.038009
0.038180
0.039017
0.042054
0.041948
0.041799
0.042125
0.042091
0.042011
0.041940
0.041926
0.072550
0.041943
0.079928
0.049275
0.030707
0.030169
0.030080
0.030190
0.030174
0.030291
0.029994
0.029973
0.032116
0.039033
0.038026
0.037986
0.038092
0.042030
0.042099
0.053152
0.099772
0.035829
0.030186
0.030293
0.030166
0.030099
0.030180
0.030314
0.030036
0.029878
0.055526
0.030473
0.029932
0.029934
0.029901
0.029857
0.029872
0.029950
0.029897
0.029892
0.060225
0.033703
0.030005
0.029923
0.033017
0.040450
0.038147
0.037925
0.038108
0.041327
0.052340
0.029943
0.034118
0.042175
0.029888
0.029922
0.029807
0.029986
0.029923
0.029948
0.077952
0.029951
0.029914
0.038125
0.032409
0.030025
0.029901
0.029772
0.029822
0.038643
0.030623
0.029803
0.029839
0.030033
0.029938
0.029881
0.029933
0.029942
0.029918
0.029920
0.060444
0.030094
0.029860
0.030046
0.029938
0.029927
0.029936
0.029857
0.029946
0.029925
0.029923
0.038536
0.030205
0.029936
0.029880
0.029899
0.029948
0.029969
0.029909
0.029783
0.059335
0.051815
0.030135
0.030451
0.030015
0.029947
0.030056
0.030100
0.030057
0.030150
0.029974
0.029943
0.029925
0.029945
0.029928
0.029894
0.029958
0.030001
0.029968
0.029976
0.060293
0.029972
0.029948
0.052765
0.029979
0.029957
0.029974
0.030066
0.029960
0.029919
0.029977
0.030140
0.029919
0.029888
0.040840
0.030375
0.029918
0.029954
0.029899
0.029949
0.060209
0.030009
0.029951
0.030027
0.029967
0.029996
0.029977
0.029943
0.029908
0.029874
0.029927
0.030153
0.030043
0.029895
0.030111
0.029966
0.044253
0.034086
0.030995
0.030797
0.060971
0.030692
0.030650
0.030723
0.030676
0.030609
0.047120
0.032434
0.029947
0.029954
0.030014
0.029951
0.029982
0.029906
0.030035
0.031162
0.039810
0.038583
0.038027
0.038143
0.072097
0.030364
0.029893
0.030173
0.029907
0.029983
0.050103
0.034227
0.030005
0.029909
0.029953
0.030018
0.029979
0.029962
0.029981
0.029931
0.029977
0.033768
0.036896
0.029947
0.060056
0.029890
0.029968
0.029826
0.029821
0.019938
0.019955
0.029854
0.029862
0.029812
0.029990
0.029994
0.030092
0.029762
0.029863
0.029770
0.029863
0.029752
0.029915
0.038409
0.066263
0.029851
0.029655
0.030814
0.029852
0.029860
0.029880
0.029812
0.029935
0.030256
0.036611
0.031041
0.029845
0.029870
0.029858
0.029913
0.029777
0.029947
0.029764
0.029843
0.059760
0.029837
0.029795
0.029759
0.029837
0.029809
0.029820
0.029829
0.029845
0.029848
0.029793
0.029945
0.046319
0.025911
0.037316
0.030635
0.030613
0.030704
0.030852
0.046195
0.061177
0.046580
0.036522
0.030114
0.045302
0.029187
0.030279
