195	123	20	14
196	122	16	13
195	123	16	12
194	123	17	11
190	120	18	12
190	119	17	12
192	118	14	12
191	116	14	12
192	116	13	12
192	117	12	11
191	118	11	11
191	117	12	12
190	117	15	13
191	118	15	12
189	115	15	12
190	117	16	12
189	117	16	12
189	115	17	14
189	120	18	12
189	120	17	12
191	123	17	11
190	122	18	13
189	123	19	14
190	128	19	12
189	129	19	12
185	133	21	12
186	134	20	13
187	135	19	13
187	136	17	14
187	139	18	13
188	137	18	13
187	138	17	12
188	137	18	12
187	137	19	11
189	135	19	13
190	136	17	12
191	134	16	13
191	130	16	12
193	131	16	12
190	132	17	12
190	131	17	12
189	131	17	12
188	131	17	12
186	130	17	14
186	130	17	13
183	129	18	12
182	129	17	11
180	128	16	11
179	128	16	11
176	127	17	12
173	126	17	12
170	124	18	14
171	124	17	14
165	119	16	13
168	117	15	12
167	117	15	12
169	115	16	12
169	117	16	12
170	117	16	11
171	117	15	11
173	117	14	11
174	118	14	11
176	118	13	11
176	116	13	12
177	117	13	12
177	116	12	13
178	119	12	11
177	119	12	12
175	118	12	14
175	121	12	13
171	121	13	11
171	121	13	13
169	121	13	13
167	120	14	12
164	120	14	12
163	120	15	13
161	120	15	12
158	119	17	14
159	118	14	13
155	118	16	12
153	117	17	13
152	118	17	12
149	118	17	12
147	117	19	11
147	117	18	12
146	117	18	12
145	115	17	11
148	115	16	10
147	116	17	12
147	117	18	14
149	120	18	12
150	122	17	14
151	123	17	14
151	121	18	16
156	123	17	15
155	124	18	14
158	126	16	12
163	124	14	13
162	123	15	14
164	124	15	13
165	124	15	12
165	121	15	14
164	121	15	14
163	122	16	13
163	121	16	14
161	121	16	13
161	123	17	13
161	122	17	12
158	122	17	12
158	122	17	13
158	123	16	11
154	120	17	13
154	121	16	13
152	120	17	14
152	119	15	13
153	117	13	14
153	117	14	13
152	117	15	13
151	115	16	14
152	115	16	14
154	113	13	14
157	113	12	14
156	113	14	15
156	112	15	14
160	114	14	14
161	114	14	14
164	115	15	14
162	115	17	15
166	117	16	14
169	117	16	14
174	118	14	13
175	120	15	11
177	121	15	11
179	121	16	10
179	121	17	10
184	118	17	12
185	119	16	11
188	119	17	11
188	117	19	12
191	117	17	13
195	118	17	11
194	118	17	12
196	116	16	11
196	117	18	11
199	117	18	12
200	118	19	13
202	118	19	12
203	117	17	13
205	116	17	12
206	116	17	12
207	111	17	12
208	110	18	14
208	109	17	14
211	109	17	13
211	108	18	14
211	110	19	13
209	111	20	13
210	115	19	12
210	118	18	13
211	126	17	11
210	126	17	13
210	130	17	14
209	134	15	14
210	138	15	12
211	142	13	12
214	145	12	11
214	147	12	10
214	148	12	11
217	151	13	12
216	150	15	13
217	150	15	15
219	148	16	12
219	145	17	14
221	142	17	12
222	138	16	12
223	133	17	13
227	129	15	13
227	127	16	13
227	119	18	15
229	116	18	14
229	111	17	13
231	108	18	13
232	108	17	12
231	108	18	13
232	112	17	12
236	119	15	13
236	123	16	13
235	130	18	14
235	133	19	14
236	137	18	15
236	141	15	14
236	147	16	12
238	149	17	11
238	149	16	14
238	152	16	13
239	155	17	13
241	156	16	14
242	156	16	13
243	156	16	12
246	157	15	11
247	155	15	12
248	152	14	14
251	151	15	14
252	151	13	13
253	149	14	13
254	149	14	13
256	148	14	13
257	146	14	13
259	147	14	14
261	148	13	14
263	147	13	14
266	146	14	14
266	146	16	13
267	147	15	13
267	146	16	12
270	146	15	12
273	145	15	14
272	144	16	14
275	144	16	14
276	143	16	15
275	141	16	14
275	140	16	13
277	142	18	12
277	141	17	11
276	139	18	13
276	140	18	13
277	150	17	13
278	155	16	13
277	156	17	14
277	158	18	13
276	160	17	14
275	158	19	12
276	156	18	12
275	156	19	13
274	152	19	15
274	150	18	14
276	146	17	14
275	143	18	15
274	141	18	13
273	140	16	13
272	136	17	14
271	135	17	14
269	133	18	14
266	132	19	14
267	131	17	14
266	129	16	14
265	129	17	13
260	130	18	14
260	132	18	12
257	133	18	12
258	138	16	12
257	142	15	12
256	143	16	13
254	144	17	14
255	147	16	13
251	147	17	13
252	149	17	13
253	152	15	12
252	152	15	12
252	151	15	14
252	151	15	14
252	153	15	15
252	152	16	15
254	153	15	14
255	153	14	13
255	152	15	14
255	151	14	14
257	146	15	14
256	145	15	15
257	142	14	15
256	141	15	14
257	139	16	14
258	135	15	13
257	133	16	13
256	132	14	13
255	128	14	13
255	128	13	13
252	127	14	12
250	123	15	14
248	124	16	13
245	123	16	14
245	124	16	14
244	126	16	13
241	131	17	13
238	133	17	13
238	138	16	12
236	139	16	13
236	139	16	14
233	142	17	12
232	145	18	12
233	144	18	12
231	144	18	13
232	144	16	13
231	146	18	12
232	145	17	13
232	144	17	13
232	145	18	13
231	143	19	14
232	143	19	15
233	140	19	15
232	141	19	14
231	142	19	13
231	139	19	15
230	139	19	14
232	138	18	15
232	138	17	14
232	138	17	14
232	139	17	13
232	137	18	13
233	138	17	12
233	138	16	14
236	141	16	12
237	140	17	14
236	137	17	14
240	136	16	13
239	134	16	14
242	134	16	12
243	132	18	12
245	130	17	12
245	129	18	13
246	129	17	14
249	125	17	16
248	128	18	15
250	128	17	14
250	130	17	13
250	131	17	13
249	131	17	15
249	134	17	15
247	134	18	15
248	135	17	15
247	137	16	14
246	137	16	13
245	137	17	13
242	137	17	14
240	138	17	12
239	136	17	13
238	136	16	14
234	135	18	13
233	132	17	13
231	131	16	14
230	130	16	12
227	126	17	13
226	126	18	13
225	124	16	13
222	123	17	13
222	121	17	13
220	120	16	12
220	120	16	12
217	120	17	12
219	122	16	12
218	124	16	12
218	128	17	13
215	130	18	13
217	130	17	13
219	130	17	13
220	131	16	12
222	131	17	13
224	132	16	13
223	133	16	12
225	132	17	11
225	131	18	13
226	129	16	13
227	127	17	14
227	126	19	13
226	126	19	13
229	124	18	13
228	124	17	13
229	125	17	14
229	125	18	14
228	130	18	13
227	130	19	13
226	131	18	12
226	131	17	13
226	133	16	12
225	132	16	14
224	133	15	13
222	134	16	12
220	133	15	12
218	132	16	12
218	131	16	12
215	128	17	14
215	128	16	13
214	125	16	14
212	124	16	12
211	119	16	15
211	122	16	13
208	121	17	13
207	120	16	13
207	120	17	13
206	121	16	13
205	121	16	12
206	120	17	14
206	123	16	13
206	124	17	13
206	124	16	14
207	127	16	12
205	128	16	14
206	129	17	13
206	128	17	14
205	130	17	13
206	131	17	14
206	132	18	13
206	133	19	13
206	133	18	12
206	129	19	13
206	124	19	14
206	122	18	14
206	121	20	14
207	119	19	14
208	120	17	13
208	120	18	14
207	119	17	13
207	120	18	15
207	119	17	15
208	120	16	15
207	123	16	14
207	124	16	13
207	125	15	13
206	127	16	13
207	127	15	13
205	130	16	12
205	129	16	13
204	130	16	13
203	131	17	12
200	132	19	13
199	118	20	14
197	117	20	14
198	119	19	13
198	118	17	13
198	122	18	10
198	123	15	11
201	122	12	14
203	123	11	13
202	124	11	13
201	124	14	14
199	124	14	12
199	124	15	12
200	125	15	12
199	125	16	13
199	124	17	13
199	124	17	13
198	124	18	13
199	123	18	14
199	124	18	13
201	124	18	14
201	123	17	13
201	124	17	13
201	124	18	12
202	126	18	12
201	126	18	12
201	125	19	12
201	125	19	13
201	126	19	13
202	126	18	14
202	127	18	13
202	128	18	12
201	126	18	13
201	128	16	13
200	129	16	13
200	125	16	15
200	126	16	14
199	124	15	15
199	124	14	13
199	124	15	14
202	124	13	13
204	123	13	13
202	123	13	13
203	122	15	14
206	122	14	13
210	120	15	13
210	121	16	12
211	119	17	12
216	120	18	13
219	121	16	13
222	124	16	13
224	127	16	13
229	131	17	14
230	132	16	14
234	134	18	13
235	134	18	13
237	134	18	12
241	132	17	13
243	130	16	13
244	129	17	13
244	126	17	15
246	122	18	14
246	122	18	12
247	119	18	13
247	118	18	14
249	121	18	14
250	123	16	12
252	127	16	12
252	127	15	12
254	129	15	12
254	131	14	13
256	135	14	12
256	135	14	13
255	138	15	12
259	137	13	12
259	138	13	12
261	138	12	11
263	137	12	10
264	136	13	11
266	132	13	11
271	130	13	11
270	127	14	12
272	126	13	11
276	124	14	12
277	124	14	11
278	124	15	12
280	126	16	13
281	129	15	11
284	132	16	12
284	135	16	11
288	135	15	12
291	137	16	12
292	138	16	12
294	140	15	12
295	141	16	12
295	142	17	12
299	142	15	11
300	142	16	11
299	142	17	12
301	142	17	12
302	139	16	12
302	139	17	12
304	136	16	12
305	134	16	13
306	133	15	13
307	133	15	11
309	132	16	11
310	132	16	11
310	132	15	12
313	134	15	12
314	134	15	13
315	136	15	13
317	135	16	14
319	136	15	14
321	139	15	13
325	142	14	11
328	146	12	11
328	148	13	12
330	149	13	14
334	151	12	13
335	151	12	12
336	151	13	13
338	154	14	12
339	153	14	12
339	153	16	13
341	154	16	12
342	153	15	12
345	151	15	12
344	150	17	13
345	145	17	12
346	145	15	11
347	141	17	13
346	139	18	13
347	137	18	14
347	135	18	13
347	135	19	13
346	133	20	13
347	135	18	14
346	135	19	14
347	136	19	13
348	140	18	13
349	143	17	12
348	149	18	12
348	154	19	14
348	156	18	13
348	157	19	14
349	158	19	14
350	160	18	13
350	163	18	13
350	162	19	14
351	164	20	14
355	163	18	14
358	161	18	14
360	159	19	15
363	156	19	14
364	156	18	13
367	153	18	14
368	151	19	15
371	149	18	16
371	148	18	15
373	148	19	15
374	148	19	14
376	147	19	14
376	147	18	15
377	150	18	14
377	154	17	13
378	153	18	14
378	155	16	15
378	155	15	16
374	157	17	14
373	159	15	13
373	159	12	11
370	158	13	11
365	155	13	13
363	152	14	15
356	151	15	15
351	149	17	15
348	149	18	15
347	145	16	14
343	144	17	14
340	142	17	14
335	141	18	15
333	140	17	16
330	141	19	15
328	140	18	15
328	140	17	15
327	141	17	14
326	140	17	15
325	140	19	14
323	142	19	13
323	142	18	13
325	144	18	13
324	144	18	14
323	147	18	14
324	148	18	13
325	146	18	13
325	145	17	13
324	144	19	12
327	138	18	13
327	134	18	13
328	131	17	14
327	131	18	14
327	131	17	12
326	130	17	14
327	132	17	13
325	131	17	12
324	132	18	14
324	134	18	13
321	135	19	14
320	139	17	11
319	140	17	13
315	139	17	12
314	140	17	13
305	137	18	13
303	135	17	15
300	135	16	13
298	132	16	14
295	131	16	12
292	127	15	12
287	125	16	12
287	123	14	12
286	124	13	11
282	121	13	12
282	121	13	12
278	120	13	12
277	119	13	13
277	120	13	13
274	123	13	12
274	127	12	11
271	131	13	12
271	134	13	12
270	138	12	11
271	136	13	11
269	135	13	13
269	133	14	12
272	129	13	12
272	128	13	12
274	122	13	12
274	122	14	12
272	117	15	13
272	116	15	13
271	116	15	13
270	119	15	12
269	119	16	12
269	121	17	12
265	127	17	11
264	133	17	11
264	138	16	11
263	141	15	12
261	143	16	13
260	143	17	13
258	143	17	14
258	142	16	14
256	141	17	14
255	137	17	13
255	133	16	13
254	130	16	11
251	126	18	12
251	122	17	13
250	119	18	12
251	118	16	12
249	117	18	12
248	114	19	12
247	115	18	12
246	119	17	12
246	120	18	12
242	123	19	12
241	126	18	13
241	128	18	12
239	128	18	13
236	132	19	12
236	135	18	11
233	135	18	11
232	136	16	11
230	133	17	13
226	131	18	11
225	125	17	13
222	122	17	13
221	122	16	11
213	117	17	13
209	118	18	13
208	123	17	13
206	126	18	13
205	129	16	11
207	129	15	11
205	129	17	12
204	130	16	14
203	130	17	13
202	128	18	13
203	125	17	13
202	119	18	14
200	115	17	13
199	113	18	13
199	108	19	13
198	106	16	14
197	106	18	13
196	107	17	12
195	107	16	12
195	108	16	12
192	113	16	12
193	116	16	12
191	122	15	13
191	125	15	13
187	126	16	14
187	128	16	14
185	130	17	12
185	130	16	11
184	127	15	13
183	124	15	14
183	120	15	15
182	119	16	14
182	118	15	12
181	117	15	13
181	115	14	12
184	113	12	13
180	110	14	14
182	106	13	15
182	107	12	14
181	107	13	14
180	106	13	14
182	111	13	13
181	115	13	12
182	122	13	12
183	122	12	13
182	123	13	13
182	122	14	15
182	122	13	14
183	124	14	12
184	123	13	11
182	119	14	12
182	117	15	13
181	114	15	13
181	112	14	14
178	110	15	13
179	110	14	13
177	105	14	13
177	104	14	12
171	103	14	11
171	103	15	12
169	105	15	11
166	107	15	12
162	109	16	11
160	114	15	12
156	117	16	12
155	116	15	13
155	120	13	12
153	119	14	12
152	119	14	13
151	120	14	12
150	119	13	13
150	117	13	13
150	113	14	13
150	112	13	13
150	113	13	11
151	111	13	12
153	110	13	12
152	109	14	14
152	108	13	13
151	108	15	14
152	112	15	14
151	115	14	14
153	118	14	13
154	118	13	13
154	119	12	13
153	118	14	15
154	120	12	13
150	120	13	13
150	119	12	12
148	118	12	12
147	118	13	11
147	117	13	12
144	117	13	11
141	116	14	13
138	115	15	13
135	115	16	13
135	115	13	12
130	117	13	12
129	118	13	11
129	117	14	12
126	118	15	13
121	118	14	13
122	120	13	12
121	118	13	13
120	120	13	12
118	120	14	12
117	121	14	12
116	120	15	13
118	120	14	14
117	120	14	15
117	120	15	15
118	121	15	15
120	120	15	15
123	120	13	17
123	121	15	17
125	122	14	17
126	125	13	16
128	127	14	14
130	129	15	12
128	130	16	13
133	130	18	14
131	130	19	16
132	133	20	14
131	133	20	15
134	133	20	15
139	132	17	15
139	132	16	14
143	132	13	14
145	129	13	14
143	128	15	13
145	125	15	13
145	123	15	15
145	120	15	14
146	119	15	13
147	114	16	14
148	114	15	13
149	110	15	13
149	108	16	12
149	106	17	13
152	105	15	13
151	105	17	12
150	106	20	12
153	111	18	11
157	113	16	10
157	116	17	12
159	119	17	13
163	121	16	12
164	124	16	11
170	129	17	13
171	125	17	13
172	119	17	12
174	116	17	12
174	109	17	14
174	103	17	16
173	103	17	15
172	103	17	15
172	102	17	14
173	105	16	13
173	108	16	12
173	114	17	13
173	116	16	12
172	122	18	12
173	124	17	14
176	129	16	11
175	129	16	12
179	129	15	12
178	128	16	12
178	129	16	11
180	127	17	13
181	123	17	13
184	122	17	12
186	120	17	12
187	119	17	13
190	118	17	12
191	118	16	11
193	116	16	10
194	114	17	12
197	112	16	12
199	112	17	11
200	113	17	11
200	114	17	11
201	114	18	11
202	117	18	11
205	121	16	11
208	125	17	12
207	124	18	14
209	129	17	11
210	129	17	12
212	130	16	11
213	130	17	12
212	131	17	11
214	130	16	11
214	131	16	10
216	132	16	11
215	131	17	12
217	131	16	12
216	130	17	12
215	130	19	11
217	131	18	12
218	132	17	11
219	131	16	11
220	131	16	12
220	132	15	12
221	131	15	12
221	132	15	11
222	131	14	10
221	128	15	11
222	128	15	10
221	127	15	11
221	126	15	10
222	125	15	12
221	127	14	12
221	130	13	11
222	131	13	11
221	131	13	13
219	133	14	13
217	134	14	11
216	134	14	12
215	132	13	13
211	131	13	13
210	132	14	12
209	131	13	12
208	131	13	12
208	131	13	12
207	130	14	12
205	131	14	11
205	130	14	12
204	129	15	12
203	130	15	11
206	129	14	12
207	130	14	12
207	131	13	11
208	130	14	12
211	131	14	13
212	131	14	12
214	131	14	12
214	132	13	12
216	133	14	12
221	132	14	11
222	131	13	12
224	131	13	12
227	132	13	11
228	131	14	11
229	129	14	11
231	130	14	12
231	129	14	12
232	129	14	13
230	131	15	12
231	133	15	12
230	132	14	13
229	135	15	12
228	135	14	12
226	136	14	13
223	136	15	12
222	136	15	12
222	136	15	12
217	136	15	11
214	134	17	11
215	134	17	12
211	131	16	12
211	132	16	13
208	132	16	12
207	132	16	12
206	131	16	12
206	131	17	11
209	132	18	12
210	132	17	13
213	130	17	12
213	129	17	12
216	123	18	12
219	121	17	12
222	117	17	12
225	109	17	12
228	104	17	12
229	101	17	13
232	91	18	15
235	82	18	13
239	77	16	14
241	64	19	15
246	52	17	13
246	48	18	14
249	36	18	16
251	32	19	17
251	27	21	21
254	22	22	25
252	21	26	26
253	21	26	27
