0.410927
0.037579
0.030870
0.030419
0.030443
0.030341
0.030340
0.030411
0.032267
0.039347
0.038366
0.037698
0.037663
0.041594
0.068080
0.030077
0.029958
0.029939
0.029845
0.029877
0.053453
0.029963
0.032592
0.029679
0.029594
0.029784
0.029729
0.029615
0.029637
0.029737
0.029636
0.029664
0.029610
0.029812
0.029864
0.029806
0.029721
0.029710
0.029640
0.029635
0.059316
0.029685
0.029599
0.034687
0.036036
0.029592
0.029709
0.029547
0.029620
0.029632
0.029715
0.029640
0.029691
0.029749
0.047531
0.039981
0.030266
0.037924
0.037164
0.029807
0.059389
0.029680
0.029746
0.029623
0.029693
0.029716
0.029882
0.029629
0.029750
0.029548
0.029778
0.029659
0.029666
0.029651
0.029709
0.031992
0.032719
0.029657
0.029748
0.029657
0.059525
0.029608
0.029665
0.029677
0.029626
0.029627
0.041609
0.030060
0.029595
0.029752
0.029648
0.029629
0.029624
0.029669
0.029841
0.029639
0.029642
0.029819
0.029701
0.029541
0.059099
0.029619
0.029622
0.029589
0.029659
0.029629
0.029642
0.029646
0.032327
0.032949
0.029717
0.029697
0.029717
0.029678
0.030106
0.029644
0.029727
0.029681
0.029732
0.030509
0.065331
0.030199
0.029774
0.029694
0.030042
0.029737
0.029581
0.029742
0.029698
0.029704
0.029643
0.029727
0.029649
0.029682
0.029639
0.029784
0.029701
0.029794
0.029682
0.029723
0.069633
0.039035
0.031022
0.038798
0.038382
0.037790
0.040445
0.035278
0.029735
0.029716
0.031923
0.033116
0.029638
0.029763
0.029691
0.029711
0.029716
0.029644
0.029759
0.029757
0.059573
0.029641
0.029804
0.029694
0.029582
0.029610
0.030008
0.029748
0.029731
0.029663
0.029790
0.029507
0.046942
0.030635
0.029869
0.029657
0.029605
0.029629
0.029719
0.029736
0.058976
0.029596
0.055545
0.030754
0.030408
0.030362
0.030502
0.030426
0.030469
0.030398
0.030373
0.030483
0.030305
0.030538
0.030531
0.030443
0.030544
0.031109
0.030342
0.030349
0.060439
0.030438
0.030497
0.050752
0.037619
0.030465
0.037125
0.030523
0.040580
0.030545
0.030523
0.030454
0.030616
0.031732
0.055540
0.031947
0.029691
0.029711
0.029890
0.029921
0.059348
0.029776
0.029664
0.029605
0.029796
0.029798
0.030309
0.029691
0.029726
0.029727
0.029701
0.029694
0.029697
0.029864
0.029832
0.050650
0.038670
0.037977
0.036681
0.029808
0.059919
0.029796
0.029772
0.029801
0.031926
0.038612
0.037999
0.041892
0.041945
0.041801
0.067498
0.036977
0.029830
0.029687
0.037813
0.029766
0.029853
0.029619
0.029810
0.029692
0.059103
0.029917
0.052619
0.031047
0.029828
0.035622
0.039887
0.038182
0.038006
0.037924
0.041840
0.066089
0.033662
0.030112
0.029941
0.030051
0.030231
0.029627
0.029710
0.029731
0.059597
0.029829
0.029846
0.029746
0.029692
0.029884
0.029829
0.029744
0.029756
0.029773
0.029839
0.029818
0.048348
0.032585
0.029820
0.029835
0.029813
0.029756
0.029693
0.029927
0.059565
0.029771
0.029734
0.035730
0.029752
0.029802
0.029768
0.029614
0.029824
0.029666
0.029723
0.029698
0.029823
0.029759
0.029827
0.029683
0.029686
0.029706
0.029783
0.029726
0.059747
0.029650
0.029857
0.029782
0.030704
0.032701
0.030378
0.029774
0.029713
0.029840
0.029736
0.029835
0.029927
0.029835
0.029716
0.029746
0.033152
0.029693
0.029807
0.029792
0.059370
0.029775
0.029678
0.029701
0.029797
0.029723
0.030036
0.029691
0.029845
0.029824
0.029867
0.029678
0.029840
0.029791
0.029894
0.029629
0.029738
0.029830
0.033282
0.029689
0.059577
0.029773
0.029724
0.030085
0.029682
0.029831
0.029875
0.029763
0.040244
0.030115
0.029858
0.029716
0.029783
0.029877
0.030026
0.029816
0.029779
0.029938
0.029828
0.029743
0.059357
0.029841
0.029730
0.029675
0.029794
0.029705
0.029819
0.029743
0.029864
0.029631
0.035005
0.031373
0.029820
0.029777
0.029882
0.029747
0.029824
0.029752
0.029836
0.038250
0.069848
0.044585
0.038163
0.035903
0.029883
0.029774
0.029974
0.030306
0.029819
0.029860
0.029789
0.029776
0.029752
0.029716
0.029820
0.029751
0.029836
0.029720
0.029861
0.029715
0.059303
0.038730
0.038468
0.030319
0.029744
0.030049
0.029934
0.029822
0.029883
0.029945
0.029833
0.029716
0.045294
0.029868
0.029700
0.029728
0.029779
0.029860
0.029795
0.029620
0.059352
0.029720
0.029757
0.029956
0.029627
0.029752
0.029851
0.029730
0.029698
0.029745
0.029735
0.029704
0.029896
0.048734
0.031910
0.029687
0.029811
0.029866
0.029761
0.029651
0.059483
0.029805
0.029841
0.029739
0.042403
0.032179
0.029843
0.029635
0.029781
0.029669
0.029840
0.029660
0.029767
0.029836
0.029754
0.029654
0.029823
0.029704
0.029785
0.029782
0.059913
0.029924
0.029799
0.029919
0.029778
0.029774
0.039000
0.031457
0.029834
0.029846
0.029877
0.029712
0.029706
0.029742
0.029955
0.029759
0.029682
0.035145
0.031271
0.029729
0.059404
0.029747
0.029809
0.029672
0.029801
0.029798
0.029981
0.029903
0.029842
0.029889
0.029728
0.029835
0.029779
0.029765
0.029772
0.029802
0.029720
0.029751
0.029765
0.033034
0.067079
0.029809
0.029718
0.029655
0.029652
0.029778
0.029692
0.029746
0.029799
0.047245
0.037072
0.029839
0.030507
0.030854
0.029796
0.029937
0.035532
0.029750
0.029829
0.029640
0.058990
0.029815
0.029737
0.029830
0.029699
0.029842
0.029793
0.029774
0.029820
0.029808
0.029785
0.045595
0.030143
0.029823
0.029817
0.029731
0.029828
0.029819
0.029794
0.029850
0.059539
0.034378
0.038806
0.038024
0.037018
0.029839
0.029872
0.029750
0.030879
0.030072
0.029861
0.029845
0.030023
0.029824
0.029893
0.029897
0.029831
0.029890
0.029927
0.029951
0.059339
0.029976
0.032037
0.039098
0.038096
0.038155
0.036905
0.030074
0.030007
0.029920
0.030107
0.029906
0.032513
0.039086
0.037990
0.041797
0.041994
0.041895
0.067394
0.041264
0.059418
0.030003
0.030022
0.029994
0.029866
0.029938
0.029811
0.029905
0.029821
0.029951
0.051669
0.037742
0.039143
0.039006
0.030713
0.030726
0.030843
0.030828
0.030755
0.030612
0.084139
0.029895
0.029877
0.029857
0.029833
0.029906
0.029902
0.029807
0.030005
0.029967
0.029804
0.029992
0.029833
0.029932
0.029882
0.030113
0.029919
0.029920
0.029909
0.029835
0.063290
0.030803
0.029963
0.029922
0.029831
0.029953
0.029852
0.029918
0.029862
0.029921
0.029879
0.037456
0.030778
0.029974
0.029901
0.030036
0.029833
0.029806
0.029925
0.030413
0.061492
0.037998
0.037939
0.041814
0.041866
0.037489
0.033192
0.030891
0.030666
0.051527
0.038586
0.036987
0.029882
0.029868
0.029848
0.029749
0.029848
0.029850
0.029888
0.029802
0.085623
0.029793
0.029976
0.030062
0.029943
0.029924
0.029941
0.029926
0.029907
0.030004
0.029975
0.029944
0.029787
0.029930
0.029894
0.029985
0.029885
0.029948
0.029893
0.029937
0.059933
0.053682
0.030547
0.029830
0.030046
0.029822
0.029930
0.029849
0.029771
0.029851
0.030112
0.029898
0.038522
0.034399
0.029893
0.029924
0.029883
0.029962
0.029902
0.029969
0.059690
0.029912
0.029893
0.029919
0.029916
0.029941
0.029892
0.029891
0.029849
0.029881
0.029926
0.029957
0.029886
0.029915
0.036904
0.035393
0.029869
0.029847
0.030177
0.029837
0.059290
0.029740
0.029826
0.029856
0.051598
0.033740
0.029987
0.029755
0.029912
0.029794
0.029883
0.029843
0.029934
0.029835
0.029881
0.029911
0.029856
0.029950
0.029909
0.029933
0.059100
0.029742
0.029812
0.029961
0.030098
0.029809
0.045040
0.030358
0.029935
0.029900
0.029932
0.029823
0.029798
0.029797
0.029882
0.029816
0.029831
0.044984
0.030187
0.029936
0.060280
0.029913
0.029900
0.029908
0.029898
0.029824
0.029913
0.029915
0.029857
0.029934
0.030966
0.030911
0.029948
0.030058
0.029864
0.030003
0.029926
0.029868
0.029885
0.042255
0.063019
0.030716
0.030755
0.030695
0.030772
0.030749
0.030646
0.030628
0.058830
0.031916
0.030674
0.030787
0.030704
0.030769
0.030762
0.030664
0.030760
0.031005
0.030763
0.030760
0.060715
0.029922
0.029921
0.029936
0.029985
0.029953
0.029936
0.029994
0.029922
0.054260
0.031467
0.029871
0.029842
0.029915
0.029933
0.029855
0.029905
0.029830
0.029995
0.029762
0.080138
0.029798
0.029884
0.029968
0.029950
0.029865
0.029811
0.029984
0.029950
0.030010
0.029884
0.030670
0.029792
0.029940
0.029760
0.029923
0.029771
0.030104
0.029876
0.029931
0.059174
0.046910
0.030297
0.029903
0.029878
0.029918
0.029926
0.029879
0.029852
0.029898
0.029918
0.029968
0.032945
0.032711
0.030060
0.030151
0.029890
0.029835
0.029851
0.030044
0.060414
0.029929
0.029820
0.029896
0.029881
0.029982
0.029839
0.029891
0.029804
0.029861
0.029923
0.029795
0.029949
0.029893
0.052037
0.035976
0.030029
0.029940
0.030004
0.030161
0.060457
0.029959
0.029886
0.029902
0.057554
0.037400
0.030782
0.030498
0.029786
0.029843
0.029836
0.029925
0.029960
0.029850
0.029922
0.029826
0.029952
0.029843
0.029915
0.029797
0.059318
0.029778
0.039289
0.039404
0.057407
0.030234
0.029901
0.029875
0.029898
0.029791
0.029960
0.030338
0.029854
0.029912
0.029986
0.041964
0.030315
0.029983
0.029834
0.029889
0.059922
0.029814
0.029967
0.029927
0.029698
0.029792
0.029755
0.029973
0.029893
0.029811
0.030196
0.029767
0.029869
0.029935
0.029860
0.029964
0.029783
0.051344
0.030084
0.029901
0.060122
0.030000
0.029932
0.029968
0.029927
0.029975
0.029907
0.034266
0.032933
0.029911
0.029927
0.029933
0.029889
0.029977
0.029816
0.029944
0.030087
0.030057
0.030002
0.030008
0.060045
0.030121
0.029854
0.029896
0.030007
0.029908
0.029971
0.030071
0.030481
0.030368
