0.379124
0.031570
0.032619
0.031275
0.031303
0.031260
0.031249
0.031078
0.031218
0.038934
0.031363
0.031071
0.031276
0.031373
0.031187
0.031220
0.031251
0.030843
0.030432
0.053173
0.054723
0.030449
0.030330
0.030396
0.030395
0.030335
0.030372
0.030442
0.030447
0.030480
0.030262
0.030381
0.030375
0.030506
0.030417
0.030436
0.030401
0.030500
0.030548
0.030399
0.047165
0.033147
0.030426
0.030497
0.030476
0.030395
0.030401
0.030490
0.030299
0.030329
0.030382
0.031565
0.036598
0.030667
0.020420
0.030370
0.030387
0.030545
0.030607
0.020712
0.060131
0.030528
0.030604
0.030533
0.030383
0.045571
0.045653
0.030229
0.030328
0.030266
0.030241
0.030058
0.030195
0.044172
0.038772
0.038600
0.038666
0.042374
0.042383
0.042536
0.073384
0.070974
0.030769
0.030550
0.030455
0.030657
0.030744
0.030849
0.030481
0.030208
0.030446
0.046701
0.030655
0.030632
0.030645
0.030514
0.030461
0.030668
0.030598
0.030671
0.069196
0.030465
0.030574
0.030452
0.030465
0.030719
0.030409
0.030409
0.031133
0.033968
0.040527
0.038972
0.035012
0.030622
0.030628
0.030581
0.030640
0.030637
0.030538
0.030487
0.060129
0.030510
0.030544
0.030582
0.030429
0.030657
0.030515
0.030418
0.030523
0.030668
0.053907
0.039073
0.038817
0.038846
0.043583
0.043017
0.065334
0.051129
0.031988
0.030459
0.060224
0.030979
0.030897
0.030518
0.030549
0.030630
0.030579
0.030511
0.030467
0.030541
0.030528
0.030470
0.030509
0.030590
0.030572
0.051351
0.039928
0.039252
0.030690
0.030483
0.060354
0.030495
0.030607
0.030598
0.030597
0.040317
0.039340
0.039126
0.039019
0.041983
0.043218
0.043291
0.042987
0.043261
0.063398
0.032184
0.034627
0.030868
0.031100
0.030947
0.060629
0.060879
0.033194
0.030526
0.030448
0.030487
0.030682
0.030597
0.030579
0.030484
0.030504
0.030504
0.040222
0.034520
0.030384
0.030468
0.030559
0.030585
0.030438
0.030401
0.060365
0.030405
0.030555
0.030774
0.030667
0.030624
0.030673
0.030565
0.030547
0.030524
0.030564
0.030369
0.030486
0.032973
0.033818
0.030510
0.030574
0.030549
0.030502
0.030640
0.060020
0.030613
0.030494
0.035536
0.033886
0.030433
0.030564
0.030619
0.030875
0.031437
0.033570
0.030642
0.030629
0.030562
0.030680
0.030684
0.030609
0.030628
0.030781
0.030765
0.060577
0.030635
0.030566
0.030551
0.054191
0.030877
0.030632
0.030582
0.030646
0.030570
0.030637
0.030617
0.030649
0.030608
0.030485
0.043971
0.031087
0.030597
0.030638
0.030543
0.060350
0.030631
0.030575
0.030554
0.030492
0.030898
0.030605
0.030699
0.030551
0.030696
0.030653
0.030700
0.030709
0.030578
0.030597
0.030577
0.033695
0.033806
0.030629
0.039796
0.060455
0.030459
0.031076
0.030692
0.030713
0.030590
0.034382
0.034631
0.030569
0.030696
0.030670
0.030787
0.030663
0.030677
0.031388
0.030677
0.030647
0.030601
0.030707
0.030638
0.060103
0.030560
0.030657
0.030560
0.030618
0.030692
0.030722
0.030559
0.040901
0.036014
0.030613
0.030606
0.030625
0.030761
0.030645
0.030570
0.030616
0.030701
0.030723
0.059292
0.060102
0.030568
0.030720
0.030670
0.030543
0.030628
0.030668
0.030557
0.030565
0.030671
0.030678
0.030575
0.030644
0.030523
0.030771
0.030706
0.030539
0.030651
0.030872
0.036297
0.060390
0.030734
0.031892
0.030651
0.030653
0.030920
0.030534
0.030751
0.031366
0.041646
0.030761
0.030661
0.030609
0.030479
0.030588
0.030601
0.030515
0.030607
0.030524
0.033934
0.072135
0.032053
0.031499
0.031379
0.031415
0.031354
0.031457
0.031425
0.031356
0.050838
0.040186
0.039263
0.039102
0.043127
0.043062
0.043027
0.043057
0.066600
0.046857
0.049431
0.061871
0.035675
0.031684
0.031689
0.031610
0.031797
0.031694
0.031368
0.031134
0.030661
0.030857
0.030649
0.030648
0.030647
0.030630
0.030648
0.051292
0.035228
0.030583
0.030653
0.060387
0.030585
0.030572
0.030622
0.030698
0.030599
0.037725
0.036519
0.030702
0.030791
0.030781
0.030821
0.030684
0.030721
0.030679
0.030644
0.030715
0.030618
0.030657
0.030727
0.059908
0.030628
0.030642
0.030603
0.030674
0.030470
0.030632
0.031871
0.040623
0.030848
0.030606
0.030679
0.030637
0.030747
0.031080
0.030804
0.030817
0.030708
0.032637
0.037091
0.060619
0.039874
0.039318
0.039430
0.030823
0.030802
0.031044
0.031057
0.030984
0.030894
0.030975
0.030970
0.030953
0.031034
0.031254
0.031167
0.031031
0.031088
0.030990
0.036496
0.063159
0.032005
0.031954
0.031908
0.031865
0.031831
0.031806
0.031805
0.031955
0.039624
0.032339
0.032037
0.032143
0.032165
0.032194
0.032204
0.031960
0.031456
0.031563
0.031405
0.060771
0.030753
0.037184
0.037827
0.030773
0.031275
0.031491
0.032277
0.042753
0.031805
0.031848
0.031863
0.031924
0.032308
0.032329
0.032387
0.031751
0.031803
0.054855
0.031038
0.060627
0.031018
0.031252
0.030921
0.030968
0.031047
0.030821
0.030936
0.030911
0.031154
0.031322
0.031398
0.031366
0.031264
0.031228
0.031454
0.031414
0.031397
0.031723
0.057544
0.047298
0.031870
0.031579
0.031426
0.031396
0.031566
0.031426
0.031521
0.031427
0.040600
0.034900
0.031469
0.031583
0.032094
0.031604
0.031420
0.031422
0.031389
0.031557
0.031719
0.061308
0.031691
0.031786
0.031681
0.031545
0.031711
0.031718
0.031379
0.031513
0.031415
0.040656
0.031841
0.031501
0.031506
0.031142
0.031320
0.031535
0.031558
0.031791
0.031742
0.063279
0.032833
0.031837
0.031901
0.031878
0.031845
0.031708
0.031692
0.032880
0.031813
0.032226
0.032001
0.032342
0.032332
0.032290
0.032214
0.032149
0.032160
0.031916
0.031770
0.062183
0.035903
0.031830
0.031759
0.031787
0.031690
0.031659
0.032094
0.031626
0.031739
0.031840
0.045928
0.031966
0.031727
0.031655
0.031505
0.031821
0.031559
0.031520
0.031576
0.061049
0.031714
0.031738
0.031651
0.031548
0.031865
0.031835
0.031695
0.031560
0.031615
0.031810
0.032429
0.051979
0.034713
0.032124
0.031789
0.031990
0.031730
0.031771
0.031901
0.061749
0.035540
0.038836
0.031926
0.031811
0.031808
0.031820
0.031800
0.031769
0.031742
0.031743
0.031802
0.031775
0.031662
0.031678
0.031740
0.031625
0.031667
0.031692
0.031768
0.061350
0.031884
0.039690
0.033861
0.031772
0.031890
0.032055
0.032207
0.032145
0.031824
0.031639
0.031703
0.031850
0.042942
0.035544
0.031753
0.031758
0.031822
0.031867
0.031755
0.061294
0.031794
0.031614
0.031783
0.031928
0.031674
0.031699
0.031744
0.031672
0.031651
0.031600
0.031775
0.031482
0.031834
0.035708
0.031912
0.031765
0.031814
0.031716
0.031734
0.061124
0.031527
0.031512
0.050711
0.032027
0.031635
0.031513
0.031607
0.031751
0.031774
0.031639
0.031749
0.031775
0.031713
0.031594
0.031541
0.031475
0.031458
0.031548
0.031622
0.061905
0.031487
0.031468
0.031503
0.035694
0.033973
0.031396
0.031446
0.031506
0.031507
0.046718
0.031582
0.031423
0.046668
0.035175
0.038964
0.031207
0.031388
0.031520
0.031495
0.060896
0.031448
0.031405
0.031446
0.031431
0.031318
0.031415
0.031245
0.031400
0.031361
0.031594
0.031521
0.031730
0.031692
0.031987
0.040885
0.034125
0.031334
0.031369
0.032146
0.062993
0.031463
0.031407
0.031394
0.031325
0.043743
0.031250
0.031226
0.031326
0.031123
0.031201
0.031247
0.031155
0.031129
0.031112
0.031115
0.031147
0.031022
0.031053
0.031114
0.060536
0.030985
0.030991
0.031081
0.030963
0.031068
0.040168
0.034151
0.031115
0.031298
0.030820
0.031147
0.031061
0.031134
0.031251
0.031041
0.031119
0.039870
0.031276
0.031061
0.061552
0.030952
0.031230
0.031057
0.030825
0.030714
0.030715
0.031157
0.031119
0.028985
0.030843
0.028862
0.030828
0.030848
0.030900
0.031065
0.031218
0.031465
0.037594
0.034072
0.061803
0.030942
0.030858
0.030866
0.030787
0.030847
0.030728
0.030785
0.033519
0.034221
0.030748
0.020714
0.020768
0.020850
0.020895
0.020835
0.020757
0.020713
0.020795
0.020758
0.020794
0.030864
0.030756
0.030829
0.030853
0.030872
0.030854
0.030808
0.030880
0.030900
0.031423
0.031551
0.031419
0.034364
0.034440
0.031170
0.031154
0.031148
0.031165
0.031224
0.061456
0.031269
0.031338
0.037328
0.039922
0.031924
0.031677
0.031976
0.031949
0.044698
0.047148
0.031663
0.031692
0.046689
0.031762
0.034783
0.031923
0.032045
0.031670
0.031934
0.062245
0.031709
0.046388
0.036541
0.030942
0.031183
0.031117
0.030952
0.030916
0.031479
0.030813
0.031195
0.031884
0.052806
0.040046
0.038829
0.031698
0.031815
0.031782
0.032053
0.061287
0.031988
0.031939
0.032060
0.031873
0.031807
0.031882
0.031934
0.029669
0.031791
0.031624
0.031647
0.031598
0.048021
0.032211
0.031108
0.031112
0.028939
0.031171
0.031258
0.060298
0.031348
0.031239
0.046773
0.032175
0.031099
0.031123
0.031173
0.031198
0.031253
0.031383
0.031181
0.031335
0.031092
0.031232
0.031166
0.031430
0.031412
0.031269
0.031402
0.061399
0.031231
0.031423
0.031278
0.048275
0.031762
0.031405
0.031432
0.031256
0.031458
0.031342
0.031478
0.031367
0.031488
0.031448
0.040869
0.031704
0.031374
0.031644
0.031592
0.061216
0.031544
0.031543
0.031492
0.031481
0.031673
0.031402
0.031259
0.031348
0.031514
0.031407
0.031629
0.031520
0.031537
0.031726
0.031498
0.036054
0.033811
0.031536
0.031632
0.061918
0.031505
0.031854
0.031431
0.031503
0.031769
0.040733
0.031769
0.031417
0.031601
0.031495
0.031622
0.031641
0.031809
0.031325
0.031510
0.031394
0.031521
0.031535
0.031620
0.062134
0.031613
0.031700
0.031781
0.031891
0.031747
0.031576
0.039903
0.031735
0.031573
0.031670
0.031735
0.031898
0.031678
0.031759
0.031553
0.031697
0.040903
0.032428
0.032109
0.065301
0.037307
0.031797
0.031653
0.031869
0.031623
0.031977
0.032010
0.032209
0.031869
0.031824
0.031651
0.031934
0.032007
0.032034
0.032026
0.032279
0.033184
0.039529
0.031968
0.062705
0.031895
0.031864
0.031730
0.031794
0.031981
0.031983
0.048103
0.042218
0.041612
0.041733
0.043604
0.045459
0.045289
0.045294
0.045162
0.045194
0.044943
0.044845
0.045087
0.075698
0.045328
0.074901
0.062063
0.032552
0.032573
0.032858
0.032807
0.032649
0.032625
0.032441
0.041787
0.032892
0.032421
0.032388
0.032152
0.032172
0.032145
0.032199
0.032188
0.062076
0.032173
0.032229
0.032046
0.032054
0.032198
0.032230
0.032130
0.033346
0.032225
0.032147
0.032993
0.040843
0.032249
0.032142
0.032232
0.032434
0.032185
0.032415
0.032220
0.061753
0.039752
0.036288
0.032218
0.032119
0.032168
0.032225
0.032130
0.032140
0.032246
0.032323
0.032169
0.032255
0.032218
0.032387
0.032311
0.032318
0.032171
0.032326
0.032212
0.061610
0.032233
0.044017
0.032511
0.049968
0.039413
0.032659
0.032414
0.031960
0.032066
0.032000
0.052268
0.032682
0.032299
0.032296
0.032236
0.032238
0.032256
0.032544
0.032582
0.076637
0.041724
0.041624
0.032300
0.032061
0.032114
0.032135
0.032304
0.032075
0.032202
0.055061
0.032633
0.032159
0.032378
0.032411
0.032406
0.032272
0.032194
0.032069
0.032308
0.064256
0.036900
0.031966
0.031970
0.031850
0.032294
0.032033
0.031948
0.032143
0.032307
0.032135
0.032115
0.032106
0.032384
0.031993
0.031983
0.031876
0.031933
0.032065
0.031965
0.061899
0.041121
0.033761
0.032130
0.032132
0.032053
0.032146
0.032251
0.031811
0.031750
0.031550
0.050709
0.032114
0.031596
0.031703
0.031640
0.031728
0.031582
0.031817
0.031842
0.061746
0.031820
0.032213
0.032638
0.032168
0.031575
0.031831
0.031973
0.031666
0.031589
0.031387
0.031727
0.043689
0.031886
0.031710
0.031920
0.031553
0.031848
0.031631
0.031623
0.060893
0.031437
0.041469
0.040406
0.040630
0.040407
0.040753
0.044549
0.044815
0.044327
0.044646
0.044797
0.045441
0.044726
0.044845
0.043989
0.044206
0.068124
0.045350
0.044580
0.075385
0.044299
0.044429
0.044703
0.075021
0.066861
0.033673
0.051486
0.034289
0.031689
0.031601
0.031628
0.031610
0.031509
0.031529
0.031414
0.041147
0.041108
0.040281
0.039979
0.072631
0.076732
0.048028
0.052831
0.032500
0.041197
0.032451
0.032320
0.032373
0.049064
0.032637
0.031515
0.031780
0.031440
0.031438
0.031550
0.031457
0.031561
0.031454
0.031560
0.060821
0.031345
0.031271
0.031173
0.031359
0.031395
0.031533
0.031457
0.031768
0.031695
0.037320
0.034764
0.031623
0.031669
0.031560
0.032062
0.031306
0.031471
0.032009
0.040413
0.064097
0.032192
0.032174
0.032012
0.032182
0.031937
0.032102
0.032524
0.032754
0.033165
0.032781
0.031794
0.032169
0.031903
0.031823
0.031775
0.031724
0.031995
0.031777
0.049017
0.064090
0.031453
0.031512
0.031769
0.031748
0.032154
0.031832
0.032005
0.031776
0.050837
0.064937
0.053206
0.031506
0.046584
0.031495
0.031644
0.031858
0.041678
0.041387
0.041258
0.073647
0.060261
0.062848
0.032411
0.033419
0.035377
0.031748
0.031698
0.031920
0.032201
0.032207
0.032043
0.031987
0.031924
0.031810
0.040475
0.032120
0.032145
0.031808
0.047523
0.061233
0.031473
0.031670
0.031732
0.031637
0.031750
0.031960
0.032202
0.032094
0.032068
0.032253
0.032844
0.031802
0.037300
0.042492
0.039682
0.032381
0.032324
0.031888
0.040954
0.071483
0.045280
0.048976
0.046104
0.034019
0.032992
0.032898
0.032843
0.032937
0.032610
0.032986
0.032035
0.032183
0.032284
0.034861
0.031667
0.031887
0.031904
0.031971
0.031928
0.061479
0.031812
0.058740
0.031806
0.032031
0.031865
0.032218
0.032037
0.031866
0.031742
0.031700
0.031657
0.045563
0.035683
0.031640
0.031685
0.031740
0.031882
0.031723
0.031692
0.060755
0.032079
0.031657
0.031395
0.031536
0.031744
0.031730
0.031713
0.031803
0.032128
0.032080
0.032163
0.031815
0.040821
0.036209
0.032167
0.032209
0.032301
0.032562
0.032788
0.062892
0.031970
0.031709
0.038453
0.031648
0.031631
0.031796
0.031694
0.031779
0.031689
0.031621
0.031592
0.031501
0.031494
0.031629
0.031658
0.032264
0.031809
0.031653
0.031773
0.062084
0.031508
0.031526
0.031648
0.041837
0.031674
0.031515
0.031518
0.031579
0.031487
0.031468
0.031440
0.031321
0.031319
0.051259
0.040420
0.031281
0.031273
0.031395
0.031266
0.060765
0.031365
0.031308
0.032007
0.031420
0.031316
0.031163
0.031287
0.031374
0.031170
0.031212
0.031157
0.031158
0.031337
0.031186
0.045796
0.034624
0.033031
0.042775
0.039953
0.070423
0.031223
0.037360
0.033192
0.039830
0.040030
0.038529
0.030887
0.030809
0.030895
0.030970
0.031191
0.030836
0.030730
0.030847
0.030846
0.046036
0.046113
0.031325
0.030930
0.060436
0.029020
0.042844
0.031963
0.030833
0.030784
0.030816
0.030742
0.030877
0.030784
0.030877
0.030895
0.030842
0.042539
0.031527
0.030767
0.028963
0.030934
0.030837
0.030733
0.061049
0.030918
0.030738
0.030806
0.030811
0.030843
0.030769
0.030796
0.030877
0.030765
0.030788
0.030839
0.030787
0.030784
0.031864
0.033953
0.031357
0.031623
0.032323
0.031516
0.060777
0.031209
0.031162
0.031099
0.036380
0.041239
0.040645
0.041728
0.043251
0.055882
0.061974
0.032860
0.036088
0.031226
0.031187
0.031176
0.047007
0.030998
0.030965
0.045962
0.060724
0.038786
0.040601
0.039619
0.040428
0.041534
0.039715
0.032583
0.032368
0.032215
0.050236
0.032715
0.032300
0.032182
0.032374
0.041562
0.041552
0.041680
0.055847
0.045784
0.088681
0.045895
0.045351
0.045698
0.045517
0.078500
0.056341
0.032908
0.038068
0.032714
0.032823
0.032860
0.044300
0.043389
0.042770
0.041849
0.041583
0.032681
0.032683
0.032888
0.063407
0.032625
0.032634
0.032187
0.032306
0.032369
0.032039
0.032061
0.032034
0.031811
0.032051
0.032059
0.032059
0.049938
0.033119
0.032057
0.032515
0.032374
0.032166
0.032415
0.062319
0.031824
0.032040
0.057235
0.043035
0.042488
0.046474
0.046342
0.046353
0.045837
0.045741
0.045911
0.046144
0.045780
0.045550
0.045776
0.046205
0.046671
0.068157
0.050907
0.062485
0.034173
0.032611
0.032864
0.032971
0.033093
0.056859
0.032708
0.032707
0.032794
0.032500
0.032531
0.032524
0.032482
0.032571
0.032384
0.032789
0.032277
0.032436
0.032411
0.062137
0.032070
0.032063
0.031567
0.031188
0.031575
0.040471
0.048219
0.031331
0.046470
0.030883
0.030826
0.030651
0.031079
0.031148
0.031256
0.056601
0.040004
0.032320
0.032304
0.061709
0.032171
0.032072
0.031679
0.031570
0.031373
0.031396
0.046713
0.031068
0.030759
0.046359
0.046558
0.031560
0.032208
0.032278
0.057690
0.040438
0.032601
0.032609
0.032542
0.062561
0.032840
0.032586
0.032982
0.053576
0.041051
0.036115
0.039533
0.032918
0.033085
0.033338
0.033356
0.033497
0.033970
0.033944
0.034220
0.033470
0.033146
0.033125
0.033070
0.062227
0.032817
0.032843
0.056061
0.041680
0.033981
0.034160
0.037856
0.033737
0.033270
0.033181
0.033217
0.033186
0.056196
0.033317
0.033036
0.032862
0.032990
0.033186
0.033062
0.063937
0.033430
0.033461
0.033110
0.032939
0.032897
0.032855
0.032827
0.032784
0.032670
0.032670
0.032782
0.062625
0.042275
0.041245
0.041386
0.044527
0.045151
0.045383
0.045165
0.092953
0.042316
0.042356
0.042224
0.042187
0.044347
0.042144
0.042300
0.042330
0.041642
0.041883
0.041947
0.042281
0.042047
0.042143
0.042630
0.053182
0.045903
0.069628
0.049161
0.061144
0.032675
0.034269
0.047499
0.034183
0.032017
0.031874
0.031980
0.031669
0.031448
0.031550
0.031573
0.031454
0.031661
0.031607
0.031528
0.031457
0.031583
0.031295
0.031482
0.061609
0.031452
0.031233
0.031256
0.052026
0.031290
0.031176
0.031105
0.031320
0.031222
0.031305
0.031239
0.031421
0.031280
0.033758
0.034405
0.031162
0.031143
0.031269
0.031058
0.061305
0.031748
0.032082
0.031359
0.031213
0.031415
0.031511
0.031554
0.031256
0.031237
0.031300
0.031160
0.031258
0.031101
0.031127
0.035522
0.034166
0.030906
0.031224
0.031133
0.061036
0.030996
0.030775
0.031205
0.031268
0.061040
0.031339
0.030877
0.030910
0.030684
0.030733
0.031095
0.031239
0.031203
0.031046
0.031239
0.031094
0.031075
0.030959
0.031037
0.061314
0.030981
0.031037
0.031085
0.031114
0.031210
0.034719
0.040534
0.039823
0.039989
0.041477
0.044271
0.044033
0.044237
0.083567
0.047019
0.056267
0.032211
0.031993
0.032185
0.062286
0.032106
0.031778
0.032422
0.039867
0.038310
0.038437
0.049361
0.043983
0.043960
0.069501
0.041299
0.045547
0.046682
0.046394
0.059774
0.033827
0.083064
0.039664
0.033262
0.061444
0.031782
0.029611
0.030738
0.030736
0.030936
0.030758
0.030695
0.030733
0.030659
0.030842
0.030739
0.030709
0.030870
0.030757
0.030968
0.030840
0.030726
0.061174
0.039675
0.069929
0.041093
0.043362
0.043463
0.043408
0.073656
0.038711
0.030925
0.030937
0.030803
0.031020
0.030951
0.030968
0.030786
0.030746
0.030735
0.030807
0.039747
0.039441
0.031418
0.060734
0.031574
0.031429
0.031449
0.031334
0.047065
0.031733
0.031542
0.031642
0.031636
0.032392
0.033900
0.032985
0.031493
0.031518
0.043105
0.035131
0.030906
0.030653
0.030677
0.061026
0.030899
0.030769
0.030762
0.030612
0.030702
0.030709
0.030724
0.030832
0.030717
0.030679
0.030629
0.030656
0.030781
0.030823
0.030692
0.031217
0.041002
0.030807
0.030764
0.062278
0.030738
0.030641
0.030770
0.030717
0.030711
0.030768
0.040003
0.038168
0.030830
0.030638
0.030542
0.030796
0.030891
0.030823
0.031055
0.031038
0.030647
0.031070
0.030853
0.058559
0.028885
0.030670
0.031047
0.030783
0.030983
0.030823
0.030864
0.034060
0.028836
0.030811
0.030895
0.031144
0.031050
0.031114
0.031155
0.031194
0.030946
0.039575
0.031393
0.060568
0.030867
0.030884
0.031033
0.031251
0.030885
0.031362
0.030982
0.031053
0.031103
0.031091
0.031144
0.031237
0.031204
0.031225
0.031177
0.031082
0.031170
0.031092
0.058641
0.063151
0.031411
0.031273
0.031333
0.031167
0.031128
0.031169
0.031119
0.031210
0.046714
0.032078
0.031168
0.031118
0.031203
0.031102
0.031261
0.031360
0.031235
0.031256
0.031323
0.061610
0.031138
0.031126
0.031170
0.031203
0.031112
0.034297
0.040510
0.031606
0.052963
0.042842
0.032745
0.033132
0.033024
0.032439
0.033829
0.032319
0.032254
0.032124
0.048041
0.064982
0.031274
0.031196
0.031216
0.031241
0.031366
0.031222
0.031358
0.031351
0.031336
0.031316
0.031546
0.031292
0.031258
0.031474
0.031287
0.031349
0.031349
0.031211
0.031132
0.069917
0.031337
0.032139
0.031552
0.031306
0.031460
