0.464070
0.055306
0.041510
0.031364
0.031356
0.031334
0.031111
0.031132
0.031106
0.031340
0.031230
0.031313
0.030801
0.031013
0.031018
0.031022
0.030909
0.031016
0.031010
0.030993
0.054780
0.030895
0.041309
0.031362
0.030986
0.031063
0.031161
0.031337
0.031121
0.031092
0.031131
0.031013
0.031225
0.041385
0.031859
0.031129
0.031295
0.031323
0.031272
0.031152
0.060875
0.031016
0.030994
0.031178
0.031081
0.031054
0.031173
0.031004
0.030943
0.031037
0.031209
0.030960
0.031064
0.031121
0.042982
0.033560
0.031102
0.031108
0.031258
0.031096
0.060856
0.031291
0.031302
0.052395
0.036938
0.031064
0.031079
0.031182
0.031288
0.031070
0.031231
0.031013
0.031110
0.031235
0.031134
0.031026
0.031059
0.031641
0.032039
0.031842
0.061698
0.040488
0.053137
0.040229
0.032076
0.032262
0.031892
0.032003
0.031879
0.031823
0.031893
0.032022
0.045426
0.031734
0.031378
0.031399
0.031394
0.031373
0.031257
0.031389
0.060534
0.031198
0.031320
0.031530
0.031396
0.031146
0.031287
0.031259
0.031197
0.031199
0.031217
0.031678
0.031215
0.055610
0.031571
0.031413
0.031770
0.041254
0.031991
0.032506
0.061584
0.064736
0.032866
0.032064
0.032240
0.032230
0.032451
0.031992
0.032044
0.032125
0.032257
0.032349
0.031865
0.031348
0.031420
0.031327
0.031125
0.031593
0.031337
0.031140
0.060689
0.050599
0.031615
0.031093
0.031119
0.031116
0.031118
0.031207
0.031177
0.031203
0.031191
0.030988
0.038773
0.031894
0.031132
0.031227
0.031239
0.031171
0.031380
0.031461
0.061218
0.031528
0.031370
0.031354
0.031267
0.031263
0.031221
0.031294
0.031274
0.031804
0.031781
0.031922
0.032122
0.048928
0.031652
0.031227
0.031210
0.031292
0.031258
0.031381
0.060678
0.031486
0.031077
0.042110
0.031558
0.031219
0.031238
0.031192
0.030998
0.031154
0.031205
0.031183
0.031110
0.031242
0.031620
0.031413
0.031138
0.031326
0.031276
0.030947
0.061025
0.031069
0.031036
0.031923
0.034449
0.030939
0.030811
0.031038
0.030818
0.030814
0.030703
0.030823
0.030829
0.031250
0.035056
0.042017
0.041048
0.041298
0.041236
0.044972
0.074986
0.062156
0.072750
0.065257
0.032540
0.032310
0.031642
0.031893
0.031735
0.031608
0.040366
0.035213
0.031595
0.032008
0.031656
0.031746
0.031467
0.031502
0.031585
0.031700
0.066910
0.031349
0.031498
0.031348
0.031352
0.031184
0.031324
0.031307
0.031294
0.031324
0.031287
0.031342
0.031374
0.031322
0.031455
0.031157
0.031232
0.031192
0.031245
0.031367
0.061350
0.035970
0.031536
0.031488
0.031751
0.031212
0.031245
0.031080
0.031207
0.031194
0.031335
0.053905
0.031394
0.031213
0.031139
0.031231
0.031404
0.031389
0.054562
0.056516
0.061462
0.031164
0.031057
0.031367
0.031008
0.030859
0.031039
0.030850
0.031041
0.031180
0.031554
0.038979
0.031415
0.031382
0.031297
0.031323
0.031283
0.031336
0.031154
0.031206
0.061174
0.041240
0.040117
0.039794
0.040028
0.042444
0.044026
0.044544
0.044485
0.044848
0.044608
0.044367
0.058848
0.071628
0.068616
0.050949
0.031775
0.031275
0.032040
0.032140
0.062733
0.031042
0.031137
0.031213
0.049016
0.033241
0.031426
0.031213
0.031284
0.031274
0.031178
0.031335
0.031199
0.031322
0.031254
0.031183
0.031022
0.031086
0.031269
0.031345
0.061164
0.031381
0.031185
0.031324
0.031174
0.031376
0.034815
0.031074
0.031210
0.031522
0.031254
0.031305
0.031106
0.031205
0.031367
0.031294
0.038582
0.031474
0.031286
0.031211
0.061234
0.031168
0.031543
0.031309
0.031142
0.031315
0.031465
0.031189
0.031151
0.031228
0.031201
0.031372
0.031776
0.031249
0.031065
0.031467
0.031236
0.042555
0.031505
0.031271
0.061082
0.031283
0.031266
0.031185
0.031332
0.031352
0.031323
0.039541
0.031642
0.031217
0.031287
0.031307
0.031291
0.031326
0.031422
0.031153
0.031326
0.031085
0.031309
0.031340
0.061079
0.031432
0.031317
0.031180
0.031147
0.031447
0.031412
0.031258
0.034493
0.034503
0.031199
0.031123
0.031201
0.031383
0.031244
0.031181
0.031138
0.030984
0.031244
0.034704
0.062663
0.031219
0.031118
0.031431
0.031323
0.031284
0.031318
0.031504
0.031425
0.031496
0.031465
0.031584
0.031425
0.031391
0.031331
0.031314
0.031313
0.031164
0.031399
0.031280
0.064343
0.033933
0.031463
0.031309
0.031425
0.031189
0.031136
0.031107
0.031284
0.041162
0.041074
0.034435
0.031211
0.031175
0.031251
0.031262
0.031205
0.031416
0.031581
0.031191
0.061007
0.031053
0.031169
0.031013
0.031029
0.030974
0.031013
0.031188
0.031031
0.030945
0.031051
0.031875
0.038903
0.031361
0.031103
0.031091
0.030906
0.031025
0.031024
0.030963
0.060841
0.030909
0.039687
0.031467
0.030857
0.031037
0.031083
0.031082
0.031171
0.031105
0.031066
0.031051
0.030802
0.030854
0.030834
0.030853
0.030799
0.030969
0.031008
0.030981
0.060210
0.030935
0.030977
0.034351
0.034314
0.031003
0.030899
0.031051
0.030671
0.030792
0.031002
0.030848
0.031100
0.031238
0.035373
0.033812
0.030810
0.030840
0.030682
0.030962
0.060519
0.030910
0.030717
0.030802
0.030750
0.030650
0.030620
0.030810
0.030679
0.030836
0.030778
0.030807
0.030693
0.030753
0.030673
0.052219
0.038945
0.031680
0.031614
0.031625
0.061373
0.031672
0.031781
0.031792
0.031725
0.044941
0.031864
0.030837
0.030910
0.030763
0.030574
0.030596
0.030505
0.030594
0.030601
0.030631
0.030605
0.030505
0.030479
0.030463
0.060261
0.030551
0.030717
0.030637
0.030607
0.030694
0.048658
0.040352
0.041433
0.031048
0.030752
0.030818
0.030572
0.030707
0.030822
0.054899
0.030928
0.030655
0.033359
0.031751
0.060152
0.030710
0.030623
0.031077
0.031067
0.030834
0.031347
0.031144
0.031294
0.031538
0.032043
0.032670
0.032556
0.032948
0.032326
0.031450
0.042107
0.030904
0.030651
0.030615
0.060539
0.030546
0.030643
0.030583
0.030590
0.030580
0.040539
0.031236
0.030628
0.030893
0.030757
0.030694
0.030778
0.030649
0.030797
0.030840
0.030537
0.030676
0.030734
0.030751
0.061243
0.030750
0.030677
0.030888
0.030772
0.039394
0.031078
0.030713
0.030874
0.030906
0.030604
0.030633
0.030651
0.030774
0.030929
0.030683
0.037185
0.031378
0.030732
0.030960
0.061475
0.031085
0.030759
0.031057
0.030994
0.031014
0.031098
0.030918
0.031047
0.031065
0.031234
0.031004
0.031081
0.031264
0.031121
0.031074
0.030991
0.033749
0.040353
0.039797
0.070413
0.040805
0.043390
0.043502
0.043579
0.068280
0.032593
0.030852
0.030822
0.031010
0.030754
0.030671
0.030727
0.030749
0.030757
0.031080
0.030851
0.030970
0.031061
0.031024
0.061525
0.030928
0.030831
0.030914
0.030824
0.030784
0.030944
0.030862
0.030704
0.030863
0.030818
0.030963
0.030844
0.031060
0.046799
0.033505
0.030989
0.030709
0.029216
0.030732
0.061030
0.030662
0.039706
0.037781
0.030983
0.030897
0.030684
0.031158
0.030752
0.030654
0.030962
0.030801
0.031374
0.030794
0.030792
0.051235
0.033376
0.030823
0.030850
0.030857
0.060611
0.031027
0.030944
0.031324
0.031035
0.039525
0.035064
0.030923
0.031006
0.031042
0.030998
0.031366
0.031042
0.031062
0.031113
0.031066
0.031087
0.031044
0.031261
0.031156
0.060843
0.031147
0.031094
0.031046
0.031156
0.031009
0.045666
0.033677
0.047170
0.032013
0.031956
0.043658
0.031118
0.031117
0.031067
0.031390
0.045905
0.030975
0.031026
0.031021
0.060596
0.031052
0.031142
0.031195
0.031577
0.031192
0.031215
0.031102
0.031672
0.031124
0.031035
0.031224
0.031329
0.031224
0.031255
0.031358
0.031117
0.045156
0.034246
0.031028
0.061608
0.031238
0.031056
0.031051
0.030946
0.031000
0.030948
0.040599
0.031178
0.031006
0.031072
0.030891
0.030824
0.031041
0.031040
0.031091
0.031044
0.031061
0.031122
0.031098
0.060488
0.031023
0.031104
0.030818
0.031041
0.031110
0.030960
0.031041
0.039099
0.031904
0.031791
0.032201
0.031761
0.031782
0.031807
0.032157
0.031400
0.031537
0.032635
0.034866
0.062036
0.031763
0.041228
0.041192
0.041334
0.045585
0.051443
0.071767
0.031684
0.031296
0.031303
0.031534
0.031260
0.052217
0.032290
0.031257
0.031296
0.031376
0.031401
0.031201
0.061294
0.031204
0.031291
0.049442
0.031646
0.031436
0.031621
0.031405
0.031280
0.031265
0.031359
0.031237
0.031320
0.031595
0.031182
0.031223
0.031151
0.031121
0.031105
0.031088
0.046900
0.031386
0.031075
0.046065
0.057682
0.031526
0.031056
0.031112
0.030870
0.031050
0.031398
0.031044
0.030942
0.031016
0.030857
0.034236
0.039727
0.039719
0.040080
0.043833
0.090084
0.031280
0.031011
0.031071
0.031184
0.031099
0.031241
0.030978
0.031027
0.031155
0.030907
0.031088
0.030869
0.031758
0.037299
0.031050
0.030639
0.030989
0.030771
0.030827
0.060457
0.030782
0.031039
0.030997
0.040306
0.031123
0.030936
0.030845
0.030808
0.030742
0.030905
0.029542
0.030847
0.031079
0.031005
0.030978
0.030987
0.030918
0.030712
0.030897
0.061924
0.030739
0.030590
0.030691
0.030643
0.050175
0.031339
0.030811
0.030617
0.030785
0.030835
0.030932
0.030595
0.030666
0.030779
0.030711
0.035451
0.033161
0.030917
0.030816
0.060221
0.030785
0.030634
0.030649
0.030628
0.030624
0.030831
0.030745
0.030696
0.030604
0.030740
0.030777
0.030583
0.030668
0.033571
0.040317
0.033079
0.042647
0.030882
0.030528
0.060738
0.030552
0.030654
0.030777
0.030763
0.030836
0.030950
0.035990
0.030197
0.030746
0.030663
0.030866
0.030821
0.030684
0.030749
0.030820
0.030764
0.030693
0.030747
0.030816
0.059143
0.030730
0.030736
0.030807
0.030799
0.030725
0.031092
0.030704
0.031302
0.037110
0.030998
0.030666
0.030668
0.030719
0.030792
0.042062
0.039885
0.039605
0.059762
0.039699
0.071116
0.030956
0.030711
0.030868
0.030857
0.030588
0.030713
0.030761
0.030720
0.030645
0.030699
0.030960
0.030817
0.030707
0.030758
0.031984
0.031384
0.031047
0.030842
0.060107
0.061359
0.030919
0.030822
0.030780
0.030966
0.030869
0.030730
0.030807
0.050271
0.037890
0.031041
0.030855
0.046852
0.030994
0.030877
0.030943
0.031092
0.030926
0.030900
0.030800
0.059915
0.030829
0.030989
0.031001
0.030767
0.030750
0.030941
0.030906
0.030910
0.035091
0.034006
0.030990
0.031194
0.031090
0.031101
0.030893
0.030867
0.030908
0.030953
0.031123
0.066911
0.031024
0.031021
0.030757
0.030962
0.031055
0.030860
0.031137
0.031146
0.031070
0.031161
0.030994
0.030878
0.030824
0.030810
0.020860
0.020789
0.030859
0.031402
0.031514
0.061258
0.034033
0.037748
0.046477
0.041327
0.032243
0.034528
0.032059
0.031683
0.031304
0.038322
0.031746
0.031204
0.031134
0.031464
0.031443
0.031604
0.031544
0.031511
0.031488
0.060520
0.031103
0.031392
0.031390
0.031102
0.031188
0.031108
0.030975
0.031022
0.031147
0.031267
0.052021
0.031280
0.031256
0.030819
0.031320
0.030825
0.031408
0.031407
0.031123
0.061697
0.042021
0.031459
0.031086
0.031121
0.031146
0.031390
0.031198
0.031310
0.031341
0.031377
0.031313
0.031250
0.031115
0.031035
0.031075
0.031463
0.030760
0.030929
0.030901
0.061397
0.030825
0.034503
0.034671
0.031060
0.031007
0.030922
0.030692
0.030892
0.031063
0.031132
0.031141
0.031008
0.036314
0.033892
0.031011
0.031135
0.031114
0.031147
0.031107
0.061414
0.031313
0.031575
0.031498
0.031451
0.031427
0.031525
0.031430
0.031387
0.031452
0.031587
0.031406
0.031527
0.031446
0.033760
0.034787
0.031491
0.031599
0.031500
0.031456
0.062258
0.031366
0.031425
0.031427
0.035227
0.034468
0.031314
0.031124
0.031148
0.031225
0.031367
0.031121
0.031259
0.031223
0.031332
0.031294
0.031494
0.031409
0.031291
0.031621
0.061571
0.031306
0.031461
0.031478
0.031397
0.036510
0.032003
0.031535
0.031555
0.031473
0.031219
0.031253
0.033674
0.041188
0.034504
0.033657
0.039805
0.032276
0.032174
0.032276
0.062053
0.032280
0.032179
0.031961
0.032059
0.032028
0.032106
0.031315
0.031314
0.031276
0.031369
0.031338
0.031394
0.031606
0.031574
0.056593
0.040977
0.040963
0.040906
0.043438
0.074397
0.044454
0.069991
0.055068
0.031750
0.031562
0.031494
0.031580
0.043910
0.043734
0.031535
0.031724
0.031527
0.031747
0.031387
0.031488
0.031481
0.031461
0.031343
0.031574
0.061007
0.040988
0.040413
0.040138
0.040200
0.043942
0.031713
0.031628
0.031479
0.031526
0.041683
0.031700
0.031593
0.031709
0.031665
0.031930
0.031807
0.031726
0.031949
0.031776
0.061959
0.031534
0.031522
0.031619
0.031507
0.031393
0.031069
0.031169
0.031145
0.031443
0.031291
0.040108
0.031628
0.031155
0.031300
0.031464
0.031562
0.031839
0.031944
0.031812
0.062355
0.034399
0.034317
0.031758
0.031813
0.031824
0.031752
0.031699
0.031635
0.032135
0.031696
0.031796
0.031662
0.031555
0.031684
0.031575
0.031457
0.043000
0.032157
0.031692
0.061417
0.054208
0.039664
0.032054
0.032078
0.032090
0.032004
0.032017
0.031907
0.031979
0.032166
0.054595
0.033588
0.041342
0.034905
0.031992
0.032062
0.031914
0.031873
0.031995
0.061662
0.032059
0.032243
0.048027
0.047870
0.047370
0.047207
0.047441
0.031999
0.059727
0.047238
0.031386
0.031285
0.031163
0.046789
0.031482
0.031375
0.031267
0.030377
0.044982
0.046554
0.046541
0.031255
0.031255
0.046184
0.031017
0.031097
0.031333
0.031202
0.031061
0.031204
0.046154
0.031330
0.031614
0.031810
0.031572
0.031497
0.063548
0.038080
0.031528
0.060989
0.031563
0.040696
0.040935
0.040793
0.040295
0.045711
0.037955
0.033975
0.031220
0.031477
0.031986
0.031883
0.031774
0.031301
0.031399
0.031375
0.031564
0.031650
0.031917
0.061816
0.032173
0.032404
0.032244
0.031940
0.031470
0.054255
0.032288
0.031033
0.031181
0.031111
0.031192
0.031887
0.031206
0.031242
0.031383
0.031350
0.041654
0.032066
0.047242
0.060904
0.031279
0.031310
0.031184
0.031291
0.031347
0.031248
0.031327
0.031222
0.031155
0.031341
0.031348
0.031543
0.031488
0.046636
0.046933
0.033035
0.035189
0.031254
0.046343
0.061151
0.031322
0.031331
0.031320
0.031339
0.031337
0.042131
0.031781
0.031444
0.031548
0.031532
0.031457
0.031580
0.042100
0.040931
0.040188
0.040308
0.040331
0.044423
0.044217
0.071314
0.032062
0.031871
0.031687
0.047576
0.033691
0.031673
0.031711
0.031661
0.031801
0.041149
0.041326
0.041336
0.075609
0.035714
0.032070
0.032119
0.032013
0.031921
0.031911
0.062927
0.031958
0.032809
0.032145
0.032026
0.032600
0.032124
0.032196
0.031883
0.031941
0.032201
0.041555
0.062508
0.042019
0.044776
0.045192
0.045397
0.045638
0.045733
0.045259
0.091700
0.045381
0.045234
0.059316
0.067830
0.034144
0.032325
0.032289
0.032537
0.045725
0.045387
0.045841
0.045589
0.046542
0.081874
0.032320
0.032344
0.032352
0.032208
0.032181
0.061721
0.032087
0.032339
0.053427
0.032198
0.032124
0.032119
0.032056
0.032030
0.032099
0.032058
0.031887
0.031783
0.032001
0.032018
0.032114
0.031905
0.047798
0.032043
0.047367
0.061304
0.031809
0.032214
0.039057
0.031826
0.041178
0.040844
0.040517
0.041395
0.041725
0.032295
0.031789
0.046195
0.032053
0.031744
0.031642
0.031823
0.031924
0.031880
0.031873
0.061191
0.031897
0.031759
0.032300
0.032692
0.031964
0.031862
0.032641
0.031868
0.031987
0.031928
0.031831
0.032385
0.041953
0.041131
0.041046
0.041746
0.044467
0.032064
0.032338
0.061793
0.051113
0.036250
0.032633
0.031991
0.032346
0.031417
0.031433
0.031492
0.031914
0.032397
0.032324
0.032390
0.032311
0.032153
0.031877
0.031588
0.032092
0.031784
0.032078
0.061791
0.044994
0.042927
0.032643
0.041968
0.040954
0.043303
0.047519
0.087719
0.048107
0.046992
0.046825
0.031579
0.031785
0.031945
0.047147
0.046919
0.031630
0.047031
0.047270
0.061817
0.046622
0.031434
0.040879
0.051121
0.040992
0.044852
0.057333
0.044822
0.044863
0.044678
0.056687
0.057806
0.032000
0.032069
0.032002
0.032253
0.031932
0.032044
0.032061
0.061253
0.031452
0.031611
0.031394
0.038372
0.040490
0.040490
0.031374
0.039059
0.051084
0.033378
0.040501
0.040296
0.044550
0.052749
0.034854
0.043197
0.031808
0.040401
0.031835
0.061874
0.031787
0.031352
0.031415
0.032476
0.031526
0.031290
0.031410
0.031163
0.031216
0.031523
0.031846
0.031435
0.031200
0.031647
0.032082
0.031941
0.031223
0.031949
0.052986
0.062464
0.031193
0.031536
0.031484
0.031448
0.031338
0.031250
0.031251
0.033470
0.036066
0.030874
0.030802
0.030831
0.030942
0.031159
0.031205
0.031392
0.031167
0.031273
0.031121
0.060662
0.031374
0.031267
0.031216
0.031404
0.031278
0.031423
0.031444
0.031391
0.031264
0.041870
0.031559
0.031240
0.031260
0.031352
0.031420
0.031274
0.031323
0.031073
0.031053
0.061190
0.032844
0.031304
0.031209
0.031153
0.031281
0.047119
0.046881
0.031507
0.031523
0.031375
0.046578
0.031297
0.031602
0.047194
0.031829
0.032591
0.032434
0.031961
0.031406
0.081375
0.031306
0.031374
0.031343
0.031223
0.031219
0.031292
0.031302
0.031298
0.058036
0.031962
0.032086
0.031449
0.036333
0.057070
0.032601
0.031451
0.031545
0.031549
0.031525
0.061909
0.031460
0.031454
0.031336
0.031468
0.031562
0.031337
0.031499
0.053159
0.032723
0.031615
0.031846
0.031613
0.031540
0.031529
0.031573
0.031515
0.031588
0.031487
0.043758
0.061699
0.031577
0.031516
0.031732
0.031693
0.031906
0.031659
0.031603
0.031866
0.031789
0.031868
0.031661
0.031635
0.031638
0.031897
0.031707
0.031968
0.031751
0.031773
0.031669
0.081111
0.032469
0.031903
0.037987
0.031678
0.031847
0.031891
0.031984
0.042778
0.034106
0.031887
0.031866
0.031798
0.031878
0.031808
0.031878
0.031955
0.031961
0.032163
0.032053
0.062497
0.032045
0.031891
0.031540
0.031758
0.032151
0.031892
0.031693
0.055429
0.041503
0.041117
0.041346
0.041822
0.045652
0.045685
0.045457
0.056862
0.044944
0.032210
0.032583
0.062477
0.031986
0.032221
0.032063
0.031862
0.032159
0.032334
0.032587
0.032779
0.032154
0.032318
0.032420
0.032242
0.032315
0.031985
0.032223
0.051634
0.036927
0.032183
0.032072
0.062845
0.032400
0.032315
0.032283
0.032372
0.061669
0.036401
0.032994
0.033029
0.032989
0.032908
0.032952
0.033674
0.032801
0.032293
0.032085
0.032030
0.032004
0.032405
0.032387
0.062618
0.032239
0.032668
0.032389
0.032375
0.051566
0.033189
0.032457
0.032301
0.032322
0.032348
0.032198
0.032331
0.032338
0.032288
0.035310
0.035990
0.033339
0.032574
0.032605
0.061983
0.032356
0.032445
0.032217
