0.417492
0.069264
0.040985
0.050348
0.030513
0.030201
0.030212
0.030117
0.030304
0.030213
0.030084
0.030205
0.030150
0.030004
0.030233
0.030233
0.030144
0.030374
0.030216
0.030197
0.054103
0.030301
0.030272
0.030269
0.035125
0.035752
0.030961
0.031441
0.030488
0.030386
0.030265
0.030365
0.030271
0.030363
0.030302
0.030995
0.036646
0.030620
0.030297
0.030292
0.059852
0.030329
0.030304
0.030314
0.030261
0.030229
0.030306
0.030374
0.030494
0.030404
0.030356
0.030404
0.030320
0.030313
0.030372
0.030271
0.030298
0.038150
0.032209
0.030494
0.060030
0.030223
0.030426
0.030411
0.030321
0.030248
0.030380
0.050426
0.030770
0.030499
0.030286
0.030389
0.030476
0.030438
0.030504
0.030437
0.030334
0.030427
0.046065
0.046262
0.046173
0.030512
0.046530
0.045834
0.045459
0.030669
0.030265
0.044816
0.030621
0.030370
0.030420
0.030390
0.030407
0.030299
0.030449
0.045531
0.030365
0.042693
0.034887
0.030366
0.060298
0.030305
0.030331
0.030341
0.030735
0.030400
0.030445
0.053296
0.043532
0.031368
0.030324
0.030417
0.030458
0.030462
0.030467
0.030515
0.030373
0.050423
0.030798
0.030363
0.059970
0.030474
0.030390
0.030377
0.030375
0.030626
0.030577
0.033262
0.039499
0.038839
0.030549
0.030665
0.030347
0.030403
0.030392
0.030455
0.030525
0.030419
0.030445
0.030463
0.060228
0.030391
0.030291
0.030382
0.030348
0.030327
0.030317
0.030354
0.053373
0.039212
0.038731
0.030440
0.030534
0.030383
0.030634
0.031106
0.031169
0.033484
0.037467
0.030391
0.059769
0.030258
0.030523
0.030394
0.030223
0.030275
0.030382
0.030298
0.030335
0.030401
0.030345
0.039010
0.038877
0.038830
0.038784
0.042867
0.059767
0.041442
0.039430
0.042908
0.073483
0.065480
0.069730
0.040186
0.042516
0.037966
0.031744
0.031536
0.031498
0.031529
0.031412
0.040058
0.039999
0.040088
0.040041
0.040226
0.040128
0.040179
0.040533
0.040801
0.085107
0.068268
0.062011
0.031256
0.030772
0.030769
0.030730
0.032208
0.040035
0.039270
0.039195
0.039210
0.041592
0.043037
0.043097
0.043144
0.042885
0.043044
0.043242
0.043244
0.073705
0.043074
0.043189
0.062717
0.043181
0.043126
0.043214
0.043334
0.043103
0.043146
0.043227
0.079265
0.043492
0.043184
0.043194
0.043730
0.043426
0.043592
0.043303
0.043193
0.072964
0.043174
0.043055
0.043435
0.043388
0.049892
0.043450
0.042974
0.043269
0.069609
0.060286
0.034639
0.037362
0.041762
0.040513
0.040349
0.040740
0.040751
0.048034
0.058329
0.061456
0.031316
0.031299
0.031006
0.031331
0.031251
0.031055
0.031129
0.031051
0.037121
0.036699
0.031038
0.031133
0.031044
0.030947
0.030931
0.030930
0.031208
0.030886
0.030965
0.087624
0.031020
0.031166
0.030961
0.031196
0.031025
0.031016
0.030851
0.030908
0.031072
0.030656
0.030684
0.030579
0.030594
0.030651
0.030638
0.030702
0.030558
0.030797
0.030581
0.060978
0.040538
0.039717
0.039589
0.039216
0.041305
0.043699
0.050828
0.061289
0.033664
0.031354
0.031454
0.031346
0.031426
0.031142
0.031122
0.031124
0.031025
0.030920
0.031144
0.061054
0.031048
0.031043
0.030956
0.031049
0.031110
0.031245
0.031111
0.030956
0.051989
0.033931
0.030930
0.030649
0.030912
0.031063
0.030805
0.030890
0.030964
0.030951
0.031002
0.086975
0.030921
0.030804
0.030919
0.030773
0.030693
0.030808
0.030708
0.030722
0.030714
0.030776
0.030671
0.030950
0.030834
0.030720
0.030587
0.030659
0.030711
0.030693
0.030807
0.069611
0.030660
0.030527
0.030507
0.030660
0.030778
0.030708
0.030714
0.030509
0.030678
0.035540
0.033760
0.030806
0.030679
0.030583
0.030666
0.031050
0.032786
0.031798
0.031026
0.061667
0.040711
0.043077
0.042973
0.042963
0.043141
0.043805
0.042971
0.071946
0.043411
0.042935
0.042853
0.056559
0.050002
0.056305
0.050627
0.030874
0.030797
0.030761
0.030539
0.059964
0.030287
0.030391
0.030269
0.030416
0.030876
0.030636
0.030312
0.030231
0.030130
0.030169
0.030152
0.030209
0.030199
0.031927
0.039607
0.038943
0.038882
0.042877
0.042977
0.089674
0.049239
0.039832
0.038936
0.042816
0.042952
0.042690
0.042678
0.042731
0.042803
0.060128
0.069522
0.062980
0.031938
0.043385
0.030810
0.030899
0.037968
0.038197
0.031044
0.060644
0.030719
0.030558
0.030531
0.030578
0.030642
0.030720
0.037031
0.036033
0.030995
0.030526
0.030456
0.030516
0.030598
0.030478
0.030607
0.030566
0.030685
0.030637
0.039144
0.069494
0.041518
0.042938
0.047227
0.054028
0.031045
0.044449
0.039145
0.048265
0.048970
0.031061
0.031841
0.031434
0.032893
0.030771
0.048534
0.032622
0.030700
0.030566
0.030316
0.059967
0.030341
0.030304
0.030162
0.030124
0.033490
0.039306
0.031061
0.030076
0.029971
0.029987
0.030019
0.029993
0.029973
0.030088
0.030900
0.038749
0.030341
0.030027
0.029978
0.059926
0.029998
0.029900
0.030013
0.029857
0.029891
0.045316
0.031244
0.030660
0.029957
0.029930
0.029777
0.029865
0.029896
0.030057
0.029864
0.029897
0.029937
0.029862
0.029831
0.059505
0.030003
0.030110
0.029966
0.029958
0.029912
0.029923
0.029857
0.046402
0.037660
0.030724
0.030577
0.030819
0.030784
0.030643
0.030620
0.030618
0.036411
0.019931
0.058869
0.059847
0.029876
0.029950
0.029913
0.029866
0.019930
0.019852
0.029894
0.030132
0.029988
0.030268
0.030009
0.030075
0.045899
0.030260
0.030207
0.029999
0.045413
0.030136
0.062386
0.062587
0.030927
0.030929
0.030959
0.031178
0.031205
0.031322
0.031240
0.047929
0.035441
0.031331
0.031368
0.031362
0.031406
0.031271
0.031311
0.030805
0.030632
0.030458
0.030437
0.060985
0.030339
0.030323
0.030335
0.030419
0.033684
0.030540
0.030522
0.038550
0.033480
0.030805
0.030801
0.030486
0.030732
0.030361
0.030879
0.030361
0.030595
0.049460
0.039172
0.068437
0.038844
0.053189
0.032809
0.045007
0.030402
0.030432
0.030499
0.030339
0.030376
0.030320
0.030338
0.031526
0.031423
0.030436
0.030328
0.030403
0.036984
0.035798
0.030414
0.060502
0.030543
0.030537
0.030392
0.030409
0.030471
0.030415
0.034596
0.039329
0.038535
0.038557
0.042268
0.047395
0.030376
0.030386
0.030341
0.030517
0.030352
0.030411
0.030503
0.060988
0.030521
0.030510
0.030513
0.030519
0.030638
0.030595
0.056098
0.038891
0.038573
0.038855
0.042103
0.051776
0.031559
0.085333
0.031477
0.030576
0.030388
0.030423
0.030443
0.060638
0.030463
0.030413
0.030619
0.030582
0.030462
0.030382
0.030363
0.030548
0.030417
0.030375
0.030393
0.030845
0.030326
0.030466
0.030437
0.044510
0.030639
0.030426
0.030410
0.061028
0.030592
0.030451
0.030396
0.030376
0.030346
0.042839
0.033594
0.030405
0.030384
0.030284
0.030345
0.030207
0.030381
0.030257
0.030463
0.030458
0.030256
0.030279
0.030467
0.060522
0.030520
0.030656
0.020661
0.020624
0.030645
0.030377
0.030327
0.035652
0.037459
0.030450
0.030432
0.030351
0.030385
0.030394
0.030351
0.030450
0.030491
0.020569
0.020489
0.069716
0.030730
0.030867
0.030762
0.031027
0.030828
0.031255
0.031112
0.031057
0.021508
0.021502
0.021405
0.021435
0.021459
0.021394
0.021397
0.031407
0.021338
0.021389
0.021342
0.021394
0.021331
0.021255
0.021331
0.021291
0.033981
0.028828
0.027993
0.027865
0.028075
0.028109
0.027775
0.027990
0.027780
0.028074
0.027392
0.029058
0.022408
0.021538
0.021284
0.021254
0.021201
0.021215
0.021201
0.021196
0.021178
0.031305
0.031092
0.030793
0.031102
0.030997
0.031417
0.031070
0.030651
0.030657
0.030657
0.030721
0.030568
0.030566
0.030586
0.080411
0.030615
0.030462
0.030497
0.030409
0.030395
0.030409
0.030415
0.030256
0.030375
0.030584
0.036910
0.030442
0.030274
0.030474
0.030486
0.030301
0.030371
0.030314
0.030356
0.059774
0.030378
0.030507
0.030344
0.030252
0.030286
0.030313
0.030531
0.030256
0.030402
0.030193
0.030247
0.046704
0.037071
0.030368
0.030401
0.030376
0.030361
0.030322
0.030286
0.060747
0.030144
0.033713
0.037538
0.030288
0.030351
0.030294
0.030287
0.030296
0.030331
0.030264
0.030209
0.030179
0.030256
0.020221
0.020178
0.020162
0.020211
0.030149
0.030071
0.061166
0.030194
0.030246
0.030413
0.030254
0.041348
0.033522
0.030320
0.030400
0.030343
0.030251
0.030330
0.030269
0.030211
0.030209
0.030365
0.039355
0.039127
0.038738
0.038785
0.069450
0.042477
0.042578
0.042807
0.042481
0.042709
0.042706
0.042780
0.055031
0.068358
0.079800
0.035912
0.030579
0.030533
0.030620
0.039425
0.040800
0.038852
0.030806
0.030349
0.080779
0.030353
0.030450
0.030567
0.030298
0.030321
0.030319
0.030446
0.030246
0.030522
0.030510
0.030444
0.030390
0.030381
0.030347
0.030447
0.030583
0.030504
0.030423
0.030578
0.060307
0.032732
0.030587
0.030458
0.030284
0.030144
0.030269
0.030156
0.030345
0.030276
0.030628
0.057081
0.039973
0.038544
0.038690
0.037274
0.033327
0.030458
0.030480
0.030427
0.060713
0.030459
0.030489
0.030339
0.030576
0.030676
0.030490
0.030761
0.030911
0.030725
0.030861
0.033982
0.040754
0.038688
0.031560
0.031735
0.031522
0.031554
0.031457
0.031424
0.061959
0.040823
0.036609
0.030598
0.030552
0.030680
0.030533
0.030525
0.030565
0.030471
0.030608
0.030512
0.030489
0.030598
0.030644
0.030456
0.030494
0.030610
0.030577
0.030529
0.059843
0.030611
0.049016
0.031766
0.030436
0.030519
0.030534
0.030547
0.030435
0.030389
0.030377
0.030420
0.030350
0.058552
0.031282
0.030341
0.030392
0.030366
0.030376
0.030396
0.061047
0.030497
0.030502
0.030561
0.030347
0.030583
0.030473
0.030561
0.030545
0.030522
0.030737
0.030466
0.033233
0.030461
0.030336
0.030390
0.030397
0.030394
0.030507
0.030459
0.060725
0.036549
0.040902
0.038962
0.038751
0.038878
0.042869
0.042719
0.043739
0.042989
0.042714
0.042945
0.042799
0.042893
0.042742
0.042964
0.042753
0.043089
0.065714
0.032389
0.065468
0.031100
0.030705
0.030780
0.030719
0.030939
0.042685
0.032973
0.030460
0.030690
0.030912
0.030647
0.030485
0.030577
0.030536
0.030622
0.030588
0.030680
0.030516
0.030591
0.060970
0.030577
0.030611
0.030793
0.030640
0.030725
0.030752
0.042015
0.032609
0.030665
0.030672
0.030645
0.030637
0.030609
0.030632
0.030651
0.030608
0.030865
0.034167
0.039788
0.069751
0.038832
0.030472
0.030539
0.030348
0.030538
0.030722
0.030640
0.030649
0.030610
0.030563
0.030687
0.030544
0.030575
0.030516
0.030671
0.030578
0.030555
0.030518
0.031849
0.070215
0.039082
0.039231
0.056508
0.049345
0.030629
0.030527
0.051493
0.031058
0.030618
0.030576
0.030592
0.030658
0.030612
0.030546
0.030538
0.030533
0.030554
0.030526
0.030565
0.060335
0.030500
0.030520
0.030449
0.030536
0.030613
0.030641
0.031152
0.033277
0.040106
0.039134
0.039192
0.039315
0.043071
0.043091
0.043242
0.070869
0.050221
0.030865
0.051597
0.070231
0.043084
0.043204
0.043216
0.043223
0.043441
0.043518
0.043362
0.050818
0.069454
0.068288
0.034269
0.030901
0.031273
0.030945
0.030942
0.031071
0.030836
0.032747
0.030897
0.063937
0.031192
0.030819
0.030719
0.030771
0.030642
0.030595
0.030803
0.030906
0.030935
0.030805
0.030661
0.030629
0.030670
0.030698
0.030683
0.030721
0.030774
0.031065
0.030861
0.061608
0.032768
0.033888
0.030649
0.030683
0.030706
0.030785
0.030709
0.030892
0.030817
0.030665
0.030679
0.035416
0.032744
0.030745
0.030816
0.030965
0.031144
0.030720
0.030547
0.060242
0.030630
0.030840
0.030683
0.030534
0.030497
0.030487
0.030484
0.030542
0.030507
0.030716
0.030659
0.030684
0.030751
0.039683
0.033323
0.030875
0.030699
0.030879
0.030791
0.060408
0.030918
0.031394
0.030801
0.042588
0.033161
0.030897
0.028837
0.030859
0.030890
0.030653
0.030690
0.030624
0.030991
0.030726
0.030869
0.030710
0.030791
0.030915
0.030802
0.060277
0.030854
0.030719
0.030805
0.031729
0.037083
0.031745
0.030746
0.030895
0.030944
0.030769
0.030646
0.030602
0.030625
0.030631
0.030677
0.050234
0.031551
0.031511
0.031576
0.062039
0.031759
0.031553
0.031646
0.032805
0.041235
0.034993
0.031665
0.031892
0.031929
0.031600
0.031546
0.031672
0.029662
0.031659
0.031521
0.054689
0.039628
0.039413
0.040287
