0.416678
0.032490
0.031071
0.030966
0.046661
0.031165
0.031137
0.031087
0.030812
0.030850
0.030802
0.030874
0.030786
0.031029
0.043395
0.042683
0.056528
0.070413
0.071042
0.055884
0.021442
0.028782
0.034816
0.031326
0.031438
0.031358
0.031707
0.031735
0.031850
0.031693
0.032190
0.031950
0.044843
0.032294
0.032609
0.032042
0.032454
0.032249
0.032161
0.031576
0.061870
0.031715
0.031643
0.021690
0.031590
0.021679
0.021756
0.031657
0.031667
0.031369
0.031232
0.051926
0.043444
0.027404
0.022139
0.021062
0.021079
0.021057
0.021096
0.021108
0.021044
0.021057
0.020988
0.020994
0.022133
0.027972
0.021393
0.021041
0.021037
0.021137
0.020994
0.020933
0.030921
0.031230
0.030860
0.030596
0.030697
0.030615
0.029770
0.030612
0.060196
0.030647
0.030429
0.030120
0.020285
0.020224
0.020271
0.030118
0.030362
0.049634
0.020872
0.020279
0.020268
0.020310
0.020271
0.020297
0.020284
0.020225
0.020274
0.020316
0.020311
0.020308
0.020220
0.020227
0.038668
0.031579
0.020336
0.030173
0.020388
0.030322
0.020359
0.030302
0.030421
0.030834
0.030616
0.030654
0.030619
0.030568
0.030737
0.030766
0.060467
0.031102
0.030752
0.030967
0.030924
0.030971
0.049497
0.033591
0.031396
0.031345
0.031467
0.031235
0.031118
0.031095
0.031039
0.030966
0.030708
0.040008
0.031883
0.031217
0.060661
0.031214
0.031191
0.031256
0.030989
0.031116
0.030706
0.030648
0.030765
0.030789
0.030803
0.030984
0.030797
0.030796
0.030902
0.030656
0.030697
0.031128
0.031670
0.032251
0.060185
0.030691
0.030709
0.030550
0.030622
0.028823
0.030972
0.030658
0.034149
0.036483
0.030607
0.030789
0.030547
0.030608
0.030539
0.030610
0.030570
0.030551
0.030649
0.030771
0.060283
0.030697
0.030762
0.030564
0.030473
0.030442
0.030545
0.030492
0.030616
0.030610
0.037842
0.030907
0.030682
0.030675
0.030629
0.030623
0.034459
0.040104
0.031540
0.030564
0.084746
0.033694
0.030702
0.030747
0.030726
0.030993
0.030831
0.030674
0.030906
0.030655
0.030657
0.030515
0.030342
0.030533
0.045774
0.030534
0.030916
0.030811
0.030588
0.030580
0.083578
