0.358328
0.031417
0.030892
0.030473
0.030621
0.030788
0.030618
0.030573
0.030794
0.030939
0.031644
0.034112
0.030954
0.031003
0.030808
0.030750
0.030782
0.030788
0.031346
0.030660
0.054678
0.030835
0.030485
0.030605
0.030802
0.030627
0.030527
0.030891
0.030545
0.028536
0.030554
0.030722
0.035735
0.031067
0.030486
0.030430
0.030682
0.030503
0.030717
0.030431
0.060233
0.030545
0.033309
0.033073
0.030629
0.030337
0.030357
0.030404
0.030467
0.030488
0.030597
0.030580
0.030507
0.030415
0.030483
0.030434
0.030510
0.030334
0.030511
0.030437
0.060906
0.030339
0.030490
0.030450
0.040319
0.033283
0.030400
0.030406
0.030264
0.030282
0.030232
0.030407
0.030215
0.030305
0.030282
0.041367
0.035366
0.030926
0.030445
0.030311
0.060106
0.030397
0.030451
0.030223
0.030508
0.030386
0.030382
0.030331
0.030462
0.030398
0.030314
0.030396
0.030354
0.030246
0.030321
0.030314
0.033921
0.032528
0.030381
0.030375
0.060442
0.030190
0.030334
0.030529
0.030272
0.030220
0.056021
0.032106
0.031133
0.031095
0.031255
0.031204
0.031187
0.031029
0.031074
0.031211
0.031074
0.031031
0.031086
0.030993
0.060830
0.031036
0.031348
0.031403
0.031287
0.031230
0.031275
0.052104
0.031791
0.031332
0.031209
0.031108
0.031221
0.031289
0.031142
0.031028
0.031117
0.031199
0.039447
0.031001
0.060685
0.030423
0.030682
0.030239
0.030349
0.030334
0.030308
0.030460
0.030627
0.030390
0.030580
0.030420
0.030565
0.030557
0.030361
0.030275
0.030553
0.030303
0.030245
0.046790
0.068313
0.030983
0.031062
0.031012
0.031029
0.031155
0.031099
0.031024
0.031011
0.056644
0.031100
0.030959
0.030962
0.030963
0.030944
0.030936
0.030938
0.030892
0.030924
0.030925
0.060600
0.030312
0.030175
0.030103
0.030231
0.030195
0.030097
0.030122
0.030125
0.030248
0.046447
0.040900
0.030201
0.030268
0.030061
0.030164
0.030146
0.030077
0.030212
0.030149
0.060835
0.033185
0.030137
0.030142
0.030168
0.030190
0.033961
0.040570
0.038833
0.038440
0.038589
0.048141
0.051650
0.042428
0.042469
0.042278
0.042386
0.065717
0.034164
0.030341
0.060928
0.030347
0.030340
0.030406
0.029989
0.030024
0.030133
0.030501
