0.506436
0.030704
0.030237
0.031213
0.029895
0.030550
0.029935
0.029965
0.029897
0.029942
0.034316
0.032800
0.029784
0.029994
0.029832
0.029865
0.029922
0.029781
0.029904
0.029886
0.053675
0.029712
0.029890
0.029738
0.029742
0.029783
0.029893
0.029806
0.029868
0.029849
0.029844
0.029792
0.032957
0.030872
0.029708
0.029910
0.029840
0.029877
0.029820
0.029934
0.059513
0.029853
0.029777
0.039436
0.038069
0.037915
0.037834
0.040854
0.042099
0.042153
0.048179
0.067605
0.040179
0.030096
0.030090
0.030150
0.030147
0.030040
0.029814
0.029891
0.063701
0.034935
0.029876
0.030336
0.030788
0.030515
0.030322
0.030495
0.030360
0.040936
0.055217
0.040698
0.030747
0.030651
0.030861
0.030817
0.039017
0.038993
0.038942
0.038771
0.069345
0.039047
0.039116
0.039185
0.039077
0.039093
0.038781
0.039093
0.054039
0.045500
0.062695
0.031639
0.054564
0.031088
0.030948
0.030947
0.055383
0.030599
0.029871
0.029926
0.059393
0.029860
0.030222
0.029870
0.029897
0.030032
0.029893
0.029944
0.029864
0.030151
0.029856
0.030305
0.030204
0.029887
0.029819
0.029922
0.029987
0.029780
0.047735
0.030119
0.059543
0.030111
0.029849
0.029864
0.037958
0.038097
0.037860
0.061597
0.040488
0.041957
0.041957
0.041913
0.042322
0.067379
0.066489
0.041915
0.041837
0.041843
0.042009
0.041939
0.071915
0.047485
0.045306
0.044513
0.030726
0.030740
0.030752
0.030924
0.030855
0.030908
0.030628
0.047984
0.030637
0.030609
0.030540
0.030973
0.030438
0.030631
0.030524
0.030595
0.060699
0.030599
0.029822
0.029804
0.029722
0.030078
0.029771
0.029848
0.029736
0.029884
0.029832
0.029847
0.052035
0.030283
0.029864
0.029864
0.030011
0.029890
0.029840
0.029830
0.060328
0.039365
0.044300
0.038114
0.037956
0.038203
0.043077
0.051428
0.029931
0.029954
0.030121
0.029858
0.029905
0.029997
0.029872
0.029905
0.029814
0.029904
0.030011
0.029803
0.059901
0.029861
0.040926
0.030608
0.030282
0.029821
0.029843
0.029956
0.029741
0.029819
0.029830
0.029918
0.029725
0.033887
0.031996
0.029876
0.029938
0.030100
0.030032
0.029898
0.059461
0.029950
0.029817
0.029856
0.029817
0.029947
0.029895
0.029796
0.029956
0.029861
0.029762
0.029866
0.029860
0.029954
0.030096
0.033504
0.044678
0.038025
0.038260
0.037973
0.072098
0.042188
0.042239
0.056495
0.045736
0.039134
0.031141
0.030939
0.031075
0.030991
0.030948
0.031113
0.030794
0.030775
0.030729
0.031550
0.030716
0.030733
0.030967
0.030776
0.060225
0.030937
0.030668
0.051428
0.037718
0.030829
0.046071
0.031690
0.030685
0.030691
0.030733
0.030746
0.055090
0.039150
0.038962
0.039184
0.038871
0.039140
0.039146
0.039069
0.069616
0.039074
0.039075
0.049215
0.064371
0.033007
0.030938
0.031249
0.052661
0.030552
0.030246
0.029967
0.029923
0.029997
0.029995
0.029934
0.030004
