0.576108
0.030568
0.030427
0.030391
0.030350
0.030522
0.030584
0.030383
0.030432
0.030705
0.030565
0.030540
0.030523
0.030585
0.030569
0.030534
0.030900
0.030538
0.030597
0.030570
0.055058
0.033353
0.030821
0.030539
0.030615
0.030505
0.030541
0.030579
0.030422
0.030533
0.030886
0.046311
0.033489
0.031260
0.031281
0.031372
0.031337
0.031461
0.031363
0.031303
0.061025
0.031377
0.031406
0.031297
0.030891
0.030614
0.030509
0.030681
0.030631
0.030496
0.030633
0.030764
0.039079
0.036620
0.030660
0.030746
0.030562
0.030568
0.030736
0.030526
0.060124
0.037895
0.030670
0.030608
0.030466
0.030542
0.030665
0.030629
0.030653
0.030749
0.030486
0.030616
0.030574
0.030680
0.030519
0.030711
0.030664
0.030964
0.030662
0.030508
0.060523
0.033228
0.033055
0.030665
0.030564
0.030864
0.030765
0.028674
0.030529
0.030654
0.030736
0.028642
0.047423
0.039786
0.039191
0.039368
0.039814
0.043133
0.043985
0.047549
0.070317
0.043505
0.043186
0.043185
0.040642
0.043488
0.043553
0.044830
0.053025
0.048597
0.070026
0.064094
0.036749
0.033390
0.031106
0.034164
0.040451
0.037687
0.036330
0.042581
0.060993
0.031174
0.031145
0.031105
0.031178
0.031132
0.030906
0.030919
0.031048
0.030900
0.030881
0.031053
0.030987
0.030967
0.030775
0.054686
0.044484
0.039578
0.039735
0.043575
0.073713
0.043874
0.063741
0.045448
0.048040
0.032186
0.032124
0.032322
0.032228
0.032014
0.032352
0.031844
0.031824
0.031833
0.031928
0.032010
0.031778
0.031800
0.032013
0.031784
0.061823
0.032031
0.039761
0.031490
0.031190
0.031278
0.031159
0.031168
0.052561
0.050802
0.031571
0.031208
0.036561
0.031256
0.031014
0.031147
0.031182
0.031055
0.031159
0.030962
0.060835
0.031232
0.031318
0.031164
0.031176
0.031273
0.031175
0.031029
0.031145
0.031088
0.031067
0.031240
0.031238
0.041001
0.039676
0.040195
0.040086
0.039715
0.031765
0.034819
0.061062
0.054603
0.031737
0.031286
0.031298
0.031354
0.031399
0.031305
0.031254
0.031446
0.031206
0.031251
0.031259
0.031326
0.037449
0.041612
0.036063
0.031161
0.031232
0.031367
0.060967
0.046791
0.032604
0.031276
0.031508
0.031641
0.031509
0.031615
0.031584
0.031615
0.031425
0.035150
0.041060
0.041025
0.040932
0.041141
0.043847
0.059295
0.037949
0.031657
0.061496
0.031597
0.031470
0.031614
0.031523
0.031570
0.031667
0.031760
0.031748
0.031662
0.058155
0.031641
0.031702
0.031861
0.031923
0.031823
0.031815
0.031832
0.031728
0.031893
0.092043
0.032698
0.033387
0.032650
0.032670
0.032625
0.032590
0.032706
0.032511
0.032959
0.032606
0.032725
0.032706
0.032810
0.032854
0.032764
0.032812
0.032686
0.032680
0.032664
0.085821
0.032811
0.032770
0.032932
0.032646
0.032674
0.032543
0.032812
0.033051
0.052974
0.032398
0.032177
0.032157
0.031912
0.032061
0.032072
0.032675
0.032117
0.032124
0.032140
0.061503
0.031950
0.032118
0.032208
0.032205
0.032107
0.032176
0.032423
0.032168
0.032222
0.048501
0.032322
0.032105
0.032359
0.032298
0.032203
0.032171
0.032445
0.032252
0.032166
0.067860
0.032217
0.032203
0.032207
0.032414
0.032365
0.032326
0.032300
0.032058
0.032226
0.032242
0.032255
0.032245
0.032187
0.032138
0.032147
0.032175
0.032073
0.040857
0.039558
0.063226
0.032600
0.032128
0.032040
0.032023
0.032144
0.032023
0.032235
0.032109
0.052584
0.032595
0.032162
0.031996
0.031858
0.031852
0.031832
0.032096
0.032013
0.031856
0.031964
0.062066
0.032144
0.031924
0.031841
0.031748
0.031942
0.031904
0.031380
0.031065
0.030932
0.041815
0.031409
0.030655
0.030849
0.030649
0.020449
0.020352
0.020465
0.020397
0.020418
0.020429
0.020418
0.020519
0.021273
0.027532
0.026837
0.026895
0.026684
0.020454
0.020464
0.020488
0.020512
0.020492
0.020530
0.020456
0.020789
0.020457
0.030561
0.020352
0.020323
0.020267
0.020380
0.030272
0.020122
0.020136
0.020234
0.020098
0.020561
0.020109
0.020200
0.020211
0.020119
0.020201
0.023710
0.020392
0.020118
0.020105
0.020103
0.020094
0.020003
0.020094
0.020041
0.020198
0.020152
0.020072
0.020216
0.020123
0.020113
0.022571
0.024514
0.020263
0.020172
0.020139
0.020144
0.020141
0.020104
0.020081
0.020122
0.020121
0.020111
0.020173
0.020084
0.020085
0.020100
0.020119
0.020232
0.020113
0.020155
0.020148
0.020266
0.020185
0.020057
0.020162
0.020064
0.020090
0.020093
0.020108
0.020078
0.020097
0.020160
0.020217
0.025858
0.020315
0.020106
0.020123
0.020144
0.019997
0.020022
0.020046
0.020121
0.020034
0.020094
0.020042
0.020139
0.020174
0.020084
0.020116
0.025866
0.020369
0.020157
0.020150
0.020033
0.020035
0.020082
0.020028
0.020232
0.020098
0.020062
0.020044
0.020115
0.020144
0.020116
0.020265
0.020059
0.020061
0.020086
0.020045
0.020004
0.020066
0.020028
0.020076
0.020062
0.020105
0.020077
0.020074
0.020300
0.020121
0.020072
0.020041
0.025450
0.022057
0.021455
0.023381
0.020709
0.020357
0.020073
0.020088
0.020030
0.020045
0.020112
0.020150
0.020132
0.020285
0.024373
0.020323
0.020202
0.020192
0.020306
0.020090
0.020138
0.020155
0.020214
0.020175
0.020156
0.020099
0.020175
0.020101
0.020103
0.020083
0.020123
0.020209
0.020140
0.020359
0.020155
0.019990
0.020097
0.020094
0.020120
0.020164
0.020163
0.020160
0.020053
0.020216
0.020158
0.043265
0.020417
0.020114
0.020172
0.020111
0.020021
0.020082
0.020124
0.020082
0.020189
0.020041
0.020057
0.020005
0.020004
0.020104
0.024014
0.026460
0.026060
0.026193
0.026232
0.020054
0.020155
0.020090
0.020075
0.020067
0.020341
0.020168
0.020039
0.020112
0.020126
0.020144
0.020158
0.020098
0.020210
0.021108
0.020259
0.020234
0.020217
0.020233
0.020287
0.020336
0.020303
0.020302
0.020191
0.020268
0.041175
0.022415
0.020340
0.020197
0.020344
0.020243
0.020244
0.020276
0.020230
0.020312
0.020240
0.020157
0.020247
0.020192
0.020329
