0.546832
0.038807
0.042642
0.042381
0.063131
0.066705
0.034068
0.030454
0.030322
0.030332
0.030307
0.030305
0.030128
0.030093
0.030079
0.030042
0.030037
0.030105
0.030081
0.030096
0.053813
0.030235
0.030087
0.030160
0.030120
0.030173
0.030474
0.033272
0.030098
0.030116
0.029974
0.030182
0.030086
0.030076
0.030064
0.030079
0.030145
0.030289
0.033183
0.030098
0.059765
0.030160
0.030179
0.030232
0.030145
0.030174
0.030802
0.031152
0.030229
0.030226
0.030267
0.030209
0.030350
0.030251
0.030241
0.030307
0.030244
0.030135
0.030545
0.039000
0.060388
0.030275
0.030132
0.030160
0.030102
0.030206
0.030323
0.030322
0.030186
0.040715
0.030472
0.030104
0.030160
0.030212
0.030131
0.030107
0.030192
0.030209
0.030102
0.030256
0.059769
0.030293
0.030151
0.030252
0.030159
0.030234
0.030147
0.030183
0.030246
0.030216
0.030205
0.039033
0.033057
0.030268
0.030152
0.030144
0.030237
0.030322
0.030204
0.030234
0.059934
0.050224
0.031922
0.031080
0.030974
0.031214
0.031064
0.031049
0.031013
0.031124
0.031662
0.030746
0.030200
0.030337
0.030278
0.030271
0.030295
0.030193
0.030202
0.030340
0.059920
0.030373
0.058778
0.030534
0.030307
0.030334
0.030325
0.030401
0.030397
0.030431
0.030453
0.030298
0.030525
0.051733
0.030455
0.030389
0.030317
0.030482
0.030413
0.030281
0.060144
0.030363
0.030395
0.030518
0.030355
0.030358
0.030378
0.030465
0.030502
0.030390
0.030238
0.030440
0.030403
0.030409
0.034615
0.032842
0.030559
0.030484
0.030416
0.030345
0.059962
0.030443
0.030462
0.030424
0.032939
0.033634
0.030483
0.030463
0.030493
0.030416
0.030468
0.030414
0.030560
0.030584
0.030509
0.030424
0.030447
0.030385
0.030456
0.031486
0.071062
0.030497
0.030461
0.030998
0.030746
0.044513
0.033312
0.030517
0.031021
0.030499
0.030632
0.030572
0.030622
0.030677
0.030555
0.030522
0.034358
0.040030
0.039410
0.038034
0.060282
0.030588
0.030549
0.030587
0.030712
0.030692
0.030618
0.030577
0.030459
0.030617
0.030746
0.030607
0.030520
0.030640
0.030653
0.031217
0.030538
0.038127
0.033628
0.030634
0.060521
0.030564
0.030657
0.030589
0.030683
0.030741
0.030515
0.051438
0.030991
0.030648
0.030875
0.030553
0.031167
0.031067
0.030954
0.030920
0.030991
0.031183
0.030988
0.031030
0.060727
0.031114
0.030972
0.031164
0.031031
0.031148
0.031181
0.031190
0.051995
0.031554
0.031225
0.031371
0.031371
0.031305
0.031370
0.031389
0.031491
0.031368
0.031324
0.045257
0.061568
0.031686
0.031527
0.031531
0.031666
0.031611
0.031650
0.031703
0.031816
0.031616
0.031780
0.031847
0.031798
0.031967
0.032053
0.032121
0.032055
0.032166
0.031947
0.054338
0.061563
0.032135
0.032143
0.032202
0.032155
0.032202
0.032288
0.032314
0.036174
0.036119
0.032202
0.032370
0.032388
0.032323
0.032493
0.032741
0.033259
0.033064
0.032864
0.032842
0.062790
0.033038
0.032835
0.032818
0.033120
0.032993
0.033217
0.033860
0.046007
0.047485
0.043358
0.044141
0.047281
0.034298
0.034595
0.033613
0.033746
0.054160
0.044679
0.048745
0.079220
0.069108
0.034169
0.030138
0.030137
0.030073
0.030238
0.030258
0.030204
0.030420
0.030317
0.030156
0.030305
0.030267
