0.401606
0.045636
0.044400
0.044454
0.044974
0.048377
0.048487
0.048096
0.047072
0.051526
0.072170
0.035084
0.034791
0.034537
0.034687
0.034653
0.034356
0.034655
0.034442
0.034328
0.057798
0.034162
0.034216
0.033505
0.033471
0.033415
0.045801
0.033228
0.033266
0.033346
0.033064
0.033234
0.032964
0.032814
0.032752
0.032750
0.036546
0.036549
0.032617
0.032600
0.062063
0.032694
0.033019
0.032650
0.032490
0.032454
0.032457
0.032502
0.032352
0.032484
0.032360
0.032337
0.032306
0.032226
0.032793
0.045063
0.042705
0.042221
0.045648
0.045815
0.076177
0.045571
0.051271
0.048577
0.042269
0.032890
0.032834
0.032743
0.032751
0.040791
0.032613
0.032785
0.032716
0.032511
0.032371
0.032537
0.032190
0.032497
0.032286
0.032217
0.061999
0.057845
0.032281
0.031188
0.031581
0.031295
0.031176
0.031313
0.031292
0.031291
0.031235
0.031290
0.043112
0.031484
0.031208
0.031145
0.031071
0.031045
0.031159
0.031023
0.060453
0.031013
0.031211
0.031019
0.031071
0.031059
0.030976
0.031033
0.031147
0.030949
0.030864
0.031113
0.031445
0.050977
0.031137
0.031011
0.030971
0.030066
0.030643
0.030694
0.060669
0.031284
0.031055
0.048233
0.031260
0.039984
0.039842
0.030983
0.031352
0.031085
0.046510
0.031086
0.031209
0.031199
0.031237
0.031327
0.031495
0.031357
0.031243
0.031282
0.060930
0.031373
0.031408
0.057469
0.031641
0.031415
0.031250
0.031284
0.031236
0.031316
0.031280
0.031314
0.031227
0.031314
0.044846
0.031566
0.031372
0.031409
0.031613
0.031534
0.060862
0.031433
0.031301
0.031420
0.031454
0.031354
0.031525
0.031700
0.031631
0.031427
0.031346
0.031265
0.031310
0.033628
0.034604
0.031242
0.031362
0.031375
0.032049
0.036977
0.068980
0.032113
0.031954
0.039860
0.040507
0.047710
0.068230
0.033324
0.033247
0.033176
0.032861
0.032862
0.032924
0.032733
0.032848
0.033048
0.033076
0.032785
0.032612
0.032761
0.063235
0.039150
0.032131
0.031879
0.031907
0.031748
0.031077
0.030977
0.031194
0.031504
0.031041
0.031403
0.040138
0.040421
0.041721
0.044988
0.044549
0.057959
0.070179
0.046053
0.075719
0.044544
0.044691
0.050782
0.086036
0.040385
0.053623
0.052539
0.039707
0.031749
0.045993
0.033616
0.038064
0.031295
0.030859
0.030681
0.030706
0.030734
0.030735
0.030664
0.061270
0.030476
0.046443
0.030361
0.030448
0.030504
0.045609
0.030412
0.030229
0.030401
0.030257
0.030314
0.038274
0.034731
0.036445
0.020126
0.030045
0.020051
0.020054
0.020019
0.020025
0.020064
0.020111
0.019997
0.020241
0.020051
0.025742
0.031764
0.030129
0.030229
0.030186
0.030284
0.030666
0.030187
0.030258
0.030217
0.030160
0.030291
0.030350
0.030320
0.060235
0.030385
0.030385
0.030294
0.030303
0.030454
0.030296
0.030310
0.037973
0.030616
0.030534
0.030453
0.030352
0.030456
0.030352
0.030207
0.030203
0.030203
0.035273
0.046660
0.068025
0.031032
0.031034
0.031033
0.030985
0.031115
0.031215
0.031401
0.031394
0.031165
0.031036
0.031141
0.031219
0.031135
0.031152
0.031122
0.031201
0.031140
0.031108
0.031387
0.069968
0.030476
0.030418
0.030676
0.030493
0.030614
0.030364
0.030329
0.030329
0.030250
0.053756
0.030829
0.030381
0.030438
0.030323
0.030500
0.030315
0.030379
0.030918
0.030263
0.060066
0.030271
0.030275
0.030332
0.030493
0.030228
0.030462
0.030217
0.040399
0.030583
0.030245
0.048641
0.030871
0.030246
0.030264
0.030373
0.030274
0.030370
0.030396
0.030396
0.059991
0.048042
0.031248
0.038742
0.038598
0.030309
0.031028
0.030444
0.030359
0.030433
0.030436
0.030330
0.030551
0.030366
0.030267
0.030323
0.031306
0.030186
0.030570
0.030267
0.060150
0.030317
0.034308
0.033480
0.038557
0.038754
0.038813
0.037224
0.030340
0.030375
0.030442
0.030327
0.031964
0.039337
0.038492
0.035321
0.030878
0.030644
0.030205
0.030173
0.059662
0.030251
0.030223
0.030214
0.030154
0.030328
0.030170
0.030559
0.030218
0.030173
0.030248
0.030120
0.030268
0.030354
0.033487
0.030077
0.030235
0.030394
0.030230
0.030176
0.059899
0.053161
0.030536
0.030216
0.030111
0.030553
0.020735
0.026174
0.037381
0.038523
0.026093
0.034893
0.029359
0.045312
0.030123
0.030185
0.045424
0.045865
0.045166
0.030131
0.061639
0.039279
0.030928
0.030238
0.030111
0.030105
0.030123
0.030066
0.030144
0.030038
0.030081
0.030018
0.045706
0.036018
0.030242
0.030101
0.030113
0.030254
0.030030
0.030071
0.059835
0.030093
0.030167
0.030133
0.030156
0.030010
0.030071
0.029999
0.030086
0.029967
0.029986
