0.439955
0.040414
0.031557
0.030865
0.030352
0.030351
0.030352
0.030410
0.030347
0.030286
0.030288
0.030410
0.030315
0.030358
0.030281
0.030224
0.030273
0.030305
0.030164
0.030291
0.056587
0.033323
0.030298
0.030426
0.031067
0.030178
0.030304
0.030220
0.030273
0.030275
0.030056
0.044620
0.031409
0.030354
0.030185
0.030274
0.030310
0.030174
0.030258
0.030259
0.059919
0.030241
0.030178
0.030293
0.030182
0.030318
0.030281
0.030224
0.030311
0.030390
0.030307
0.030308
0.030948
0.038174
0.030365
0.030415
0.030344
0.030326
0.030293
0.030335
0.060002
0.030246
0.030384
0.040342
0.030591
0.030305
0.030335
0.030325
0.030387
0.030427
0.030393
0.030701
0.030398
0.030433
0.031020
0.031333
0.030713
0.030477
0.030432
0.030304
0.060501
0.030349
0.030370
0.030312
0.047481
0.030810
0.030352
0.030527
0.030495
0.030424
0.030435
0.030353
0.030382
0.030416
0.032422
0.035772
0.030441
0.030374
0.030477
0.031048
0.060051
0.030445
0.030428
0.030416
0.030368
0.030418
0.030552
0.030318
0.030418
0.030416
0.030437
0.030416
0.030659
0.030611
0.030405
0.030584
0.037081
0.030996
0.030523
0.030599
0.060186
0.030476
0.028649
0.030600
0.030598
0.030580
0.033795
0.033870
0.030449
0.030566
0.030670
0.030505
0.030761
0.030573
0.030524
0.030626
0.030599
0.030742
0.031225
0.030519
0.060078
0.028602
0.030689
0.030821
0.030681
0.030558
0.030928
0.028649
0.034344
0.030799
0.030905
0.030837
0.030999
0.031008
0.031470
0.031107
0.031377
0.039822
0.039924
0.038123
0.060898
0.030998
0.031033
0.031058
0.030961
0.031066
0.031243
0.032516
0.031013
0.031047
0.031136
0.031137
0.031239
0.031202
0.031176
0.031265
0.031281
0.031142
0.031095
0.036011
0.068374
0.031323
0.031272
0.031307
0.031363
0.031366
0.031407
0.031591
0.031904
0.056074
0.033956
0.031982
0.031685
0.031605
0.031812
0.031845
0.031742
0.031810
0.031731
0.031936
0.061706
0.032035
0.032781
0.034386
0.043837
0.041732
0.041758
0.061447
0.032504
0.032285
0.032422
0.032372
0.032267
0.032275
0.032397
0.032266
0.059126
0.041779
0.032601
0.032775
0.062604
0.032908
0.032737
0.032940
0.032782
0.032546
0.032594
0.032645
0.032914
0.032654
0.032746
0.032559
0.032667
0.032710
0.032517
