0.587124
0.031387
0.031523
0.029986
0.029998
0.031776
0.030086
0.029974
0.030148
0.030071
0.030082
0.030033
0.030005
0.030044
0.030030
0.030019
0.051460
0.030306
0.030078
0.030050
0.053777
0.030204
0.030159
0.030999
0.030946
0.030119
0.056982
0.030970
0.030180
0.030206
0.030124
0.030176
0.030236
0.030126
0.030175
0.030315
0.030519
0.030582
0.030418
0.030459
0.060379
0.030645
0.030891
0.030845
0.031017
0.030859
0.030850
0.058663
0.030952
0.030496
0.030480
0.030531
0.030383
0.030416
0.030477
0.030431
0.030456
0.030585
0.042985
0.031074
0.060449
0.030462
0.030702
0.030638
0.030473
0.030605
0.030567
0.030480
0.030571
0.030444
0.030450
0.030638
0.030449
0.039236
0.030848
0.030651
0.030632
0.030859
0.030833
0.051884
0.069457
0.031739
0.031794
0.031927
