0.561091
0.062899
0.037863
0.039298
0.041736
0.066152
0.061904
0.037031
0.030009
0.029736
0.029820
0.029804
0.029773
0.029773
0.029903
0.030234
0.029912
0.029795
0.029760
0.029841
0.062246
0.029796
0.029869
0.029815
0.020011
0.020090
0.019920
0.020043
0.029787
0.019886
0.019929
0.019886
0.019864
0.022285
0.023399
0.025191
0.030690
0.020316
0.029803
0.030107
0.020106
0.020063
0.030000
0.029956
0.029996
0.030157
0.030087
0.030077
0.030147
0.030118
0.030218
0.030225
0.030320
0.030179
0.030138
0.020274
0.030257
0.042745
0.030910
0.020442
0.059847
0.030390
0.030235
0.030267
0.030433
0.030296
0.030271
0.040235
0.030478
0.029473
0.045552
0.045465
0.045350
0.045612
0.029283
0.029167
0.045541
0.029243
0.029215
0.029256
0.029197
0.029350
0.045728
0.045390
0.045665
0.045754
0.044975
0.030033
0.030206
0.045218
0.045229
0.030047
0.030179
0.030065
0.045649
0.052308
0.031002
0.030095
0.029911
0.029966
0.059523
0.029943
0.030121
0.029984
0.030042
0.045484
0.030005
0.045405
0.030067
0.030014
0.030139
0.030022
0.030060
0.030351
0.030072
0.030118
0.037158
0.030225
0.046171
0.030064
0.059998
0.030073
0.030076
0.030139
0.030074
0.032067
0.032163
0.030097
0.030151
0.030216
0.030109
0.030117
0.030011
0.030947
0.030154
0.030139
0.030199
0.030164
0.030157
0.030122
0.059775
0.030154
0.030304
0.030157
0.030203
0.030120
0.030276
0.038327
0.030310
0.030150
0.045703
0.030210
0.030202
0.030241
0.030273
0.030269
0.030210
0.039164
0.030704
0.030387
0.060054
0.030181
0.030180
0.031121
0.038228
0.037970
0.037934
0.037993
0.045564
0.051760
0.031572
0.031126
0.031038
0.031718
0.031098
0.031232
0.037158
0.030720
0.038549
0.038592
0.070256
0.042723
0.042890
0.042623
0.063772
0.045822
0.042289
0.031354
0.031343
0.031385
0.031403
0.031367
0.031326
0.031335
0.031686
0.031965
0.032157
0.032040
0.031835
0.031232
0.061209
0.031069
0.031078
0.054072
0.040600
0.040211
0.040217
0.044116
0.040155
0.033079
0.032275
0.032073
0.051311
0.040205
0.031578
0.031446
0.031622
0.031686
0.031880
0.032254
0.061633
0.032236
0.032203
0.032274
0.032712
0.032864
0.031726
0.031385
0.030830
0.030444
0.030920
0.030928
0.030957
0.040750
0.035774
0.030737
0.030990
0.030939
0.030801
0.031055
