0.567183
0.069104
0.057252
0.043324
0.044050
0.043665
0.043455
0.044453
0.067544
0.068866
0.053677
0.037763
0.030586
0.041063
0.030781
0.030618
0.030401
0.030657
0.056430
0.032380
0.062462
0.044426
0.056063
0.055817
0.043171
0.056132
0.042790
0.058999
0.067410
0.084208
0.055173
0.037616
0.039134
0.043333
0.043026
0.043644
0.058904
0.031871
0.058619
0.047619
0.052128
0.033133
0.030938
0.030709
0.030834
0.046067
0.030586
0.030526
0.046334
0.030606
0.030686
0.030501
0.028744
0.030586
0.030526
0.030598
0.030496
0.030757
0.044679
0.032839
0.060859
0.030642
0.030501
0.030459
0.030496
0.030802
0.030428
0.030476
0.038439
0.031541
0.030613
0.030879
0.030616
0.030638
0.030589
0.030546
0.030676
0.030594
0.030684
0.030823
0.060844
0.030688
0.030623
0.030612
0.030577
0.030541
0.030542
0.030614
0.030667
0.031528
0.034533
0.030502
0.030600
0.030496
0.030538
0.030639
0.031041
0.030664
0.030537
0.030511
0.066259
0.031125
0.030631
0.030526
0.030523
0.030572
0.030400
0.030281
0.030231
0.020290
0.020439
0.020152
0.020179
0.020198
0.020334
0.020203
0.020254
0.020152
0.020182
0.020204
0.020285
0.020241
0.020274
0.020253
0.020223
0.020227
0.020385
0.020191
0.025733
0.023273
0.020436
0.020239
0.020103
0.020263
0.020300
0.020222
0.020204
0.020253
0.020331
0.020258
0.020212
0.030180
0.020526
0.052030
0.030952
0.020624
0.020643
0.030619
0.030647
0.020681
0.029900
0.030182
0.020731
0.031919
0.027716
0.027125
0.027071
0.027288
0.030692
0.030900
0.030259
0.020994
0.030154
0.030730
0.030704
0.031105
0.045896
0.031780
0.032088
0.032052
0.032007
0.032434
0.032056
0.032001
0.032055
0.032339
0.058137
0.032894
0.032313
0.032390
0.062351
0.032150
0.032359
0.032409
0.032403
0.032478
0.032143
0.032062
0.032354
0.032089
0.032385
0.032186
0.031964
0.032060
0.032197
0.032142
0.035232
0.034912
0.031404
0.031545
0.060938
0.031422
0.031561
0.031446
0.031536
0.031582
0.051424
0.031916
0.031460
0.031533
0.031637
0.031982
0.031802
0.032019
0.032030
0.031996
0.032057
0.031921
0.031785
0.031847
0.061344
0.031808
0.046131
0.046351
0.046244
0.048976
0.032636
0.030537
0.030641
0.030529
0.030745
0.030613
0.030464
0.046072
0.030563
0.030583
0.039274
0.030856
0.046302
0.030521
0.061579
0.030736
0.030597
0.030532
0.030540
0.030889
0.030536
0.030529
0.030541
0.030516
0.030444
0.045987
0.030480
0.030624
0.030590
0.030960
0.036558
0.031273
0.030705
0.031137
0.060449
0.031472
0.031462
0.031199
0.031755
0.032293
0.047988
0.032186
0.031956
0.031670
0.031922
0.031769
0.031698
0.031612
0.031781
0.031832
0.031805
0.031721
0.031645
0.039824
0.070929
0.040046
0.040039
0.031286
0.031161
0.045447
0.031552
0.032012
0.031696
0.031494
0.031615
0.031620
0.031538
0.031585
0.031530
0.034764
0.034745
0.031459
0.031538
0.031727
0.061339
0.031933
0.031913
0.031893
0.032236
0.032064
0.031678
0.031807
0.031747
0.031633
0.031508
0.031748
0.032158
0.032092
0.031802
0.031842
0.044810
0.032176
0.031832
0.032012
0.061507
0.032161
0.032120
0.032231
0.032237
0.031864
0.040598
0.031472
0.031200
0.031256
0.031708
0.031272
0.031322
0.031423
0.031185
0.031926
0.031610
0.031442
0.031229
0.031529
0.060358
0.031227
0.031363
0.031387
0.031598
0.031612
0.031604
0.047533
0.031695
0.031374
0.031321
0.031256
0.031367
0.031362
0.031389
0.031461
0.031666
0.031348
0.041007
0.031343
0.060689
0.031343
0.031105
0.031547
0.030799
0.030950
0.031006
0.030753
0.030672
0.030669
0.030661
0.030659
0.030780
0.031038
0.031025
0.031136
0.031133
0.031548
0.031392
0.036480
0.062751
0.031451
0.032029
0.031697
0.031705
0.031833
0.031704
0.031638
0.031647
0.036896
0.033567
0.031678
0.031655
0.031497
0.031364
0.031026
0.030739
0.030765
0.030808
0.030772
0.046086
0.030618
0.030837
0.030761
0.045962
0.030621
0.030674
0.046999
0.031879
0.048409
0.034134
0.030694
0.030649
0.030568
0.030733
0.030612
0.030807
0.030681
0.030670
0.030881
0.071815
0.031082
0.031148
0.030970
0.030955
0.030886
0.030732
0.030632
0.031298
0.030793
0.030679
0.030613
0.030637
0.030684
0.031100
0.030797
0.030625
0.030549
0.030687
0.030748
0.060270
0.033972
0.030762
0.037027
0.030668
0.030818
0.030646
0.030602
0.030781
0.030626
0.030733
0.035536
0.033991
0.030725
0.030710
0.030855
0.030761
0.030709
0.030740
0.030781
0.060362
0.030718
0.030687
0.030631
0.030680
0.030799
0.030782
0.030719
0.030834
0.030682
0.031193
0.031623
0.055242
0.032925
0.031943
0.031878
0.031983
0.031849
0.032108
0.032323
0.061425
0.032300
0.043891
0.032490
0.032245
0.032682
0.032266
0.032222
0.032229
0.031897
0.031791
0.031104
0.045947
0.030975
0.030714
0.030640
0.030718
0.030648
0.030802
0.030669
0.060538
0.031178
0.049889
0.032166
0.030797
0.028807
0.030766
0.030685
0.030740
0.030675
0.044023
0.030872
0.030702
0.040142
0.031155
0.030729
0.030762
0.030675
0.030740
0.031159
0.045808
0.030746
0.046434
0.030719
0.030561
0.030530
0.030580
0.030568
0.030688
0.045890
0.030567
0.030496
0.045887
0.050430
0.030649
0.048259
0.031222
0.030652
0.030586
0.030627
0.060318
0.030644
0.054224
0.030856
0.030508
0.030462
0.030665
0.030525
0.030493
0.030395
0.030677
0.030480
0.030559
0.030420
0.030557
0.030639
0.030723
0.030689
0.030533
0.030470
0.060240
0.030672
0.030671
0.035882
0.032794
0.030674
0.030862
0.030654
0.030752
0.030856
0.030875
0.030706
0.030737
0.030788
0.036314
0.032286
0.030589
0.030580
0.030687
0.030818
0.060266
0.030671
0.030955
0.030787
0.030666
0.030780
0.030765
0.030889
0.031603
0.030868
0.030918
0.030657
0.030701
0.030659
0.030690
0.033931
0.034161
0.031242
0.030648
0.030670
0.061669
0.030799
0.030695
0.030658
0.030847
0.050990
0.031282
0.030803
0.031199
0.030894
0.030750
0.030627
0.030735
0.030588
0.031077
0.030733
0.030919
0.031105
0.031064
0.030926
0.061069
0.031825
0.031525
0.031303
0.031358
0.031511
0.037107
0.039069
0.031571
0.031322
0.031201
0.031315
0.031007
0.031103
0.031285
0.031161
0.030950
0.048542
0.033528
0.032147
0.062756
0.032073
0.031961
0.031796
0.031902
0.031918
0.031878
0.032075
0.031968
0.031767
0.031739
0.032124
0.032277
0.031424
0.031421
0.031471
0.031409
0.034811
0.041486
0.031377
0.062061
0.031274
0.031036
0.035397
0.042562
0.039673
0.040349
0.038850
0.030972
0.030839
0.030779
0.031029
0.028766
0.030813
0.031108
0.031263
0.031108
0.030992
0.030727
0.030812
0.060916
0.030644
0.030827
0.030782
0.031226
0.030658
0.050417
0.039175
0.031870
0.031924
0.031748
0.031441
0.031412
0.031410
0.031586
0.030922
0.034916
0.040296
0.039848
0.039953
0.075038
0.031211
0.031196
0.031135
0.031164
0.031119
0.031159
0.031172
0.031751
0.031243
0.031031
0.031074
0.031181
0.031503
0.031131
0.031356
0.041086
0.038132
0.031378
0.031460
0.061034
0.031477
0.031374
0.031495
0.031654
0.059032
0.040783
0.040711
0.040010
0.031640
0.031542
0.031641
0.031675
0.031741
0.031605
0.031726
0.031719
0.031692
0.032198
0.031721
0.061266
0.044577
0.038799
0.042208
0.041154
0.040492
0.046997
0.031872
0.031728
0.031883
0.031358
0.031330
0.040863
0.034811
0.030751
0.030797
0.030792
0.030668
0.031013
0.030658
0.061440
0.030900
0.031250
0.031462
0.031823
0.031731
0.031728
0.031609
0.031679
0.031532
0.031559
0.031631
0.031547
0.039319
0.041204
0.040674
0.040847
0.040770
0.031574
0.031500
0.062021
0.031057
0.044961
0.034244
0.032630
0.031268
0.031148
0.031211
0.031006
0.031281
0.031079
0.031056
0.031220
0.031371
0.031408
0.031436
0.031189
0.031332
0.031418
0.031170
0.061136
0.031434
0.037503
0.032586
0.031450
0.031525
0.031431
0.031390
0.031316
0.031320
0.031664
0.031420
0.031310
0.048119
0.035106
0.032382
0.032210
0.032312
0.032310
0.032300
0.061860
0.032225
0.032188
0.032067
0.031952
0.032128
0.032069
0.031962
0.032168
0.032139
0.032073
0.032234
0.032292
0.052189
0.039763
0.032273
0.031926
0.032285
0.031990
0.032002
0.061401
0.032422
0.041517
0.040998
0.041208
0.041401
0.041640
0.041475
0.041168
0.041117
0.041083
0.040767
0.040971
0.040962
0.040897
0.067175
0.053651
0.047406
0.040895
0.040625
0.061588
0.031017
0.030828
0.030769
0.031058
0.031024
0.033895
0.037924
0.030731
0.030818
0.028844
0.031171
0.031130
0.031138
0.031150
0.031137
0.031079
0.031134
0.031214
0.031141
0.062073
0.031264
0.031270
0.031435
0.031442
0.031321
0.031360
0.039504
0.035607
0.031364
0.031370
0.031471
0.031521
0.031413
0.031353
0.031414
0.031214
0.031220
0.035359
0.031104
0.060745
0.031196
0.031196
0.031337
0.044309
0.040289
0.039785
0.039922
0.039882
0.043807
0.055731
0.031218
0.031314
0.031313
0.031980
0.033653
0.039265
0.031710
0.031151
0.031183
0.061229
0.031196
0.031448
0.031399
0.031252
0.031197
0.039493
0.032160
0.031176
0.031182
0.031125
0.031081
0.031166
0.031171
0.031335
0.031183
0.031090
0.031170
0.031214
0.031304
0.061695
0.031382
0.031083
0.030847
0.031112
0.030741
0.030820
0.043999
0.031187
0.030713
0.030424
0.030294
0.030375
0.030413
0.030474
0.030464
0.030602
0.034812
0.033807
0.030576
0.060640
0.030555
0.030520
0.030500
0.030456
0.030628
0.030814
0.030823
0.030774
0.030668
0.030727
0.030770
0.031405
0.030664
0.030781
0.030702
0.030830
0.028808
0.028882
0.039852
0.070131
0.038974
0.039249
0.046031
0.052077
0.030556
0.037918
0.037074
0.030793
0.030878
0.030787
0.030882
0.030965
0.030801
0.030836
0.030662
0.030843
0.030777
0.030708
0.030610
0.060576
0.030363
