0.528536
0.030764
0.028635
0.030605
0.030918
0.030910
0.030728
0.030607
0.028585
0.030499
0.030529
0.032008
0.031532
0.030747
0.030510
0.030568
0.030530
0.030555
0.031819
0.031343
0.054263
0.041227
0.032277
0.030528
0.030549
0.028526
0.030582
0.030761
0.030916
0.030523
0.030520
0.047732
0.035048
0.030616
0.030404
0.030574
0.030647
0.030931
0.030709
0.030924
0.060281
0.030743
0.030776
0.030535
0.030792
0.030456
0.030742
0.030677
0.030483
0.030596
0.030616
0.030527
0.048452
0.030918
0.030541
0.030839
0.031010
0.030923
0.030945
0.031015
0.060393
0.030645
0.052145
0.031399
0.030678
0.030791
0.030796
0.030693
0.030770
0.030517
0.030631
0.030639
0.028660
0.030678
0.030779
0.030672
0.030487
0.030510
0.030703
0.030545
0.061053
0.030948
0.030784
0.038460
0.031588
0.030771
0.030877
0.030936
0.030980
0.031012
0.030743
0.030949
0.030825
0.030793
0.044560
0.031119
0.030875
0.030944
0.031027
0.030998
0.060424
0.030841
0.030923
0.030926
0.030953
0.031008
0.039901
0.039981
0.039883
0.043848
0.046565
0.031079
0.031728
0.055461
0.031749
0.030715
0.030821
0.030840
0.030978
0.031046
0.060729
0.031070
0.031143
0.040510
0.033974
0.031052
0.031133
0.031178
0.031108
0.030981
0.031048
0.030915
0.031000
0.030762
0.030842
0.031014
0.030875
0.030559
0.031007
0.030879
0.061631
0.031383
0.031312
0.058379
0.039885
0.031161
0.031091
0.031378
0.031165
0.031012
0.031054
0.030880
0.030921
0.038532
0.041098
0.039484
0.039311
0.037443
0.030590
0.030910
0.060635
0.030850
0.030946
0.031293
0.031022
0.030864
0.030799
0.030815
0.030602
0.030658
0.030915
0.030849
0.031017
0.061658
0.032754
0.031389
0.031616
0.031683
0.031645
0.031216
0.060605
0.030986
0.057581
0.037213
0.038997
0.039046
0.039125
0.042955
0.043466
0.043450
0.061120
0.061037
0.032505
0.033759
0.030845
0.031377
0.030824
0.031108
0.031082
0.054168
0.070156
0.039557
0.043031
0.043760
0.043488
0.050051
0.069984
0.042787
0.043834
0.043729
0.043815
0.043834
0.043578
0.043742
0.043815
0.040744
0.040583
0.043588
0.049308
0.071086
0.093285
0.031657
0.031409
0.031143
0.031075
0.030933
0.031023
0.031024
0.030823
0.031111
0.033372
0.036389
0.037533
0.030744
0.033974
0.037013
0.030778
0.031070
0.030945
0.030975
0.060941
0.031301
0.031324
0.031255
0.031186
0.031179
0.031353
0.040601
0.040384
0.040490
0.063003
0.041845
0.041572
0.041545
0.041343
0.041234
0.041346
0.041044
0.063646
0.032514
0.061422
0.031839
0.031458
0.031042
0.031184
0.031276
0.031067
0.031053
0.030993
0.030859
0.031018
0.031046
0.030998
0.031047
0.030890
0.030931
0.055880
0.040460
0.039841
0.039853
0.062112
0.030952
0.030997
0.030837
0.030907
0.054028
0.030833
0.030567
0.030895
0.030974
0.031099
0.031120
0.031103
0.030998
0.030974
0.030983
0.031084
0.031051
0.031104
0.031008
0.060439
0.031036
0.031046
0.031067
0.031152
0.031050
0.037762
0.034042
0.030590
0.030457
0.030725
0.030611
0.030991
0.030999
0.030820
0.030933
0.028762
0.034367
0.030657
0.030739
0.060458
0.030842
0.030926
0.031003
0.030978
0.030979
0.030865
0.030689
0.028761
0.030674
0.030537
0.030605
0.030880
0.030932
0.031469
0.030946
0.031115
0.031092
0.042528
0.031309
0.060811
0.031112
0.031049
0.030897
0.030671
0.030648
0.030776
0.030596
0.039279
0.031497
0.030943
0.031088
0.031106
0.030998
0.031178
0.031112
0.030973
0.031042
0.030945
0.028745
0.060417
0.030675
0.030774
0.031013
0.030974
0.030995
0.030967
0.030981
0.051950
0.031459
0.031101
0.031080
0.030629
0.030761
0.031569
0.031586
0.030893
0.030751
0.031012
0.039294
0.060460
0.031025
0.031185
0.031102
0.031163
0.030933
0.031072
0.031092
0.031204
0.031045
0.030977
0.031043
0.030655
0.030512
0.030734
0.030946
0.030910
0.031065
0.030916
0.031418
0.071355
0.040192
0.039717
0.041106
0.043450
0.043518
0.043313
0.076238
0.031812
0.030704
0.030953
0.031060
0.031004
0.030939
0.030674
0.030642
0.030682
0.030597
0.030556
0.030571
0.060034
0.030434
0.030581
0.030668
0.030551
0.030679
0.030631
0.050844
0.030790
0.030645
0.030593
0.030694
0.030707
0.030796
0.030642
0.030716
0.030614
0.031770
0.038050
0.030727
0.060518
0.030537
0.031661
0.030590
0.030583
0.030568
0.030661
0.031526
0.030939
0.030747
0.030735
0.030664
0.030628
0.030926
0.030775
0.030806
0.030766
0.030864
0.042041
0.034325
0.060759
0.030930
0.031025
0.030688
0.030699
0.030752
0.030665
0.030660
0.042775
0.031865
0.031540
0.031436
0.031486
0.031558
0.031674
0.031558
0.031657
0.031551
0.031625
0.031605
0.061009
0.031490
0.031579
0.031636
0.031543
0.032348
0.020726
0.020744
0.031622
0.042753
0.044382
0.031404
0.020542
0.020577
0.020577
0.020559
0.020534
0.031339
0.031079
0.031151
0.071284
0.037530
0.030327
0.030202
0.030257
0.030305
0.030332
0.030287
0.030274
0.030118
0.030290
0.030326
0.030266
0.030276
0.030396
0.030243
0.030249
0.030315
0.030385
0.030296
0.060046
0.034374
0.034403
0.030289
0.030394
0.030366
0.030346
0.030405
0.030406
0.030467
0.030555
0.030491
0.055959
0.031981
0.031235
0.031291
0.031320
0.031182
0.031160
0.031210
0.060686
0.030794
0.030510
0.030549
0.030451
0.030400
0.030518
0.030474
0.030486
0.030486
0.030473
0.030521
0.030561
0.052584
0.031269
0.030367
0.030598
0.030434
0.030500
0.030482
0.060348
0.030621
0.030482
0.042165
0.030784
0.030544
0.030607
0.030555
0.030493
0.030492
0.030428
0.030462
0.030497
0.030487
0.030497
0.030334
0.030501
0.030514
0.030573
0.030432
0.060141
0.030479
0.030485
0.030608
0.033371
0.039751
0.038998
0.038788
0.038827
0.041507
0.042878
0.042690
0.043005
0.042905
0.038709
0.031464
0.044378
0.031585
0.031753
0.031444
0.061028
0.031399
0.031326
0.031316
0.031346
0.031405
0.031332
0.030700
0.030619
0.030485
0.030611
0.030585
0.030543
0.040548
0.036336
0.030663
0.030576
0.030760
0.030713
0.030771
0.060256
0.030719
0.030648
0.038524
0.031176
0.031041
0.030702
0.030831
0.031770
0.031103
0.030704
0.030803
0.030787
0.030815
0.030870
0.030805
0.030653
0.030562
0.030627
0.030635
0.060156
0.030672
0.030637
0.030692
0.037837
0.031076
0.030655
0.030462
0.030396
0.030495
0.030475
0.030499
0.030555
0.030576
0.056528
0.030990
0.030404
0.030527
0.030370
0.030551
0.060030
0.030440
0.030591
0.030594
0.030455
0.030506
0.030468
0.030567
0.030479
0.030487
0.030486
0.030423
0.030446
0.030516
0.030440
0.038835
0.030486
0.030484
0.030604
0.030659
0.060169
0.030732
0.030560
0.030389
0.034465
0.030405
0.030557
0.030498
0.030420
0.030380
0.030519
0.030489
0.030482
0.030457
0.030426
0.030509
0.030418
0.030476
0.030578
0.030443
0.060091
0.030427
0.030455
0.030501
0.030568
0.037959
0.031010
0.030547
0.040625
0.034302
0.030874
0.030617
0.030497
0.030654
0.030563
0.033990
0.032716
0.030771
0.030951
0.030661
0.060549
0.030685
0.030709
0.030611
0.030655
0.030677
0.030675
0.030596
0.030721
0.030699
0.030674
0.031065
0.030824
0.030557
0.030547
0.030595
0.031820
0.033747
0.030541
0.031644
0.060079
0.030692
0.030622
0.030757
0.030739
0.030875
0.052023
0.031033
0.030686
0.030613
0.030676
0.030688
0.030706
0.030725
0.030541
0.030820
0.033017
0.040972
0.039532
0.039189
0.069294
0.043240
0.043149
0.043195
0.061050
0.043944
0.043483
0.043458
0.043133
0.043170
0.043016
0.042903
0.070335
0.043189
0.042750
0.042959
0.043075
0.042951
0.042919
0.042876
0.073092
0.043080
0.042947
0.069518
0.066511
0.032803
0.045558
0.039670
0.039909
0.050283
0.052150
0.031016
0.031035
0.031000
0.030967
0.046511
0.034809
0.030807
0.030594
0.030567
0.060534
0.030766
0.030722
0.030557
0.030723
0.030544
0.030673
0.030844
0.030515
0.030582
0.030468
0.030506
0.030428
0.030390
0.030424
0.030365
0.034169
0.032387
0.030489
0.030474
0.060295
0.031065
0.030876
0.030642
0.030628
0.030645
0.048737
0.031843
0.031103
0.031368
0.031392
0.031197
0.031056
0.031076
0.031254
0.031098
0.031054
0.031132
0.030970
0.030953
0.060600
0.030298
0.030608
0.030537
0.030482
0.030531
0.030395
0.057345
0.040008
0.040042
0.031204
0.031484
0.031408
0.031401
0.031674
0.031445
0.031726
0.056258
0.032286
0.031108
0.060669
0.031085
0.031043
0.030797
0.030592
0.030735
0.030768
0.030983
0.032460
0.031507
0.031057
0.031610
0.038472
0.040024
0.040166
0.031255
0.032616
0.039993
0.031277
0.031273
0.061077
0.031226
0.031318
0.031237
0.031214
0.031551
0.058651
0.032779
0.031985
0.032217
0.032395
0.031934
0.031896
0.031900
0.031801
0.031615
0.032135
0.031926
0.031862
0.032037
0.061580
0.031836
0.031694
0.032154
0.032335
0.032377
0.053005
0.031817
0.031844
0.041093
0.048533
0.044560
0.044505
0.044645
0.068846
0.048022
0.060274
0.033248
0.032747
0.032180
0.061969
0.031898
0.032175
0.032055
0.031872
0.031356
0.031616
0.031243
0.031573
0.031218
0.031095
0.031257
0.031325
0.040864
0.031202
0.031160
0.031194
0.031082
0.031231
0.031206
0.060522
0.040207
0.051484
0.039138
0.031689
0.031650
0.029735
0.031636
0.031604
0.031391
0.031525
0.031632
0.031850
0.031914
0.031950
0.031940
0.032090
0.031873
0.031174
0.031209
0.060895
0.031326
0.054480
0.039968
0.032012
0.031962
0.032220
0.032202
0.032312
0.032230
0.032280
0.032203
0.060113
0.034076
0.031528
0.031620
0.031740
0.031740
0.031913
0.032047
0.061446
0.031783
0.031827
0.031898
0.031881
0.031963
0.032028
0.031826
0.031972
0.032042
0.032000
0.032854
0.052566
0.036579
0.032510
0.032655
0.032823
0.032726
0.033233
0.032841
0.062660
0.057224
0.042816
0.033946
0.034026
0.033933
0.034000
0.034059
0.033951
0.033735
0.034261
0.034107
0.034308
0.033927
0.033774
0.034130
0.033863
0.033873
0.033134
0.033079
0.075054
0.036626
0.033045
0.033098
0.032940
0.032904
0.032839
0.032917
0.032845
0.032741
0.046813
0.034030
0.032777
0.032855
0.032764
0.032684
0.032780
0.032704
0.032699
0.032669
0.062629
0.032673
0.032667
0.032590
0.032840
0.032826
0.032905
0.032913
0.032623
0.032507
0.052543
0.033012
0.032571
0.032382
0.031947
0.031564
0.031388
0.031547
0.031935
0.031963
0.064363
0.032309
0.032036
0.032079
0.031851
0.032084
0.031767
0.031886
0.031928
0.031742
0.031820
0.031824
0.031661
0.031505
0.031342
0.031341
0.031297
0.031245
0.031293
0.031317
0.060858
0.042566
0.031290
0.031153
0.031280
0.031240
0.031223
0.031287
0.031268
0.031143
0.031217
0.031441
0.038821
0.031662
0.031466
0.031543
0.031629
0.031564
0.031497
0.031700
0.061204
0.031581
0.031734
0.031982
0.031845
0.032046
0.031730
0.031791
0.031928
0.031938
0.032066
0.031918
0.033255
0.042745
0.041182
0.032046
0.036016
0.041377
0.033221
0.033097
0.062633
0.050263
0.042298
0.042276
0.038015
0.032403
0.032545
0.032425
0.032632
0.032889
0.032750
0.032717
0.032958
0.033058
0.033102
0.033203
0.032697
0.032778
0.032820
0.032617
0.080577
0.042673
0.040334
0.032633
0.032755
0.032698
0.032322
0.032254
0.032012
0.032269
0.059458
0.032462
0.041792
0.032303
0.032283
0.032285
0.032232
0.032230
0.032289
0.032295
0.062451
0.037601
0.032536
0.032526
0.032883
0.032430
0.036180
0.039089
0.038363
0.041471
0.036566
0.031973
0.031636
0.031745
0.031656
0.031709
0.031654
0.031659
0.031774
0.054806
0.069402
0.032165
0.031862
0.031971
0.032082
0.032251
0.032001
0.032300
0.032361
0.032255
0.032296
0.032526
0.032463
0.032623
0.032367
0.032109
0.031397
0.031343
0.031278
0.053771
0.065567
0.031108
0.031223
0.031264
0.031177
0.031336
0.031420
0.031402
0.031209
0.052788
0.031389
0.031306
0.031291
0.031213
0.031234
0.031210
0.031308
0.031429
0.031347
0.031508
0.060938
0.031436
0.031459
0.031276
0.031284
0.031358
0.031250
0.030927
0.030827
0.051450
0.031794
0.031317
0.031197
0.031116
0.031086
0.031049
0.030842
0.031000
0.031478
0.042662
0.069343
0.031602
0.032134
0.031814
0.031476
0.031519
0.031562
0.031641
0.031618
0.031630
0.031710
0.031683
0.031857
0.031727
0.036974
0.067913
0.040123
0.032958
0.051632
0.032906
0.062348
0.032345
0.031717
0.031657
0.031715
0.031757
0.031791
0.032765
0.038734
0.040671
0.040872
0.031605
0.031651
0.031599
0.031491
0.031395
0.031460
0.031522
0.031266
0.031339
0.060914
0.031199
0.031178
0.030726
0.031059
0.030768
0.030805
0.021034
0.027025
0.022842
0.020721
0.020814
0.030684
0.020767
0.030782
0.030673
0.030705
0.030735
0.030667
0.030628
