0.522330
0.031251
0.051872
0.030863
0.031047
0.030885
0.030703
0.030869
0.030560
0.030740
0.030887
0.030817
0.035986
0.034457
0.030911
0.030847
0.030745
0.030908
0.031029
0.030914
0.054648
0.030950
0.030701
0.030524
0.030818
0.030708
0.030674
0.030864
0.030813
0.030818
0.030653
0.030691
0.030612
0.055729
0.032272
0.031907
0.032181
0.032265
0.031825
0.031819
0.061230
0.031702
0.031715
0.048373
0.033715
0.040055
0.039802
0.039805
0.043838
0.043638
0.043336
0.043240
0.043189
0.035346
0.035333
0.034471
0.031548
0.031465
0.031498
0.031411
0.061696
0.041082
0.040818
0.030990
0.030868
0.031056
0.030944
0.030915
0.030488
0.030591
0.057996
0.033816
0.030869
0.030607
0.030616
0.030661
0.030494
0.031029
0.030733
0.030521
0.060307
0.030556
0.030372
0.030505
0.030431
0.030586
0.030542
0.030425
0.030521
0.030653
0.030792
0.031983
0.031211
0.030524
0.030562
0.030580
0.030472
0.028587
0.030760
0.030743
0.060456
0.034213
0.030835
0.030908
0.030933
0.030539
0.030924
0.031005
0.030652
0.030642
0.030484
0.030456
0.039145
0.030499
0.030524
0.030484
0.030463
0.030972
0.031414
0.031281
0.060921
0.043879
0.030914
0.030846
0.030820
0.030950
0.031053
0.031048
0.030872
0.031046
0.031269
0.031779
0.038363
0.030711
0.030632
0.030478
0.030566
0.030410
0.030497
0.030479
0.059804
0.030455
0.030577
0.030541
0.030490
0.030578
0.030631
0.030456
0.030419
0.030570
0.030326
0.030375
0.030273
0.037908
0.030391
0.039405
0.039297
0.043028
0.042803
0.084291
0.073379
0.042804
0.042510
0.042685
0.042771
0.042617
0.042382
0.051275
0.042574
0.042783
0.042668
0.042543
0.055717
0.078442
0.030528
0.030508
0.030404
0.030562
0.030642
0.030553
0.059896
0.030247
0.034300
0.034292
0.030257
0.030486
0.030217
0.030231
0.030184
0.030309
0.030223
0.030152
0.030150
0.030298
0.030099
0.030362
0.030257
0.030389
0.030391
0.030601
0.060179
0.030338
0.030492
0.030519
0.053467
0.031440
0.030541
0.030520
0.030369
0.030514
0.030438
0.030434
0.034007
0.030366
0.030538
0.039685
0.031040
0.030493
0.030487
0.030433
0.059927
0.030472
0.030341
0.030554
0.030494
0.030603
0.030342
0.030325
0.030469
0.030469
0.030509
0.030874
0.031021
0.030652
0.030620
0.030720
0.030404
0.040417
0.040337
0.036534
0.060554
0.030668
0.030554
0.030687
0.030692
0.030672
0.031017
0.037687
0.030966
0.030648
0.030756
0.030675
0.030583
0.030382
0.030375
0.030259
0.030288
0.030210
0.030306
0.030273
0.059731
0.030273
0.030202
0.030299
0.030224
0.030333
0.030274
0.030301
0.031232
0.036392
0.030657
0.030168
0.030170
0.030165
0.030253
0.030191
0.030145
0.030421
0.030272
0.030185
0.069275
0.030173
0.030185
0.030299
0.030187
0.030254
0.030200
0.030256
0.035203
0.034638
0.030281
0.030342
0.030365
0.030654
0.030296
0.030216
0.030282
0.030605
0.030516
0.030389
0.060581
0.033936
0.030808
0.030412
0.030370
0.030546
0.030451
0.030323
0.030305
0.030464
0.030403
0.032646
0.036019
0.030578
0.030586
0.030524
0.030455
0.030443
0.030410
0.030579
0.060423
0.030612
0.030526
0.030727
0.030696
0.030673
0.030665
0.030527
0.030491
0.030422
0.030500
0.030608
0.030572
0.045354
0.034969
0.030534
0.030302
0.030448
0.030607
0.030603
0.060157
0.030532
0.030510
0.044848
0.032049
0.031567
0.031362
0.031346
0.032984
0.031398
0.031329
0.031317
0.031135
0.031329
0.031489
0.031237
0.031395
0.031210
0.031392
0.031793
0.061232
0.031104
0.031031
0.053907
0.030460
0.030234
0.030338
0.030434
0.030309
0.030625
0.031081
0.031007
0.030619
0.030514
0.041914
0.030798
0.030439
0.030318
0.030404
0.030292
0.059948
0.030461
0.030493
0.030325
0.030341
0.030345
0.030444
0.030340
0.030378
0.030385
0.030469
0.030526
0.030498
0.030460
0.030526
0.032245
0.033461
0.030584
0.030421
0.030621
0.060284
0.030579
0.039015
0.038871
0.038785
0.042272
0.039227
0.042842
0.057335
0.030365
0.030295
0.030357
0.030371
0.030439
0.030529
0.030468
0.030363
0.030388
0.030575
0.030417
0.059854
0.030584
0.030349
0.030333
0.030343
0.054286
0.030910
0.030327
0.030495
0.030281
0.030259
0.030368
0.030335
0.030470
0.030388
0.030477
0.053848
0.030401
0.030344
0.030312
0.060427
0.030272
0.030394
0.030312
0.030370
0.030384
0.030592
0.030397
0.030375
0.030448
0.030290
0.030369
0.030267
0.030508
0.038528
0.038568
0.058788
0.031530
0.030167
0.030321
0.059620
0.030355
0.030343
0.030263
0.030262
0.030346
0.049498
0.039012
0.030324
0.030209
0.030363
0.030279
0.030298
0.030343
0.030328
0.030241
0.030242
0.030519
0.030540
0.030422
0.060241
0.030413
0.030483
0.030434
0.030628
0.030782
0.030477
0.031197
0.041077
0.030988
0.030625
0.030736
0.030667
0.030678
0.030581
0.030597
0.030555
0.030625
0.032123
0.042864
0.070333
0.030630
0.030545
0.030509
0.030755
0.030634
0.030478
0.030654
0.030645
0.030478
0.030492
0.030740
0.030564
0.030853
0.030611
0.030539
0.030659
0.030571
0.054970
0.030689
0.060197
0.030591
0.030658
0.030607
0.030573
0.030666
0.030652
0.030565
0.042947
0.034107
0.030586
0.030454
0.030580
0.030630
0.030439
0.030544
0.030689
0.030525
0.030744
0.030527
0.059930
0.030469
0.030581
0.030641
0.030650
0.030597
0.030375
0.030490
0.030466
0.031620
0.036850
0.030788
0.031104
0.030609
0.030624
0.046093
0.030667
0.045813
0.030523
0.030548
0.071175
0.030718
0.030555
0.030491
0.030640
0.033565
0.030520
0.030520
0.031399
0.030561
0.030528
0.030656
0.030512
0.030658
0.030809
0.030730
0.030786
0.030746
0.030884
0.030819
0.061716
0.034805
0.034400
0.030692
0.030552
0.030614
0.030775
0.030651
0.030511
0.030576
0.030647
0.030425
0.034152
0.030593
0.030601
0.030524
0.030531
0.030596
0.030506
0.030463
0.060584
0.030603
0.030613
0.030621
0.030541
0.030564
0.030481
0.030591
0.030682
0.030583
0.030556
0.030580
0.030470
0.039476
0.033982
0.030640
0.030507
0.030591
0.030435
0.030659
0.060457
0.030529
0.030573
0.043113
0.030973
0.030557
0.030477
0.030509
0.030523
0.031525
0.031574
0.030509
0.030549
0.030555
0.030448
0.030550
0.030453
0.033473
0.035537
0.030785
0.060937
0.030499
0.030835
0.030533
0.048106
0.031052
0.030566
0.030620
0.030496
0.030492
0.030477
0.046192
0.030460
0.030521
0.049880
0.031265
0.046114
0.030473
0.045618
0.030597
0.060044
0.030579
0.030490
0.030384
0.030533
0.030645
0.030572
0.030498
0.030496
0.030562
0.030593
0.045476
0.030381
0.030572
0.034000
0.031790
0.030473
0.030487
0.030533
0.030588
0.062136
0.030608
0.030484
0.030620
0.040055
0.031067
0.030618
0.030608
0.030628
0.030767
0.030996
0.031143
0.031217
0.031129
0.031136
0.031118
0.031061
0.031015
0.031547
0.031099
0.060270
0.031157
0.030838
0.030742
0.031129
0.033384
0.031905
0.031283
0.031299
0.031189
0.031345
0.031408
0.031247
0.031383
0.031270
0.031215
0.039455
0.031086
0.030933
0.030751
0.062020
0.030643
0.030633
0.030741
0.030731
0.030612
0.030736
0.030726
0.030510
0.030730
0.030719
0.030746
0.030560
0.031061
0.030783
0.030641
0.030626
0.030769
0.038299
0.030960
0.060215
0.030737
0.030551
0.030580
0.030662
0.030842
0.030772
0.030674
0.041748
0.031121
0.030739
0.030734
0.030767
0.030812
0.030725
0.030707
0.030684
0.030772
0.030800
0.031562
0.062854
0.030686
0.030779
0.030783
0.030876
0.030864
0.030616
0.030627
0.030859
0.033845
0.040113
0.041263
0.039180
0.039685
0.045668
0.042949
0.042890
0.057824
0.063236
0.050729
0.061006
0.031546
0.046643
0.031278
0.045752
0.045827
0.046625
0.030401
0.030542
0.030473
0.030430
0.030855
0.030888
0.030787
0.030859
0.057921
0.037007
0.030613
0.031004
0.030814
0.061146
0.030750
0.030692
0.030736
0.042099
0.034346
0.030790
0.030719
0.030745
0.030598
0.030753
0.030779
0.030663
0.030568
0.030594
0.030689
0.030489
0.030600
0.030584
0.030375
0.060010
0.030364
0.030452
0.030389
0.030473
0.020401
0.022543
0.025668
0.020605
0.020416
0.020424
0.020465
0.020351
0.020329
0.020483
0.020640
0.020540
0.020355
0.020421
0.020293
0.020381
0.020349
0.023628
0.024470
0.020641
0.020433
0.020474
0.020360
0.020477
0.020351
0.020352
0.020365
0.020367
0.020374
0.020482
0.020407
0.020445
0.020312
0.020439
0.020467
0.020448
0.020380
0.020352
0.020405
0.020402
0.020478
0.020415
0.020406
0.020327
