0.562234
0.032251
0.032255
0.032169
0.031845
0.031514
0.031875
0.034381
0.036714
0.049636
0.033874
0.031287
0.031517
0.031915
0.031283
0.031401
0.031923
0.032239
0.032504
0.032927
0.056882
0.023492
0.023139
0.022994
0.032971
0.032282
0.032238
0.031604
0.031375
0.031606
0.031557
0.045573
0.031737
0.031442
0.031074
0.031116
0.031127
0.021319
0.021464
0.021341
0.021655
0.021479
0.021464
0.024191
0.037068
0.031533
0.031986
0.032258
0.032374
0.032625
0.032948
0.033129
0.033205
0.033402
0.033749
0.033501
0.033267
0.033274
0.033215
0.033502
0.063217
0.033542
0.033580
0.030079
0.037949
0.030727
0.030259
0.030279
0.030256
0.030313
0.030226
0.030287
0.030390
0.030367
0.030391
0.054378
0.030829
0.030385
0.030377
0.030191
0.059962
0.030497
0.030687
0.030339
0.030409
0.030498
0.030657
0.030538
0.030729
0.030807
0.030914
0.030924
0.030855
0.030775
0.030866
0.029842
0.032078
0.042643
0.038220
0.038345
0.068733
0.042520
0.042372
0.042341
0.050253
0.042818
0.042051
0.042238
0.043783
0.042530
0.042365
0.069018
0.072619
0.052334
0.030134
0.030097
0.030239
0.030239
0.030176
0.030340
0.078149
0.034232
0.029871
0.029929
0.029914
0.030501
0.029979
0.029955
0.030169
0.030231
0.053081
0.038837
0.031171
0.031022
0.030988
0.030368
0.030700
0.031158
0.030381
0.030348
0.060501
0.031075
0.031039
0.030483
0.030996
0.030393
0.030707
0.031287
0.031003
0.030981
0.030336
0.053057
0.038428
0.030501
0.030575
0.030653
0.030445
0.030483
0.030662
0.030470
0.059975
