0.541391
0.031729
0.031028
0.034261
0.041543
0.039345
0.039067
0.030516
0.031602
0.031035
0.030483
0.030460
0.030470
0.030418
0.030537
0.030603
0.030608
0.030511
0.030539
0.040101
0.054454
0.030479
0.030578
0.030684
0.030383
0.030519
0.030597
0.030601
0.030519
0.030929
0.030705
0.030607
0.030553
0.030425
0.030545
0.030429
0.030421
0.030329
0.030328
0.030480
0.065149
0.030286
0.030572
0.030416
0.020557
0.030520
0.030591
0.030512
0.030623
0.030506
0.030565
0.040073
0.039061
0.030492
0.030453
0.030569
0.030462
0.030455
0.030489
0.030668
0.060195
0.030581
0.030299
0.030415
0.030534
0.030534
0.030443
0.030458
0.030369
0.030377
0.030338
0.051887
0.030586
0.030393
0.030434
0.030462
0.030374
0.030539
0.030359
0.030390
0.060545
0.035000
0.030323
0.030392
0.030346
0.030417
0.030448
0.030482
0.030275
0.030361
0.030445
0.030324
0.030395
0.030250
0.030341
0.030359
0.030417
0.030560
0.030587
0.030666
0.060012
0.032411
0.039648
0.038715
0.038716
0.038761
0.042317
0.042778
0.042770
0.070354
0.051286
0.030738
0.031349
0.030781
0.030803
0.030720
0.030643
0.030359
0.030370
0.030432
0.060278
0.030251
0.030377
0.030289
0.030096
0.030180
0.030188
0.030226
0.030910
0.054907
0.034617
0.030238
0.030250
0.030360
0.030294
0.030432
0.030234
0.030246
0.030513
0.044102
0.060404
0.030406
0.030210
0.030134
0.030168
0.030134
0.030120
0.030206
0.030071
0.030416
0.030281
0.030293
0.030219
0.030231
0.030251
0.030280
0.030199
0.030307
0.030314
0.030183
0.066812
0.030169
0.030265
0.030272
0.030258
0.030302
0.030172
0.030265
0.030168
0.030309
0.053481
0.030433
0.030167
0.030252
0.036322
0.035198
0.030360
0.030224
0.030294
0.030205
0.059943
0.030204
0.030242
0.030149
0.030113
0.030287
0.030240
0.030167
0.030257
0.030315
0.032178
0.040789
0.041330
0.043437
0.040272
0.039428
0.039577
0.039310
0.040538
0.068449
0.067977
0.036488
0.031095
0.030895
0.030964
0.031154
0.030963
0.031132
0.030959
0.030858
0.030839
0.030939
0.030884
0.031905
0.030915
0.030823
0.036292
0.031127
0.054465
0.031910
0.060658
0.031258
0.030914
0.030930
0.030916
0.030934
0.030995
0.052050
0.038384
0.037017
0.031113
0.030905
0.031433
0.036988
0.031150
0.030971
0.031001
0.030982
0.030918
0.031065
0.060713
0.031007
0.031029
0.031123
0.031000
0.030947
0.031089
0.043927
0.038482
0.030447
0.030271
0.035917
0.039544
0.038499
0.045202
0.077560
0.030621
0.030337
0.030284
0.030278
0.061265
0.030287
0.030390
0.030203
0.030399
0.030364
0.030176
0.030106
0.030230
0.030571
0.030238
0.030292
0.030146
0.030326
0.030269
0.053841
0.032390
0.030210
0.030233
0.030236
0.060101
0.030378
0.030187
0.030265
0.030907
0.053934
0.030064
0.030193
0.030339
0.030125
0.030308
0.030145
0.030176
0.030136
0.030194
0.030066
0.030103
0.030122
0.030203
0.030188
0.059783
0.030128
0.030222
0.030163
0.030123
0.030096
0.038708
0.038873
0.038135
0.038568
0.038347
0.042521
0.042462
0.042717
0.074733
0.042814
0.042519
0.042738
0.042624
0.042411
0.073087
0.042968
0.042594
0.042451
0.042571
0.042675
0.042730
0.042374
0.042601
0.050369
0.045982
0.051186
0.031320
0.051873
0.031339
0.031134
0.031108
0.041662
0.040106
0.038321
0.068326
0.042300
0.042607
0.042212
0.042253
0.042386
0.042230
0.042089
0.042134
0.065974
0.069535
0.039305
0.030387
0.030382
0.030328
0.030243
0.030300
0.030300
0.030133
0.035346
0.094401
0.030070
0.030207
0.030218
0.030198
0.030181
0.030229
0.030213
0.030848
0.030229
0.030174
0.030162
0.030151
0.030138
0.030159
0.030104
0.030107
0.030110
0.030150
0.030179
0.076423
0.032640
0.030234
0.030116
0.030252
0.030124
0.030168
