0.554394
0.037800
0.031296
0.030847
0.030574
0.030265
0.030269
0.030349
0.030339
0.030322
0.030358
0.030347
0.039199
0.031081
0.030463
0.030301
0.030415
0.030453
0.030618
0.030417
0.054912
0.030426
0.030440
0.030329
0.030568
0.030345
0.030442
0.030380
0.030424
0.030359
0.030531
0.030591
0.030522
0.035647
0.033396
0.030457
0.039840
0.036403
0.030619
0.030556
0.060091
0.030591
0.030327
0.039831
0.030591
0.030468
0.030433
0.030504
0.030391
0.030735
0.030743
0.031191
0.030592
0.030513
0.030562
0.030969
0.030448
0.030389
0.030543
0.030406
0.060043
0.030582
0.033421
0.033201
0.030555
0.030591
0.030733
0.030450
0.030536
0.030465
0.030554
0.030515
0.030505
0.056162
0.030826
0.030619
0.030331
0.030456
0.030406
0.030280
0.060382
0.030529
0.030269
0.030312
0.030317
0.030344
0.030278
0.030306
0.030252
0.030314
0.030454
0.030314
0.030411
0.031340
0.030805
0.038800
0.030557
0.030440
0.030408
0.030380
0.060084
0.030376
0.030355
0.030329
0.030285
0.038896
0.030763
0.030542
0.030600
0.030445
0.030529
0.030397
0.030557
0.030617
0.030635
0.030450
0.030511
0.030559
0.030441
0.030641
0.060359
0.030765
0.030511
0.031024
0.030488
0.030529
0.046239
0.030909
0.030548
0.030632
0.030705
0.030561
0.030406
0.030502
0.030721
0.030589
0.030559
0.044508
0.030821
0.030594
0.060261
0.030548
0.030572
0.030365
0.030572
0.030682
0.030570
0.030756
0.030626
0.030496
0.030674
0.030670
0.030482
0.030581
0.030547
0.030623
0.030437
0.030670
0.033033
0.033558
0.060421
0.030560
0.030982
0.030533
0.031741
0.042985
0.039468
0.043370
0.031049
0.030862
0.030969
0.034594
0.034719
0.034740
0.036095
0.043176
0.043350
0.043287
0.043448
0.043287
0.073349
0.043387
0.043279
0.088005
0.046551
0.051227
0.031600
0.031711
0.031763
0.048350
0.031573
0.031616
0.043963
0.031063
0.030768
0.030818
0.030578
0.030527
0.030586
0.030754
0.060482
0.030575
0.030634
0.030578
0.030658
0.030731
0.030549
0.030512
0.030525
0.030403
0.030300
0.030426
0.030557
0.034902
0.040196
0.039196
0.039224
0.039152
0.030762
0.030449
0.060301
0.030383
0.056231
0.033054
0.030437
0.030537
0.030557
0.030498
0.030491
0.030714
0.030689
0.030490
0.030568
0.030679
0.030568
0.030684
0.030670
0.030796
0.030732
0.030728
0.060630
0.030735
0.030682
0.051703
0.031024
0.030599
0.030787
0.030696
0.030614
0.030563
0.030744
0.030519
0.030592
0.030738
0.035478
0.033915
0.030739
0.030880
0.030638
0.030628
0.060249
0.030639
0.030766
0.030731
0.030642
0.030593
0.030534
0.030571
0.030579
0.030627
0.030589
0.030377
0.030512
0.030458
0.030372
0.030396
0.041333
0.030752
0.030597
0.030553
0.060565
0.030369
0.030419
0.030414
0.030384
0.030403
0.041478
0.030653
0.031428
0.033151
0.031415
0.031332
0.031363
0.031415
0.031416
0.031372
0.031346
0.031309
0.031337
0.031351
0.061083
0.031276
0.031275
0.031462
0.031211
0.031303
0.031231
0.047669
0.040041
0.037057
0.031181
0.052023
0.040048
0.040021
0.040230
0.076476
0.031470
0.031354
0.031340
0.030801
0.060293
0.031129
0.030509
0.030562
0.030375
0.030541
0.030534
0.030512
0.030365
0.030499
0.030486
0.030411
0.030685
0.030558
0.030556
0.046916
0.037405
0.039112
0.039275
0.030552
0.060092
0.030597
0.030631
0.030505
0.030630
0.040232
0.039153
0.039024
0.039028
0.032857
0.032804
0.037507
0.030377
0.030472
0.030510
0.030487
0.030538
0.030554
0.030383
0.030430
0.060480
0.039036
0.038961
0.038667
0.043853
0.039857
0.048303
0.033134
0.031178
0.031214
0.031109
0.031512
0.030448
0.051299
0.035350
0.030154
0.030310
0.030092
0.030148
0.030215
0.060038
0.030376
0.030440
0.030494
0.030344
0.030293
0.030478
0.030368
0.030336
0.030364
0.030389
0.030260
0.030458
0.030329
0.049636
0.032873
0.030376
0.030438
0.030478
0.030398
0.060400
0.030394
0.030430
0.030406
0.048545
0.031668
0.030402
0.030359
0.030353
0.030373
0.030464
0.041216
0.039081
0.038682
0.038492
0.035264
0.031176
0.034374
0.030426
0.030400
0.060324
0.030222
0.030164
0.035991
0.032988
0.030324
0.030272
0.030238
0.020185
0.020241
0.020229
0.020164
0.020372
0.020170
0.020212
0.020151
0.020127
0.026569
0.026094
0.020205
0.020207
0.020270
0.020303
0.020274
0.020174
0.020163
0.020283
0.020166
0.020231
0.020146
0.020201
0.020181
0.020232
0.020288
0.020187
0.020159
0.020224
0.020378
0.020259
0.020195
0.020102
0.020226
0.020410
0.020210
0.020152
0.020138
0.020299
0.020271
0.021229
0.027135
0.023177
0.020331
0.020271
0.020178
0.040340
0.030384
0.030372
0.030389
0.030767
0.030392
0.061373
0.037545
0.030558
0.030436
0.030458
0.030451
0.030401
0.030322
0.030427
0.030378
0.030323
0.030319
0.030417
0.030303
0.030380
0.030282
0.030321
0.030275
0.030301
0.030268
0.060112
0.030405
0.037143
0.038153
0.030293
0.030283
0.030241
0.030289
0.030313
0.030141
0.030310
0.030198
0.032264
0.040721
0.030298
0.038733
0.030359
0.030153
0.030333
0.030446
0.060161
0.030394
0.030248
0.030239
0.030251
0.030365
0.030277
0.030310
0.030333
0.030228
0.030483
0.030441
0.030352
0.030367
0.038699
0.031466
0.030314
0.030393
0.030288
0.030253
0.059692
0.031007
0.030465
0.030375
0.033154
0.035184
0.030427
0.030371
0.030369
0.030407
0.030449
0.030502
0.030395
0.030425
0.030436
0.030538
0.030411
0.036755
0.036360
0.036738
0.069373
0.038916
0.042517
0.052171
0.051389
0.030497
0.030576
0.030444
0.031297
0.030734
0.030704
0.030632
0.030648
0.041697
0.039288
0.039343
0.030622
0.030659
0.030579
0.030466
0.060341
0.030609
0.030542
0.030480
0.030547
0.030713
0.030563
0.030719
0.030952
0.030669
0.030659
0.030813
0.030632
0.030602
0.047208
0.039366
0.030760
0.030751
0.030641
0.030642
0.060014
0.030524
0.030677
0.053408
0.031298
0.030697
0.030606
0.030688
0.030595
0.030631
0.030665
0.030584
0.030463
0.030530
0.030715
0.030465
0.030433
0.030992
0.030485
0.030458
0.060567
0.030267
0.030306
0.030246
0.038956
0.039176
0.038316
0.038471
0.038559
0.042549
0.042711
0.042742
0.042771
0.057116
0.033258
0.031489
0.031491
0.031672
0.031512
0.032365
0.061591
0.030931
0.030616
0.030504
0.030427
