0.564665
0.032006
0.031465
0.031236
0.030041
0.030084
0.029988
0.029947
0.030030
0.030521
0.030275
0.030015
0.029987
0.030014
0.030149
0.030503
0.030074
0.030076
0.030015
0.029981
0.069134
0.030558
0.030030
0.030185
0.031182
0.029945
0.029948
0.030010
0.030120
0.030003
0.048157
0.031600
0.029878
0.029983
0.030220
0.030088
0.030135
0.030020
0.030052
0.029991
0.059710
0.029997
0.030230
0.030045
0.030162
0.030069
0.030044
0.030180
0.030095
0.030078
0.030540
0.032010
0.032773
0.030054
0.029973
0.030004
0.030052
0.030076
0.029951
0.030100
0.060272
0.029977
0.036544
0.030225
0.030009
0.033859
0.040246
0.038270
0.038079
0.029977
0.030077
0.030036
0.030015
0.030180
0.030013
0.029986
0.030003
0.030047
0.030088
0.029984
0.059733
0.029983
0.030170
0.036804
0.030154
0.029999
0.030194
0.030246
0.030002
0.030061
0.030071
0.029967
0.029908
0.029997
0.048192
0.030069
0.030061
0.030045
0.030263
0.029993
0.060236
0.030001
0.030205
0.030123
0.030100
0.029958
0.030078
0.030233
0.029993
0.030022
0.030099
0.030080
0.029998
0.020146
0.020114
0.020191
0.046981
0.020220
0.020137
0.020191
0.020233
0.020276
0.020196
0.020219
0.020186
0.020179
0.020181
0.020213
0.020302
0.020134
0.020148
0.026204
0.021959
0.020112
0.020052
0.020083
0.020217
0.020145
0.020123
0.020095
0.020159
0.030189
0.020222
0.020083
0.020146
0.020149
0.020149
0.020032
0.020110
0.020127
0.020127
0.020156
0.020220
0.020120
0.020088
0.020049
0.020025
0.020102
0.020050
0.020072
0.020143
0.020118
0.022031
0.025392
0.021557
0.020077
0.020016
0.020069
0.020150
0.029984
0.020070
0.020062
0.020023
0.020050
0.020000
0.020500
0.020062
0.020220
0.025906
0.020354
0.020019
0.020079
0.020051
0.019947
0.020033
0.020007
0.020074
0.020001
0.019927
0.020015
0.020121
0.020166
0.019982
0.019938
0.019971
0.020068
0.020052
0.019929
0.019943
0.019951
0.019971
0.020015
0.020070
0.020077
0.020079
0.020096
0.020090
0.020051
0.030303
0.025883
0.020479
0.020041
0.019948
0.020078
0.020023
0.019995
0.019949
0.020057
0.019977
0.019994
0.020051
0.020035
0.019948
0.020067
0.021539
0.025298
0.020307
0.019991
0.019999
0.019993
0.020183
0.019965
0.019973
0.020016
0.020107
0.019998
0.020016
0.023420
0.020659
0.020655
0.020086
0.019970
0.019972
0.020049
0.019995
0.019986
0.019994
0.019962
0.020012
0.020063
0.020026
0.020030
0.019950
0.020032
0.019999
0.020037
0.036243
0.030963
0.030205
0.030271
0.060319
0.030349
0.030228
0.030447
0.030499
0.030408
0.045699
0.021317
0.030481
0.020491
0.020518
0.020518
0.029647
0.030193
0.030405
0.030331
0.030461
0.030463
0.030515
0.030385
0.060766
0.020590
0.030465
0.030445
0.030390
0.030401
0.030499
0.030550
0.030377
0.034564
0.030479
0.030467
0.030484
0.030427
0.030509
0.030455
0.030559
0.030448
0.030292
0.039562
0.060357
0.030292
0.030344
0.030299
0.030152
0.030345
0.030188
0.030159
0.030105
0.030188
0.030238
0.030364
0.030108
0.030212
0.030212
0.030359
0.030184
0.030316
0.030723
0.030279
0.062555
0.030545
0.030101
0.030185
0.030112
0.030125
0.030209
0.020249
0.020286
0.020272
0.020225
0.020270
0.020142
0.025318
0.032462
0.030125
0.030354
0.030349
0.030388
0.030433
0.060355
0.030525
0.030500
0.030429
0.030498
0.020395
0.030391
0.030437
0.030551
0.030355
0.030334
0.030413
0.030390
0.030366
0.030440
0.046549
0.038404
0.031157
0.031037
0.031018
0.061580
0.031097
0.031150
0.031111
0.031145
0.055441
0.031152
0.031173
0.031144
0.031200
0.031199
0.031189
0.031152
0.031221
0.031328
0.031193
0.031205
0.031165
0.032106
0.041337
0.070719
0.031172
0.035278
0.031293
0.031485
0.051358
0.040295
0.040311
0.040023
0.040030
0.040074
0.040196
0.040089
0.058991
0.044047
0.043673
0.053307
0.031249
0.030993
0.038698
0.066560
0.031245
0.030957
0.031214
0.030981
0.031012
0.030837
0.031002
0.030608
0.030462
0.031167
0.030454
0.056251
0.032345
0.030507
0.030302
0.030291
0.030403
0.030288
0.030276
0.060494
0.030292
0.041023
0.034267
0.030157
0.030286
0.030064
0.020140
0.020053
0.019972
0.020026
0.020101
0.020025
0.020129
0.020072
0.020141
0.020236
0.020024
0.020037
0.020085
0.020112
0.020149
0.020091
0.020071
0.020060
0.020195
0.020048
0.020144
0.020139
0.020032
0.020048
0.024101
0.023441
0.020282
0.020070
0.020117
0.020170
0.020034
0.020116
0.020139
0.020032
0.020031
0.019991
0.020062
0.020095
0.020144
0.021745
0.025071
0.021855
0.020093
0.020059
0.019994
0.020044
0.020072
0.020087
0.020212
0.020060
0.020022
0.020027
0.020032
0.020049
0.020034
0.019996
0.019988
0.020042
0.020019
0.020122
0.020007
0.020082
0.020108
0.020091
0.019866
0.019984
0.019990
0.020097
0.020068
0.020017
0.020069
0.021179
0.025696
0.020316
0.020083
0.020016
0.020065
0.020066
0.020102
0.020002
0.020105
0.019980
0.020006
0.020057
0.019950
0.020079
0.020023
0.022921
0.024284
0.020248
0.020014
0.020153
0.020058
0.020033
0.019969
0.020007
0.020018
0.020106
0.020186
0.020025
0.019986
0.019981
0.020125
0.020018
0.020008
0.020011
0.020041
0.020062
0.020193
0.020053
0.020323
0.020116
0.020108
0.020037
0.020051
0.021986
0.025898
0.026902
0.026648
0.026834
0.026328
0.026293
0.026449
0.026105
0.026113
0.030504
0.031268
0.020351
0.020045
0.020133
0.058811
0.039723
0.037874
0.020200
0.030862
0.031121
0.031199
0.031256
0.031355
0.031287
0.031139
0.031254
0.031238
0.031174
0.020513
0.032099
0.031496
0.031464
0.031428
0.031339
0.030563
0.030652
0.052776
0.062250
0.030831
0.030681
0.030752
0.030576
0.030784
0.030777
0.030781
0.030709
0.041086
0.030990
0.030495
0.030893
0.030736
0.030881
0.021058
0.031023
0.047178
0.046889
0.046824
0.060383
0.030475
0.030455
0.030394
