0.494988
0.030492
0.030408
0.030325
0.031024
0.030441
0.030369
0.030447
0.030356
0.030291
0.035973
0.030831
0.030426
0.030318
0.030887
0.030321
0.030553
0.030492
0.030459
0.030450
0.043165
0.042720
0.042699
0.043105
0.043202
0.043597
0.043832
0.044592
0.032862
0.039894
0.054276
0.038821
0.041579
0.042626
0.042611
0.051281
0.080439
0.037026
0.030667
0.030596
0.060465
0.030448
0.030665
0.030475
0.030425
0.030387
0.030462
0.030287
0.030221
0.030466
0.030602
0.030397
0.030528
0.030400
0.030529
0.030242
0.038571
0.030941
0.035374
0.035948
0.061160
0.031272
0.031209
0.031148
0.031252
0.031959
0.042309
0.038697
0.038487
0.042504
0.042856
0.042726
0.042644
0.042578
0.067750
0.069166
0.057681
0.030519
0.030677
0.030618
0.078388
0.042979
0.038896
0.038621
0.039786
0.048879
0.051407
0.030701
0.031110
0.034486
0.030603
0.030596
0.030459
0.030356
0.030409
0.030310
0.030511
0.030238
0.030040
0.030125
0.059837
0.030213
0.030196
0.030705
0.030170
0.030227
0.030257
0.030217
0.030251
0.030273
0.050916
0.030397
0.030310
0.030118
0.030312
0.030245
0.030089
0.029934
0.030005
0.030280
0.061331
0.030701
0.030256
0.030050
0.029926
0.030059
0.029999
0.030090
0.030181
0.030114
0.030181
0.030062
0.030016
0.030059
0.030125
0.030073
0.030379
0.030250
0.030158
0.030205
0.059856
0.032877
0.039209
0.030379
0.030329
0.030409
0.030325
0.030288
0.030320
0.030505
0.030289
0.030206
0.036818
0.031953
0.030199
0.030620
0.031066
0.031035
0.030230
0.030108
0.060077
0.030108
0.030395
0.030259
0.030124
0.030160
0.030232
0.030412
0.030176
0.030233
0.030366
0.030222
0.030251
0.030335
0.038550
0.030475
0.030367
0.030319
0.030181
0.030200
0.060409
0.040077
0.038840
0.054004
0.030885
0.030131
0.030195
0.030116
0.030156
0.030313
0.030861
0.030226
0.038621
0.038427
0.036591
0.038388
0.042216
0.042408
0.050813
0.042760
0.089675
0.062021
0.036531
0.030769
0.031170
0.030501
0.030539
0.030552
0.030341
0.030415
0.030106
0.056586
0.038365
0.038439
0.038515
0.042189
0.042370
0.042377
0.068574
0.049463
0.072716
0.042575
0.042230
0.042429
0.042596
0.051913
0.050131
0.042673
0.042444
0.042780
0.042332
0.042738
0.042622
0.065192
0.042955
0.044292
0.058204
0.039176
0.047369
0.042638
0.094550
0.042969
0.055609
0.043877
0.040854
0.038149
0.039634
0.044574
0.039467
0.039579
0.039558
0.039491
0.039452
0.059194
0.062658
0.035917
0.038314
0.042351
0.042417
0.042475
0.072773
0.042599
0.042344
0.042529
0.042708
0.042387
0.052735
0.042468
0.042227
0.072990
0.042833
0.046445
0.042471
0.042499
0.042550
0.057558
0.083105
0.041608
0.039052
0.030465
0.066998
0.042290
0.042489
0.042560
0.055343
0.068611
0.038111
0.030447
0.030735
0.030562
0.030419
0.043108
0.031069
0.030372
0.030272
0.030200
0.030196
0.030218
0.030396
0.030353
0.059921
0.038399
0.031027
0.030230
0.030219
0.030024
0.030160
0.030162
0.030140
0.038550
0.038370
0.030192
0.030132
0.030256
0.030166
0.030177
0.030197
0.030338
0.030132
0.030281
0.059802
0.030182
0.046363
0.030570
0.030562
0.030363
0.030964
0.030387
0.030150
0.030239
0.030174
0.030123
0.030279
0.053381
0.030459
0.030263
0.030084
0.030430
0.030173
0.030182
0.059693
0.038272
0.038425
0.038403
0.041084
0.042064
0.042199
0.042364
0.042434
0.042385
0.073166
0.033417
0.030305
0.030370
0.030461
0.030366
0.030982
0.030380
0.029971
0.030161
0.061223
0.038830
0.030266
0.030252
0.038339
0.039120
0.042401
0.042291
0.042346
0.042368
0.042458
0.042663
0.063140
0.042436
0.042173
0.042391
0.075416
0.038834
0.042038
0.042382
0.072632
0.042149
0.052089
0.082269
0.038545
0.041501
0.042413
0.042344
0.046584
0.043220
0.049230
0.055799
0.030681
0.031052
0.030969
0.031296
0.030318
0.030262
0.030212
0.030378
0.061403
0.030709
0.030046
0.030075
0.030072
0.030113
0.030026
0.030454
0.030061
0.030094
0.030066
0.033446
0.033011
0.030254
0.030191
0.030214
0.030014
0.030083
0.030132
0.030056
0.059879
0.030139
0.030046
0.030117
0.030149
0.030126
0.030268
0.030087
0.030167
0.030163
0.030137
0.030147
0.030205
0.048573
0.037816
0.037608
0.037687
0.037620
0.030856
0.030799
0.061064
0.030114
0.053332
0.030258
0.019848
0.019941
0.019969
0.020059
0.019922
0.019908
0.020530
0.019771
0.019948
0.019900
0.020010
0.019915
0.030043
0.030033
0.029981
0.030687
0.059319
0.030049
0.029992
0.030133
0.030176
0.029942
0.030060
0.040793
0.030622
0.030144
0.030607
0.030085
0.030101
0.030064
0.030041
0.030151
0.030067
0.030159
0.037470
0.030419
0.059914
0.030176
0.030096
0.030159
0.030197
0.030123
0.030145
0.030071
0.030075
0.030052
0.030309
0.030146
0.030126
0.030047
0.030161
0.030127
0.030233
0.030186
0.030157
0.030078
0.068735
0.030138
0.030056
0.030090
0.030092
0.030100
0.030151
0.030143
0.030097
0.030112
