0.591655
0.029920
0.029923
0.029890
0.029814
0.029844
0.041466
0.030365
0.029852
0.029823
0.029841
0.029875
0.030047
0.029996
0.029910
0.029845
0.029844
0.029773
0.029868
0.029837
0.053520
0.029815
0.029767
0.029938
0.029813
0.029802
0.030017
0.029969
0.033067
0.032288
0.029816
0.029833
0.029819
0.029864
0.030010
0.029866
0.029873
0.029881
0.029966
0.033048
0.068897
0.037859
0.037924
0.038076
0.042003
0.041853
0.042440
0.054008
0.067683
0.063933
0.030524
0.030205
0.030142
0.030201
0.030180
0.034586
0.037857
0.029982
0.029875
0.030079
0.059561
0.029860
0.030002
0.029996
0.030017
0.030577
0.040861
0.030150
0.030002
0.030147
0.030041
0.030039
0.030146
0.030005
0.030080
0.030071
0.030027
0.030083
0.030153
0.030034
0.060160
0.030074
0.030047
0.029995
0.030140
0.030076
0.030013
0.053309
0.030788
0.030011
0.030015
0.029939
0.029869
0.029938
0.029999
0.029853
0.030953
0.031138
0.039410
0.031363
0.059762
0.030265
0.030264
0.031856
0.035894
0.031095
0.030803
0.030756
0.030883
0.030702
0.030934
0.030707
0.030741
0.030790
0.030834
0.030658
0.030884
0.030786
0.030663
0.057529
0.061332
0.030548
0.030805
0.030679
0.030704
0.030597
0.030686
0.030800
0.030693
0.045102
0.030358
0.029931
0.030061
0.029952
0.029940
0.029949
0.029932
0.029984
0.029886
0.030008
0.059460
0.029967
0.029962
0.030066
0.030259
0.030165
0.030026
0.030011
0.030067
0.030112
0.030339
0.045012
0.031231
0.030765
0.030832
0.030750
0.030890
0.030927
0.030836
0.031440
0.060532
0.054429
0.031090
0.030813
0.030873
0.030879
0.030771
0.030781
0.030954
0.030895
0.030914
0.030773
0.030133
0.030085
0.030087
0.030235
0.030236
0.030173
0.029962
0.029977
0.059450
0.030044
0.036126
0.033125
0.030119
0.030066
0.030130
0.030296
0.030222
0.030254
0.030116
0.030098
0.030077
0.046671
0.030434
0.030084
0.029979
0.030083
0.029957
0.030094
0.059848
0.030061
0.030377
0.030096
0.030144
0.030008
0.029974
0.030086
0.030125
0.030105
0.030235
0.030069
0.030032
0.030316
0.030005
0.041178
0.030402
0.030096
0.030112
0.030208
0.059591
0.030223
0.030080
0.030101
0.030236
0.049386
0.037851
0.032392
0.041512
0.039372
0.039028
0.030803
0.031007
0.030953
0.030902
0.031452
0.031001
0.030914
0.030972
0.030969
0.060823
0.030957
0.031106
0.031019
0.030988
0.031482
0.039702
0.031118
0.031255
0.031175
0.031161
0.031132
0.031201
0.031023
0.031149
0.031033
0.057066
0.032834
0.030931
0.030967
0.060454
0.030977
0.030858
0.031034
0.030198
0.030291
0.030124
0.030196
0.030083
0.030084
0.030113
0.030129
0.030051
0.030291
0.030101
0.030138
0.029989
0.048410
0.039013
0.038357
0.068837
0.030149
0.030181
0.030190
0.030231
0.030179
0.030143
0.035804
0.030158
0.030213
0.030227
0.030260
0.030275
0.030224
0.030340
0.030277
0.030263
0.030243
0.030198
0.030198
0.059692
0.030223
0.030201
0.030265
0.030256
0.030174
0.030437
0.032550
0.030411
0.030300
0.030246
0.030289
0.030188
0.030156
0.030270
0.030177
0.046610
0.039063
0.038622
0.038536
0.069174
0.042570
0.052407
0.066847
0.031615
0.030260
0.030351
0.030411
0.030374
0.030400
0.030218
0.030388
0.030190
0.030158
0.038495
0.031564
0.030235
0.030228
0.030257
0.030164
0.059885
0.030403
0.030304
0.030386
0.031582
0.039624
0.030235
0.030194
0.030356
0.030341
0.030312
0.030288
0.031029
0.031274
0.030643
0.030257
0.030191
0.030268
0.030347
0.030246
0.060153
0.030242
0.030290
0.030361
0.030370
0.048616
0.035555
0.030306
0.030290
0.030413
0.030305
0.030183
0.030323
0.030325
0.030345
0.030376
0.041111
0.030862
0.030520
0.030394
0.060058
0.030352
0.030226
0.030217
0.030328
0.030285
0.030419
0.030271
0.030299
0.030180
0.030215
0.030400
0.030228
0.030297
0.030377
0.030273
0.030351
0.030300
0.050591
0.030682
0.060035
0.030289
0.030349
0.030322
0.030380
0.030412
0.030557
0.030333
0.044542
0.031376
0.030254
0.030458
0.030359
0.030388
0.030389
0.030253
0.030400
0.030387
0.030427
0.030363
0.059856
0.030413
0.030380
0.030379
0.030570
0.030311
0.030393
0.030432
0.030377
0.035039
0.033598
0.030327
0.030505
0.030404
0.030391
0.030454
0.030238
0.030435
0.030492
0.030806
0.070457
0.033769
0.030416
0.030442
0.030419
0.030297
0.030303
0.030457
0.030548
0.030429
0.030498
0.030339
0.030384
0.030459
0.030417
0.030331
0.030353
0.030346
0.030595
0.030489
0.060360
0.032168
0.030287
0.030421
0.030203
0.030106
0.030243
0.030285
0.030304
0.030384
0.030238
0.051903
0.031348
0.030350
0.030416
0.030473
0.030267
0.030397
0.030330
0.030452
0.060293
0.030500
0.030572
0.030639
0.040871
0.040804
0.031305
0.031369
0.031305
0.031184
0.031190
0.051757
0.038350
0.031213
0.031311
0.031291
0.031300
0.031446
0.030599
0.030603
0.060331
0.054290
0.030739
0.030860
0.030692
0.030665
0.030697
0.030726
0.030585
0.030837
0.030762
0.030663
0.030670
0.030577
0.030604
0.030790
0.030677
0.030676
0.030623
0.030725
0.060406
0.030721
0.034694
0.033883
0.030740
0.030657
0.030656
0.030688
0.030766
0.030659
0.030651
0.030607
0.030677
0.036825
0.033585
0.030564
0.030845
0.030745
0.030673
0.030676
0.060028
0.030600
0.030546
0.030616
0.030603
0.030498
0.030723
0.030644
0.030461
0.030661
0.030534
0.030604
0.030547
0.030650
0.030559
0.047916
0.030755
0.030466
0.030527
0.030397
0.060466
0.030487
0.030463
0.030478
0.030515
0.051291
0.030821
0.030451
0.030495
0.030523
0.030550
0.031642
0.030637
0.030607
0.030794
0.030576
0.030632
0.030748
0.030669
0.030668
0.061076
0.030683
0.030630
0.030627
0.030546
0.030608
0.038602
0.030694
0.030649
0.030788
0.030838
0.030736
0.030557
0.030678
0.030566
0.030702
0.030462
0.037708
0.030827
0.030550
0.060477
0.030622
0.030669
0.030841
0.030581
0.030652
0.030606
0.030581
0.030522
0.030492
0.030609
0.030644
0.030529
0.030564
0.030528
0.039113
0.037901
0.030548
0.044257
0.030922
0.060610
0.030605
0.030567
0.030677
0.030539
0.030449
0.030514
0.030649
0.052483
0.030828
0.030626
0.030566
0.030564
0.030526
0.030519
0.030548
0.030719
0.030464
0.030565
0.030516
0.060342
0.030589
0.030596
0.030483
0.030654
0.030427
0.030351
0.030370
