0.526404
0.033141
0.040726
0.033836
0.030559
0.030802
0.030557
0.030394
0.030508
0.030570
0.030500
0.039328
0.031284
0.030699
0.051476
0.043189
0.043050
0.043152
0.043143
0.061328
0.067776
0.043061
0.043028
0.043169
0.043162
0.043210
0.069752
0.045957
0.042145
0.031444
0.031578
0.031536
0.031621
0.031420
0.031168
0.031219
0.031322
0.038520
0.038425
0.033061
0.060778
0.031181
0.031151
0.031266
0.031716
0.056384
0.031305
0.031214
0.031178
0.031092
0.031124
0.031764
0.031066
0.031159
0.031250
0.060437
0.033504
0.031154
0.031119
0.031108
0.060982
0.031009
0.032080
0.031136
0.031327
0.031124
0.031144
0.031185
0.031024
0.031192
0.031162
0.031018
0.031235
0.031205
0.031218
0.031315
0.053836
0.038302
0.031100
0.031243
0.061241
0.031106
0.031090
0.030954
0.030396
0.030405
0.037340
0.034358
0.030319
0.030266
0.030452
0.030330
0.030242
0.030224
0.030110
0.030318
0.030348
0.030224
0.030307
0.030181
0.059679
0.030118
0.030349
0.030407
0.030175
0.030216
0.030118
0.031081
0.036225
0.030457
0.030227
0.030293
0.030077
0.030248
0.030268
0.030061
0.030178
0.030193
0.030073
0.053980
0.060149
0.031176
0.031178
0.030309
0.030178
0.030301
0.030181
0.030214
0.030009
0.030135
0.030164
0.030068
0.030042
0.030014
0.029990
0.030133
0.030029
0.030016
0.030030
0.030060
0.068674
0.029994
0.030008
0.030060
0.029972
0.030181
0.030115
0.030180
0.029991
0.030035
0.050230
0.030885
0.030035
0.029953
0.029999
0.029985
0.029901
0.030138
0.029983
0.030104
0.059844
0.030025
0.030019
0.030251
0.030036
0.030034
0.030082
0.030200
0.030026
0.030054
0.030068
0.050626
0.033673
0.030830
0.030780
0.031025
0.030932
0.030775
0.030691
0.030853
0.060460
0.057703
0.030595
0.029998
0.030077
0.030345
0.030042
0.029992
0.029909
0.030042
0.029992
0.029870
0.030136
0.029942
0.030074
0.030127
0.030003
0.029953
0.030049
0.030045
0.059825
0.030108
0.030053
0.050099
0.030206
0.030070
0.029944
0.030168
0.030026
0.029971
0.030128
0.030175
0.030095
0.030128
0.038756
0.030400
0.030121
0.030010
0.030120
0.030200
0.059598
0.030098
0.030221
0.030243
0.029969
0.030007
0.029981
0.029930
0.030138
0.029975
0.030025
0.030146
0.030040
0.030279
0.030194
0.043397
0.030510
0.030238
0.030099
0.030144
0.060028
0.030621
0.030312
0.033350
0.032995
0.030311
0.030232
0.030337
0.030112
0.030180
0.030181
0.045168
0.030891
0.031006
0.030036
0.030111
0.029989
0.030102
0.030113
0.029995
0.059664
0.030089
0.030054
0.030085
0.030025
0.044597
0.053746
0.029971
0.029984
0.029993
0.030055
0.029952
0.029988
0.030379
0.029944
0.045155
0.032182
0.029995
0.030000
0.030127
0.059864
0.029924
0.029972
0.030016
0.029998
0.030053
0.030118
0.030159
0.031420
0.030210
0.030448
0.030153
0.030169
0.031383
0.033504
0.030173
0.030208
0.030198
0.030138
0.030085
0.059648
0.030034
0.030167
0.030138
0.039367
0.030628
0.029999
0.030035
0.029920
0.030055
0.030190
0.029986
0.029969
0.030025
0.029885
0.030018
0.030029
0.030016
0.029982
0.029906
0.059679
0.030046
0.030083
0.029972
0.030245
0.029949
0.045970
0.031390
0.030791
0.030826
0.030960
0.030653
0.030865
0.030874
0.030815
0.030922
0.030805
0.039910
0.031689
0.030761
0.060187
0.030748
0.030803
0.030779
0.030642
0.030820
0.030805
0.030770
0.030734
0.030684
0.030860
0.030851
0.030758
0.030760
0.030777
0.030782
0.030753
0.030807
0.054750
0.033316
0.060499
0.030784
0.030761
0.030770
0.030768
0.030288
0.029944
0.029902
0.038734
0.033755
0.030061
0.029903
0.029989
0.030124
0.029918
0.029936
0.030194
0.030247
0.030046
0.030127
0.059195
0.032270
0.039442
0.033010
0.029951
0.029967
0.029877
0.029966
0.029949
0.023025
0.021283
0.019959
0.019968
0.020051
0.019958
0.019927
0.019966
0.019999
0.019868
0.019940
0.019883
0.020026
0.019956
0.019986
0.021237
0.026202
0.020302
0.020065
0.019980
0.020279
0.020121
0.020004
0.019940
0.019938
0.019954
0.019949
0.019902
0.019901
0.019841
0.019918
0.019815
0.019918
0.020355
0.020008
0.019964
0.019983
