0.556576
0.032668
0.033188
0.032944
0.033061
0.032524
0.032299
0.032424
0.032959
0.033135
0.032813
0.032735
0.066847
0.042622
0.042099
0.053466
0.050199
0.046592
0.046659
0.061933
0.071647
0.046430
0.050079
0.042626
0.045117
0.052733
0.033412
0.033166
0.032822
0.033043
0.033619
0.033811
0.033233
0.033216
0.033342
0.033049
0.058150
0.032849
0.032761
0.033424
0.062492
0.032523
0.032272
0.032143
0.032339
0.045961
0.034482
0.033793
0.032678
0.032384
0.032248
0.032422
0.032682
0.032357
0.032605
0.032584
0.032379
0.032626
0.032581
0.032711
0.062449
0.032240
0.032197
0.032192
0.053599
0.042794
0.032611
0.032734
0.032473
0.032899
0.032313
0.032080
0.032463
0.032463
0.037746
0.040323
0.032544
0.032375
0.032497
0.032351
0.062355
0.032839
0.033069
0.032674
0.032620
0.032026
0.032538
0.032241
0.032366
0.032386
0.032705
0.032670
0.032399
0.032118
0.036546
0.040874
0.033578
0.033692
0.033883
0.033489
0.062682
0.033299
0.033568
0.039930
0.035997
0.034076
0.029946
0.033553
0.033675
0.033363
0.032954
0.032628
0.032494
0.032840
0.032880
0.033055
0.033167
0.033300
0.033474
0.033503
0.063593
0.033386
0.033669
0.037206
0.037747
0.033837
0.032752
0.032981
0.032583
0.032554
0.032380
0.031987
0.032091
0.046185
0.032230
0.032117
0.032253
0.032349
0.032295
0.032391
0.061598
0.032093
0.041629
0.042617
0.042201
0.032396
0.032357
0.032232
0.032109
0.031954
0.031680
0.032248
0.040046
0.032827
0.032611
0.032657
0.032779
0.032557
0.032291
0.032117
0.062020
0.032015
0.042685
0.032058
0.031578
0.031774
0.031885
0.031990
0.031994
0.047145
0.032952
0.032557
0.031827
0.031799
0.031854
0.032021
0.047304
0.047807
0.032172
0.031997
0.061757
0.041405
0.036260
0.032127
0.031967
0.032079
0.032194
0.032191
0.032083
0.031914
0.031891
0.053743
0.036311
0.033137
0.032347
0.032835
0.032184
0.031858
0.031787
0.031521
0.060943
0.031709
0.032012
0.032074
0.031938
0.031872
0.031914
0.031918
0.031719
0.031499
0.031731
0.031854
0.042892
0.033743
0.031753
0.031747
0.031605
0.031555
0.031458
0.031516
0.061012
0.051579
0.041345
0.031946
0.031826
0.032347
0.032295
0.031599
0.031908
0.032026
0.032082
0.032112
0.031956
0.032043
0.031992
0.031700
0.031661
0.031535
0.031596
0.031690
0.061139
0.032248
0.041289
0.039583
0.031678
0.031677
0.031718
0.031860
0.031815
0.031867
0.031786
0.057469
0.038934
0.031577
0.031455
0.031605
0.031546
0.031300
0.031433
0.031577
0.061033
0.031550
0.031449
0.031530
0.031377
0.035509
0.042598
0.040628
0.041241
0.043107
0.077747
0.033867
0.032218
0.032288
0.032220
0.032233
0.032511
0.032332
0.032358
0.046822
0.065442
0.031635
0.031437
0.031526
0.031234
0.031245
0.030946
0.031060
0.031019
0.030536
0.030593
0.030973
0.020685
0.020545
0.020581
0.020523
0.020556
0.020545
0.020625
0.020786
0.020709
0.020594
0.020649
0.023818
0.025227
0.020865
0.020845
0.020590
0.020615
0.020624
0.020696
0.020621
0.020648
0.020717
0.020747
0.020654
0.020780
0.020651
0.020812
0.027604
0.021871
0.020592
0.020603
0.020647
0.020663
0.020545
0.020745
0.020730
0.020636
0.020625
0.030689
0.030632
0.031194
0.031259
0.031430
0.032195
0.031536
0.032158
0.031595
0.031580
0.060966
0.031754
0.031793
0.041317
0.031943
0.031910
0.031004
0.031197
0.031237
0.031413
0.031334
0.031357
0.031670
0.052891
0.032463
0.032127
0.031515
0.031614
0.031702
0.031374
0.060810
0.031337
0.031380
0.031091
0.031297
0.031334
0.031374
0.031122
0.031204
0.031128
0.031137
0.031056
0.031111
0.031252
0.055480
0.032155
0.031215
0.031233
0.031229
0.031535
0.060740
0.031320
0.031348
0.031332
0.047817
0.032726
0.032109
0.031953
0.032114
0.032448
0.032149
0.031845
0.031399
0.031280
0.031440
0.031155
0.031217
0.031229
0.030973
0.031266
0.060594
0.031184
0.031003
0.032482
0.071924
0.035604
0.031106
0.031116
0.031024
0.030988
0.030911
0.031029
0.030952
0.031046
0.041056
0.032434
0.031002
0.030872
0.030998
0.031033
0.060491
0.030994
0.030987
0.031485
0.030972
0.031099
0.031167
0.031023
0.031164
0.031111
0.031167
0.031048
0.031069
0.030993
0.031074
0.054943
0.031901
0.031035
0.031214
0.030948
0.060480
0.031045
0.030704
0.030759
0.030633
0.042568
0.031030
0.031068
0.031029
0.031305
0.030915
0.030653
0.030694
0.030733
0.030690
0.028867
0.030724
0.030684
0.030724
0.030919
0.060147
0.030533
0.030661
0.031019
0.030747
0.030700
0.046221
0.029175
0.030675
0.030857
0.030789
0.030794
0.030812
0.030843
0.030944
0.030716
0.030960
0.036557
0.039723
0.039337
0.069194
0.041229
0.042980
0.043146
0.043369
0.042866
0.042990
0.043078
0.043143
0.043163
0.043159
0.043148
0.043089
0.054306
0.046904
0.040853
0.031800
0.031748
0.031697
0.031619
0.061092
0.031863
0.043360
0.032531
