0.547097
0.078475
0.037813
0.030520
0.030604
0.030638
0.031260
0.030481
0.030437
0.030234
0.030169
0.037831
0.030528
0.030246
0.030240
0.030299
0.030227
0.030190
0.030521
0.030304
0.053810
0.030191
0.030157
0.030461
0.030313
0.030326
0.030197
0.030184
0.030097
0.030059
0.030228
0.030160
0.031252
0.031483
0.030371
0.030199
0.030220
0.030259
0.030403
0.030314
0.059853
0.030233
0.034546
0.032187
0.031182
0.030322
0.030235
0.030300
0.030257
0.030622
0.030254
0.030185
0.030246
0.030169
0.030288
0.030318
0.030176
0.030109
0.030331
0.030269
0.059811
0.030177
0.030151
0.030169
0.040489
0.030538
0.030261
0.030231
0.030178
0.030074
0.030099
0.030074
0.030086
0.030127
0.030042
0.040050
0.030827
0.030432
0.030354
0.030291
0.060287
0.030204
0.030360
0.030173
0.030082
0.030232
0.030164
0.030181
0.030082
0.030154
0.030408
0.030307
0.030390
0.030205
0.030287
0.030205
0.030029
0.037573
0.030355
0.030324
0.059848
0.030243
0.030165
0.030395
0.030408
0.030292
0.030082
0.036309
0.031567
0.030122
0.030202
0.030136
0.030158
0.030115
0.030179
0.030092
0.030060
0.030154
0.030129
0.030192
0.060034
0.030106
0.030057
0.030036
0.030009
0.030128
0.030181
0.029973
0.030042
0.041826
0.034997
0.031359
0.030215
0.030140
0.030161
0.030207
0.030180
0.030028
0.030062
0.055960
0.060120
0.030124
0.030069
0.030114
0.030086
0.030089
0.030202
0.030442
0.030212
0.030130
0.030150
0.030090
0.030077
0.030144
0.030629
0.030365
0.030203
0.030092
0.051412
0.038841
0.069077
0.038253
0.030368
0.030189
0.030235
0.030130
0.030005
0.036101
0.037080
0.030009
0.030073
0.030076
0.030046
0.029982
0.030210
0.030151
0.030008
0.030142
0.030155
0.029999
0.059501
0.030059
0.030006
0.030170
0.029923
0.030078
0.030034
0.030119
0.049186
0.038708
0.038281
0.038306
0.038380
0.042692
0.049938
0.030113
0.029998
0.054646
0.038581
0.038300
0.059795
0.040797
0.030505
0.030127
0.030065
0.030039
0.030171
0.030017
0.030205
0.030063
0.029939
0.030091
0.030153
0.029951
0.029978
0.029946
0.030085
0.051078
0.033095
0.030823
0.060433
0.030713
0.030895
0.030888
0.030877
0.030880
0.030914
0.039803
0.030684
0.030422
0.030078
0.030124
0.030123
0.030130
0.030053
0.030099
0.029965
0.030062
0.030130
0.030032
0.059828
0.030041
0.030116
0.030069
0.030185
0.030014
0.030232
0.030095
0.030031
0.032408
0.030258
0.030156
0.030084
0.030175
0.030187
0.031135
0.031012
0.030216
0.030175
0.055215
0.059885
0.030050
0.030067
0.030178
0.030149
0.030146
0.030063
0.030067
0.030061
0.030189
0.030159
0.030161
0.030095
0.030114
0.030111
0.031727
0.030222
0.030181
0.030111
0.030079
0.062446
0.030598
0.030166
0.030105
0.030177
0.030173
0.030047
0.030125
0.030028
0.030032
0.030022
0.049450
0.032816
0.030111
0.030120
0.030055
0.030042
0.030122
0.030081
0.030115
0.059690
0.030135
0.030030
0.030014
0.030155
0.030046
0.030127
0.030164
0.030271
0.030396
0.030073
0.030099
0.054938
0.038526
0.030965
0.030838
0.031091
0.030893
0.030751
0.030870
0.060425
0.030833
0.050434
0.030263
0.030069
0.030120
0.030055
0.030096
0.030078
0.030116
0.030182
0.030128
0.030020
0.030189
0.030324
0.030225
0.030080
0.030137
0.029973
0.030039
0.059736
0.030031
0.030036
0.051890
0.032899
0.030148
0.030016
0.030133
0.030015
0.030099
0.030073
0.030195
0.030066
0.030164
0.045873
0.031072
0.030051
0.029968
0.030032
0.030152
0.060130
0.030114
0.030037
0.030121
0.030125
0.030137
0.029914
0.030092
0.030026
0.030024
0.030070
0.031003
0.030092
0.030159
0.030931
0.045189
0.033912
0.030165
0.030059
0.030749
0.059627
0.030221
0.030173
0.029917
0.030049
0.033905
0.038899
0.030902
0.030066
0.030125
0.030105
0.029988
0.029932
0.030028
0.030008
0.030151
0.030084
0.029947
0.030076
0.030061
0.059836
0.030018
0.029998
0.029992
0.030157
0.030056
0.030059
0.040482
0.037741
0.030959
0.030883
0.030856
0.030764
0.030966
0.030828
0.030121
0.030013
0.054745
0.030279
0.030001
0.059452
0.030057
0.029892
0.029992
0.030074
0.029925
0.029953
0.030024
0.030019
0.029956
0.030001
0.030146
0.030048
0.030008
0.030022
0.030025
0.030036
0.030045
0.049861
0.031338
0.060114
0.030039
0.030006
0.030046
0.029990
0.029926
0.030055
0.029979
0.031686
0.035883
0.030168
0.030013
0.029993
0.029967
0.030036
0.030004
0.029876
0.030143
0.029987
0.029952
0.059604
0.030024
0.030016
0.029930
0.029895
0.030044
0.030215
0.029973
0.030077
0.030007
0.032614
0.031882
0.029930
0.029928
0.029977
0.030006
0.029927
0.030013
0.029935
0.029913
0.060368
0.034423
0.029968
0.030026
0.029940
0.029925
0.030022
0.029962
0.030008
0.030044
0.030054
0.029966
0.029965
0.030172
0.029969
0.030156
0.029978
0.030073
0.030083
0.029983
0.059703
0.030125
0.040859
0.030452
0.029978
0.029927
0.029922
0.030002
0.029980
0.030037
0.030100
0.030031
0.029905
0.034215
0.033598
0.030019
0.030055
0.030087
0.030030
0.030291
0.061424
0.030096
0.030126
0.030091
0.029962
0.030058
0.030038
0.029981
0.030019
0.029968
0.029972
0.029901
0.030041
0.029916
0.030014
0.036345
0.030475
0.029950
0.030002
0.029947
0.059510
0.030101
0.029933
0.030066
0.029924
0.037123
0.030398
0.029950
0.030074
0.030008
0.029991
0.030013
0.030164
0.029970
0.030026
0.029996
0.029960
0.030089
0.030034
0.030002
0.059844
0.030190
0.030034
0.029960
0.030055
0.029986
0.030036
0.039498
0.032389
0.030119
0.030071
0.029993
0.030019
0.030082
0.030100
0.030112
0.030129
0.030051
0.045174
0.032172
0.060214
0.030793
0.030896
0.031524
0.031016
0.030939
0.030683
0.030801
0.030755
0.030282
0.030089
0.030041
0.030019
0.030138
0.030066
0.030190
0.030174
0.030114
0.030053
0.035360
0.067480
0.030134
0.029989
0.030023
0.029997
0.030037
0.029989
0.029985
0.030062
0.050511
0.034454
0.030179
0.030092
0.030555
0.030053
0.030135
0.029978
0.030140
0.030014
0.029997
0.060199
0.030112
0.030073
0.030115
0.030126
0.030129
0.030099
0.030205
0.030110
0.030383
0.030101
0.039134
0.030266
0.030062
0.030044
0.030079
0.030085
0.030118
0.029997
0.030029
0.060649
0.037681
0.030647
0.030248
0.035045
0.029989
0.030057
0.030000
0.030256
0.030190
0.030013
0.034667
0.039843
0.038327
0.038102
0.038248
0.038209
0.042222
0.042127
0.074321
0.068198
0.030163
0.030123
0.030057
0.030025
0.030025
0.030075
0.030106
0.030088
0.033352
0.030027
0.030028
0.030084
0.029907
0.030080
0.030119
0.030068
0.030036
0.029935
0.030054
0.060716
0.030041
0.029992
0.030139
0.030086
0.030560
0.030121
0.030007
0.030056
0.029999
0.034918
0.032925
0.030114
0.030092
0.030285
0.029996
0.030132
0.030060
0.030059
0.030047
0.060307
0.035746
0.030285
0.030045
0.030133
0.029974
0.030134
0.030017
0.029944
0.030039
0.030069
0.030016
0.030039
0.030003
0.029981
0.030038
0.030014
0.030114
0.030122
0.030158
0.060081
0.030005
0.032256
0.033040
0.029966
0.030046
0.030008
0.029917
0.030163
0.030164
0.029979
0.030114
0.029989
0.031780
0.032871
0.030040
0.030074
0.030029
0.030037
0.030159
0.059764
0.029976
0.029933
0.030122
0.030092
0.029982
0.030025
0.030050
0.030046
0.029942
0.030034
0.029961
0.030032
0.030157
0.029965
0.044770
0.031111
0.029998
0.030029
0.030018
0.059391
0.030019
0.030043
0.029945
0.030022
0.047580
0.030456
0.029938
0.030157
0.030025
0.030012
0.030204
0.030033
0.030005
0.030056
0.029995
0.030079
0.029953
0.030051
0.030061
0.060520
0.039183
0.035708
0.030077
0.030109
0.029969
0.038850
0.030249
0.029984
0.030016
0.030026
0.030489
0.030122
0.030089
0.029958
0.030012
0.030057
0.038853
0.030313
0.030068
0.060813
0.029974
0.030073
0.030053
0.029984
0.030121
0.030057
0.029934
0.030139
0.030023
0.030080
0.030074
0.030098
0.030029
0.030025
0.030021
0.030009
0.030068
0.029955
0.039985
0.060010
0.029956
0.030006
0.029905
0.030014
0.029988
0.030038
0.030023
0.030062
0.035012
0.032298
0.030091
0.030078
0.030049
0.030081
0.030017
0.030042
0.029980
0.030075
0.030064
0.059438
0.030010
0.030110
0.030037
0.029995
0.030408
0.029944
0.029939
0.029881
0.032360
0.033592
0.029970
0.029940
0.030148
0.029847
0.030041
0.030076
0.029951
0.030037
0.029971
0.081935
0.030251
0.036821
0.042398
0.030802
0.029983
0.029774
0.030004
0.029905
0.029965
0.029998
0.029937
0.029913
0.029917
0.030028
0.030036
0.030041
0.030025
0.029983
0.030027
0.061191
0.041122
0.029999
0.030053
0.029946
0.030054
0.030244
0.030030
0.030011
0.029923
0.030020
0.053586
0.030349
0.030106
0.030004
0.030005
0.030042
0.030064
0.029983
0.030030
0.060530
0.030120
0.029956
0.030075
0.031030
0.030079
0.030022
0.029995
0.029997
0.029927
0.029920
0.029973
0.038351
0.034578
0.029981
0.029895
0.030059
0.029924
0.030103
0.029958
0.059515
0.029982
0.056564
0.031365
0.030009
0.030018
0.029940
0.030008
0.029956
0.029998
0.030027
0.029965
0.029815
0.030029
0.030010
0.029885
0.030021
0.029902
0.029982
0.030044
0.060304
0.030046
0.029932
0.031689
0.032319
0.029971
0.030044
0.029983
0.030015
0.031185
0.029950
0.030612
0.030465
0.029896
0.033256
0.030488
0.030119
0.029939
0.029984
0.029864
0.060375
0.029966
0.030015
0.030023
0.030093
0.029994
0.029933
0.030055
0.029960
0.030095
0.030032
0.029920
0.030022
0.029934
0.029958
0.030031
0.038978
0.038098
0.037945
0.038193
0.076846
0.033208
0.029904
0.029988
0.033897
0.034247
0.029965
0.030003
0.029986
0.029930
0.029978
0.030073
0.029961
0.030014
0.029945
0.029913
0.029903
0.030021
0.029922
0.029933
0.060523
0.029986
0.029883
0.029906
0.030032
0.030137
0.036886
0.030637
0.030043
0.030013
0.030014
0.030026
0.030016
0.030067
0.030077
0.030093
0.029937
0.033478
0.031925
0.030094
0.060224
0.030028
0.030038
0.029897
0.029915
0.029966
0.029963
0.030025
0.030030
0.029941
0.029930
0.029927
0.029986
0.030044
0.029989
0.029962
0.029947
0.029925
0.030994
0.038930
0.068585
0.029876
0.031088
0.034801
0.037610
0.030742
0.030732
0.030751
0.044254
0.031054
0.030652
0.030684
0.030743
0.030870
0.030834
0.030773
0.030791
0.030817
0.030720
0.030804
0.067398
0.037372
0.045486
0.051332
0.049952
0.045077
0.061930
0.031440
0.030293
0.030164
0.030006
0.029954
0.029922
0.029876
0.030099
0.029972
0.030035
0.037570
0.030404
0.029912
0.059451
0.030120
0.030033
0.029989
0.030035
0.029954
0.029829
0.030060
0.030076
0.029916
0.030077
0.029986
0.029981
0.030002
0.030003
0.029949
0.029940
0.030073
0.034665
0.032947
0.060520
0.030023
0.030370
0.030016
0.030042
0.029980
0.029981
0.029968
0.034025
0.032515
0.030100
0.030036
0.029950
0.029927
0.030064
0.029958
0.029940
0.030092
0.029961
0.029997
0.060885
0.030053
0.030025
0.030106
0.030039
0.030051
0.030076
0.030048
0.030105
0.030061
0.046264
0.037756
0.030835
0.030816
0.030926
0.030969
0.030810
0.030880
0.030859
0.030701
0.082125
0.037493
0.030791
0.030786
0.030820
0.030975
0.030927
0.030846
0.031057
0.030896
0.030859
0.031120
0.030934
0.031674
0.034826
0.031216
0.030795
0.030936
0.030884
0.030796
0.060519
0.063117
0.038786
0.038304
0.041136
0.068235
0.053312
0.069087
0.049226
0.030342
0.030519
0.030335
0.030241
0.030459
0.030600
0.030338
0.030087
0.054513
0.030176
0.030049
0.059416
0.030173
0.029957
0.030058
0.030068
0.029973
0.029983
0.035356
0.031447
0.030073
0.029989
0.030060
0.030149
0.029999
0.030131
0.030051
0.029983
0.030064
0.030092
0.030226
0.060436
0.030005
0.030068
0.030067
0.030060
0.030101
0.030272
0.037182
0.030370
0.030040
0.029978
0.030060
0.030050
0.029929
0.029992
0.029925
0.029980
0.030052
0.032430
0.030022
0.060283
0.030121
0.030051
0.029999
0.030170
0.029935
0.029966
0.030027
0.030168
0.030040
0.029941
0.030099
0.030030
0.029998
0.030015
0.030075
0.030147
0.029978
0.030154
0.045705
0.059994
0.030031
0.030066
0.030026
0.029988
0.030004
0.029924
0.029961
0.030091
0.059125
0.030301
0.030109
0.029893
0.029897
0.030066
0.029880
0.029958
0.029947
0.029902
0.029893
0.060337
0.030024
0.029984
0.029861
0.029975
0.029976
0.030006
0.030279
0.029850
0.029966
0.030097
0.036871
0.030024
0.029910
0.029869
0.029941
0.029925
0.029855
0.030150
