0.512052
0.030014
0.029861
0.033035
0.037489
0.029920
0.030768
0.029824
0.032314
0.030002
0.029832
0.029796
0.030030
0.029869
0.052159
0.030080
0.029808
0.029766
0.029685
0.029737
0.053860
0.029752
0.029701
0.029773
0.029757
0.029885
0.029804
0.029700
0.029845
0.029818
0.029875
0.029763
0.029783
0.029896
0.030041
0.029821
0.048800
0.030285
0.029844
0.029979
0.059578
0.029943
0.030102
0.030078
0.030071
0.029885
0.046161
0.030293
0.030454
0.029891
0.029974
0.029953
0.030011
0.030017
0.029837
0.029865
0.029821
0.029985
0.029976
0.029970
0.059531
0.029693
0.039100
0.039278
0.049763
0.038047
0.029918
0.029992
0.029889
0.029987
0.029963
0.030195
0.029856
0.029933
0.029809
0.042531
0.030437
0.029852
0.029867
0.029950
0.059740
0.029857
0.029908
0.030931
0.029932
0.029890
0.029965
0.029828
0.029842
0.029950
0.029918
0.029957
0.029880
0.029903
0.029871
0.029991
0.029854
0.040290
0.030215
0.029853
0.059447
0.029818
0.030073
0.029991
0.029878
0.029899
0.029889
0.039762
0.033464
0.035877
0.030870
0.029926
0.029870
0.029886
0.029787
0.029824
0.030015
0.029952
0.029919
0.030549
0.059904
0.029903
0.029815
0.029882
0.030010
0.029922
0.029931
0.029842
0.029749
0.036123
0.031569
0.029946
0.029891
0.029922
0.029845
0.029854
0.029922
0.029946
0.030025
0.029798
0.078123
0.029938
0.029919
0.030003
0.029879
0.030039
0.030013
0.029941
0.029888
0.029921
0.029959
0.030130
0.029866
0.030412
0.029953
0.029927
0.029852
0.029976
0.029924
0.029974
0.059789
0.054824
0.031615
0.030811
0.030946
0.030749
0.030651
0.030736
0.030600
0.030850
0.031496
0.031366
0.039351
0.029936
0.029972
0.029809
0.029819
0.030126
0.029909
0.029943
0.059292
0.029796
0.030026
0.029967
0.029836
0.029908
0.029850
0.029909
0.029917
0.029937
0.029883
0.029818
0.029876
0.049311
0.030221
0.035414
0.039701
0.037899
0.029866
0.030011
0.059691
0.029927
0.049799
0.037772
0.030698
0.030763
0.030668
0.030786
0.030806
0.030724
0.030741
0.038975
0.038745
0.039109
0.039248
0.039150
0.052691
0.064153
0.034609
0.030772
0.073275
0.037439
0.029994
0.029885
0.029879
0.030235
0.029962
0.029866
0.029843
0.029983
0.037948
0.031363
0.029870
0.030106
0.029891
0.029966
0.029991
0.029927
0.030019
0.045898
0.060264
0.034129
0.030603
0.030203
0.030091
0.030416
0.030674
0.029948
0.030044
0.030024
0.030001
0.032581
0.035022
0.030062
0.030277
0.030254
0.029953
0.029935
0.030043
0.029967
0.060637
0.030047
0.038076
0.030907
0.030309
0.029982
0.030022
0.029971
0.029937
0.030070
0.030109
0.030027
0.030022
0.030564
0.030025
0.030152
0.030139
0.030030
0.030980
0.030040
0.060146
0.030042
0.030065
0.045768
0.038057
0.030861
0.030754
0.030921
0.030847
0.046067
0.030954
0.030858
0.030795
0.036443
0.030915
0.030802
0.030897
0.030805
0.031032
0.030859
0.062011
0.030724
0.030847
0.030761
0.030752
0.030793
0.030753
0.030700
0.030897
0.030410
0.030016
0.030053
0.029971
0.030039
0.034655
0.030096
0.030320
0.030093
0.030013
0.030021
0.060295
0.036145
0.030238
0.040001
0.038525
0.038366
0.038020
0.042412
0.042304
0.042210
0.042053
0.042468
0.042351
0.042148
0.042083
0.042243
0.042230
0.042569
0.042247
0.076018
0.073035
0.057725
0.032805
0.047518
0.030289
0.030274
0.030316
0.058792
0.031986
0.030267
0.030103
0.029984
0.030112
0.030050
0.030013
0.030094
0.030053
0.030151
0.030353
0.030133
0.060242
0.030045
0.030017
0.030026
0.030050
0.029911
0.030029
0.030024
0.030067
0.036920
0.031494
0.035921
0.030037
0.030025
0.030378
0.030097
0.030046
0.030025
0.030125
0.033158
0.062916
0.030255
0.030284
0.030106
0.030087
0.030890
0.030294
0.030177
0.030405
0.030261
0.030199
0.030344
0.030188
0.030391
0.038904
0.038903
0.038707
0.042655
0.044334
0.067363
0.069030
0.042815
0.043218
0.042807
0.063331
0.037201
0.040006
0.039229
0.039114
0.042602
0.059982
0.047327
0.038240
0.030387
0.030276
0.030425
0.030431
0.030262
0.030323
0.030517
0.059469
0.030071
0.029937
0.030278
0.039179
0.038394
0.042261
0.042108
0.042259
0.042403
0.040262
0.044780
0.040846
0.039416
0.039382
0.039174
0.039413
0.039544
0.039599
0.039749
0.097493
0.031896
0.031467
0.031430
0.031549
0.031406
0.031894
0.040911
0.031106
0.031074
0.030787
0.030917
0.030866
0.030751
0.030980
0.030914
0.030888
0.050401
0.037815
0.031078
0.060330
0.031024
0.030870
0.030881
0.030916
0.030449
0.038412
0.038194
0.038375
0.039331
0.042155
0.042328
0.042496
0.042461
0.042462
0.048125
0.045920
0.045372
0.045145
0.045388
0.078062
0.045475
0.040047
0.037957
0.041499
0.045207
0.045521
0.045459
0.045629
0.045448
0.045393
0.045576
0.045574
0.045491
0.045340
0.045744
0.038124
0.038067
0.043743
0.031010
0.060271
0.030625
0.030579
0.030588
0.030650
0.030544
0.030551
0.030594
0.057701
0.030710
0.031419
0.045580
0.045336
0.045517
0.045415
0.045194
0.045374
0.045310
0.045520
0.045492
0.077487
0.045518
0.045743
0.040442
0.038226
0.045401
0.045459
0.045459
0.045383
0.045473
0.069123
0.045968
0.049017
0.045103
0.031142
0.039860
0.039162
0.031258
0.031704
0.031201
0.060569
0.030993
0.030977
0.031181
0.030856
0.030412
0.030259
0.030199
0.030127
0.051730
0.030199
0.030253
0.038484
0.038218
0.038412
0.031989
0.030658
0.030579
0.030549
0.056066
0.060556
0.030667
0.030642
0.030662
0.030699
0.030559
0.030342
0.030150
0.030151
0.030132
0.030179
0.031051
0.030309
0.030206
0.030188
0.030175
0.030200
0.030281
0.030250
0.030211
0.066499
0.030312
0.030233
0.030264
0.030213
0.030169
0.030227
0.030276
0.030410
0.030236
0.031243
0.036051
0.030399
0.030315
0.030166
0.030267
0.030325
0.030192
0.030185
0.030208
0.060116
0.030413
0.030232
0.030272
0.030283
0.030201
0.030248
0.030249
0.030200
0.030222
0.030278
0.030091
0.034173
0.033874
0.030322
0.030232
0.030247
0.030255
0.030236
0.030254
0.060433
0.030253
0.031764
0.036442
0.030568
0.030164
0.030312
0.030190
0.030264
0.030238
0.030288
0.030272
0.030298
0.030260
0.030221
0.030183
0.030181
0.030234
0.030180
0.030140
0.060472
0.030333
0.030164
0.030243
0.050588
0.032613
0.030418
0.030206
0.030289
0.030314
0.030267
0.030278
0.030343
0.030267
0.030342
0.055763
0.031042
0.031085
0.030989
0.031081
0.061082
0.031100
0.030999
0.031049
0.031075
0.031043
0.031760
0.037361
0.039618
0.039596
0.039510
0.040575
0.042262
0.031182
0.034162
0.036162
0.030435
0.030418
0.030320
0.030414
0.060565
0.030432
0.038701
0.048247
0.031741
0.038773
0.038582
0.039629
0.045597
0.038938
0.042867
0.043910
0.042627
0.042526
0.042387
0.042746
0.042714
0.042562
0.053023
0.068405
0.082144
0.042460
0.050139
0.042696
0.042544
0.042568
0.062418
0.042820
0.042663
0.042613
0.042565
0.042689
0.042512
0.042696
0.042833
0.042759
0.042783
0.042636
0.042545
0.042589
0.066472
0.030960
0.042526
0.032360
0.030405
0.030331
0.030298
0.030277
0.030337
0.030584
0.030442
0.030369
0.031149
0.039926
0.030935
0.030322
0.030485
0.030585
0.030665
0.030741
0.060842
0.030728
0.030678
0.030581
0.030579
0.030535
0.030633
0.030674
0.030692
0.030566
0.030693
0.030827
0.030646
0.030720
0.052177
0.031435
0.031163
0.031015
0.031026
0.035022
0.066248
0.043278
0.046125
0.072153
0.039863
0.043281
0.043843
0.043355
0.043727
0.043655
0.043876
0.043845
0.043713
0.043774
0.045058
0.047588
0.040254
0.071602
0.034101
0.031377
0.061217
0.031444
0.031550
0.031074
0.031196
0.031270
0.037528
0.041033
0.031241
0.031090
0.031116
0.031019
0.039812
0.039913
0.039845
0.041116
0.044457
0.034196
0.031169
0.030994
0.061279
0.031147
0.031098
0.030950
0.031097
0.031005
0.044535
0.031081
0.030567
0.031111
0.030917
0.031033
0.030987
0.030878
0.030868
0.030928
0.030968
0.040137
0.031085
0.031062
0.061344
0.031051
0.031182
0.031033
0.031063
0.028749
0.031035
0.030866
0.031029
0.031137
0.030806
0.030653
0.030737
0.030760
0.030996
0.030972
0.031112
0.031109
0.039658
0.031516
0.061249
0.031141
0.031231
0.031159
0.031203
0.031193
0.031141
0.031172
0.040447
0.031522
0.031069
0.031105
0.030968
0.030717
0.030722
0.028742
0.030636
0.030531
0.030711
0.030653
0.060781
0.030651
0.030654
0.030583
0.030573
0.030592
0.030572
0.030648
0.030579
0.033140
0.034017
0.030817
0.030699
0.030554
0.030763
0.030576
0.030631
0.030739
0.030715
0.030730
0.077935
0.030963
0.030842
0.031054
0.031055
0.030987
0.030964
0.031053
0.031204
0.031094
0.031094
0.031071
0.031084
0.031139
0.031188
0.031317
0.031333
0.031382
0.031487
0.031423
0.062449
0.034160
0.032487
0.031681
0.031447
0.031566
0.031398
0.031561
0.031428
0.031483
0.031329
0.043847
0.034712
0.031312
0.031314
0.031517
0.031445
0.031256
0.031359
0.031368
0.061656
0.031241
0.031300
0.031147
0.031200
0.031068
0.031106
0.031210
0.031081
0.031228
0.031095
0.031230
0.040978
0.032060
0.030950
0.031085
0.031097
0.031042
0.031039
0.030955
0.061312
0.031249
0.059983
0.039912
0.031361
0.031333
0.031399
0.031292
0.031269
0.031277
0.031438
0.031428
0.031497
0.031353
0.031614
0.031250
0.031400
0.031490
0.031410
0.031316
0.061437
0.031404
0.032857
0.041224
0.040524
0.040709
0.040590
0.044667
0.044731
0.044744
0.064126
0.042317
0.041334
0.044660
0.044982
0.044997
0.044618
0.065843
0.055049
0.040714
0.078606
0.039318
0.031651
0.031592
0.031533
0.031569
0.051164
0.039257
0.031303
0.031314
0.031255
0.031277
0.031354
0.031283
0.031290
0.031423
0.031352
0.043100
0.034327
0.040198
0.070957
0.040300
0.043754
0.043697
0.043958
0.043913
0.054470
0.070974
0.056961
0.031879
0.034330
0.031570
0.040028
0.032957
0.031687
0.031125
0.031058
0.031853
0.032278
0.031168
0.061280
0.062925
0.041170
0.041172
0.040470
0.044221
0.044031
0.062715
0.044525
0.048032
0.043990
0.047154
0.044260
0.044150
0.053402
0.085594
0.032108
0.031525
0.031643
0.031699
0.061651
0.031332
0.031203
0.040071
0.061585
0.031802
0.031404
0.031419
0.031337
0.031350
0.031402
0.031316
0.031334
0.031582
0.031255
0.031426
0.031266
0.031185
0.031094
0.031263
0.061443
0.031923
0.031278
0.031305
0.031400
0.051052
0.031681
0.031499
0.031461
0.031326
0.031268
0.031250
0.031167
0.031109
0.031132
0.031594
0.038202
0.031369
0.031072
0.031061
0.060734
0.030823
0.030764
0.030575
0.030739
0.030709
0.030634
0.030783
0.030703
0.030571
0.030593
0.030636
0.030748
0.030715
0.030677
0.031053
0.030841
0.040527
0.031155
0.030725
0.060994
0.030655
0.030767
0.030785
0.030799
0.030787
0.031103
0.037768
0.032820
0.030976
0.030945
0.031065
0.031042
0.031139
0.028964
0.031060
0.030723
0.031076
0.031062
0.031253
0.061362
0.031189
0.031273
0.030988
0.031059
0.031065
0.031088
0.031050
0.045688
0.034276
0.031057
0.030910
0.031092
0.030892
0.031462
0.031005
0.030829
0.030924
0.034955
0.048928
0.069757
0.042145
0.043407
0.043084
0.043277
0.043246
0.043332
0.067902
0.046451
0.031000
0.029123
0.031173
0.031103
0.031122
0.049477
0.039118
0.031609
0.031890
0.031940
0.031912
0.062173
0.031636
0.032023
0.032032
0.040435
0.031670
0.031262
0.031569
0.031254
0.031367
0.031293
0.031147
0.031236
0.031356
0.031137
0.031433
0.031395
0.031282
0.031589
0.031434
0.061828
0.031517
0.031642
0.031595
0.034405
0.041406
0.040518
0.040655
0.041098
0.044881
0.044935
0.044971
0.068814
0.048417
0.031961
0.031996
0.031330
0.031112
0.031040
0.030724
0.060660
0.031448
0.031445
0.031497
0.031533
0.031499
0.031627
0.031698
0.031479
0.029564
0.031350
0.031498
0.058680
0.033581
0.030661
0.030637
0.030768
0.030731
0.030749
0.030703
0.061036
0.028865
0.051232
0.039478
0.039413
0.039478
0.039470
0.042981
0.043142
0.043244
0.050977
0.059208
0.031082
0.050738
0.049415
0.031174
0.031219
0.031033
0.048064
0.039377
0.062185
0.031476
0.031504
0.031534
0.031567
0.031489
0.031572
0.031545
0.056916
0.032144
0.031439
0.031468
0.031974
0.038332
0.040249
0.031510
0.031803
0.031534
0.031560
0.031467
0.061458
0.031304
0.030826
0.030923
0.030772
0.030900
0.031377
0.033365
0.034782
0.031446
0.031553
0.031497
0.031675
0.031530
0.031738
0.031391
0.031516
0.031675
0.051839
0.031594
0.061781
0.031579
0.031448
0.031268
0.031385
0.031263
0.031426
0.031937
0.031344
0.031416
0.031382
0.031424
0.031466
0.031484
0.031435
0.031257
0.031384
0.031336
0.034992
0.040964
0.071327
0.040264
0.044031
0.044340
0.045526
0.070825
0.034438
0.031500
0.031462
0.031560
0.031562
0.040534
0.040584
0.041702
0.044678
0.044538
0.044823
0.044901
0.044934
0.044992
0.075275
0.044730
0.042135
0.044179
0.061200
0.032150
0.031779
0.032152
0.032092
0.032100
0.031915
0.053954
0.039145
0.038801
0.039664
0.046859
0.046745
0.046805
0.046798
0.047096
0.079826
0.047143
0.032263
0.039688
0.041457
0.046925
0.060962
0.043983
0.043996
0.043925
0.043958
0.044089
0.044248
0.041360
0.042418
0.047275
0.047236
0.047188
0.047186
0.047118
0.084578
0.042499
0.032256
0.032147
0.032161
0.032423
0.032218
0.032189
0.032042
0.032075
0.053632
0.034378
0.040312
0.040311
0.041033
0.043929
0.044210
0.044147
0.055189
0.044554
0.090821
0.035547
0.031585
0.031493
0.031995
0.031496
0.031646
0.031353
0.031231
0.031013
0.031216
0.031142
0.031273
0.031180
0.031203
0.040136
0.066074
0.038195
0.040101
0.039880
0.074780
0.041662
0.042149
0.047985
0.040751
0.032023
0.032057
0.031809
0.039117
0.038657
0.039965
0.046150
0.046870
0.046425
0.046232
0.046381
0.046231
0.048074
0.031251
0.031142
0.062759
0.032393
0.030821
0.030642
0.046040
0.030602
0.046009
0.045620
0.046092
0.033509
0.039085
0.038158
0.038278
0.036096
0.030114
0.029898
