0.524051
0.030578
0.031274
0.029800
0.029791
0.029777
0.029910
0.029795
0.029814
0.029872
0.029827
0.029931
0.029931
0.029967
0.029884
0.029893
0.029862
0.039094
0.038288
0.037284
0.053885
0.030006
0.029972
0.030039
0.030064
0.030059
0.058486
0.030498
0.029910
0.029979
0.029965
0.030039
0.030055
0.029918
0.030076
0.029954
0.029937
0.029914
0.030103
0.029932
0.059683
0.030045
0.030046
0.029961
0.030024
0.030021
0.029990
0.046021
0.031179
0.030018
0.030026
0.029953
0.029976
0.029913
0.029971
0.029996
0.029978
0.030033
0.042415
0.030447
0.059565
0.029972
0.030049
0.030079
0.030087
0.029976
0.030046
0.030705
0.030096
0.029818
0.043046
0.049419
0.031509
0.030103
0.029998
0.029959
0.029879
0.029953
0.042478
0.032641
0.059849
0.030061
0.029939
