0.572699
0.039191
0.043028
0.042862
0.042703
0.042816
0.042728
0.068655
0.044136
0.030418
0.032268
0.050455
0.030492
0.058224
0.031036
0.030478
0.030519
0.030494
0.030275
0.030127
0.054166
0.030227
0.030295
0.032205
0.036031
0.030426
0.030211
0.030114
0.030105
0.030207
0.030144
0.030288
0.030135
0.030132
0.030125
0.030039
0.030200
0.030270
0.030215
0.030165
0.059991
0.030122
0.030180
0.030118
0.030145
0.032034
0.039165
0.038429
0.038327
0.039420
0.039454
0.038572
0.038373
0.038445
0.057709
0.038568
0.042250
0.042555
0.026609
0.026406
0.044407
0.039787
0.020651
0.020499
0.032792
0.026375
0.020365
0.020494
0.020586
0.020522
0.020429
0.020471
0.020425
0.030403
0.020325
0.020251
0.023245
0.027666
0.026676
0.026524
0.026397
0.026413
0.026481
0.026329
0.022849
0.020773
0.020716
0.020673
0.020716
0.020728
0.026845
0.024503
0.021115
0.020892
0.026550
0.026332
0.026490
0.026479
0.026546
0.026380
0.026514
0.026000
0.020882
0.020785
0.020563
0.020164
0.020179
0.020282
0.020215
0.020277
0.020265
0.020229
0.020316
0.020268
0.020286
0.020229
0.020161
0.020256
0.020241
0.048221
0.020915
0.020843
0.020711
0.020765
0.020830
0.020919
0.020764
0.020738
0.020831
0.020806
0.020734
0.020761
0.020777
0.020926
0.027128
0.023154
0.020953
0.020717
0.020843
0.020812
0.020770
0.020863
0.020826
0.020829
0.020738
0.020833
0.020769
0.020745
0.020872
0.021001
0.020811
0.020933
0.020777
0.020766
0.020813
0.020837
0.020735
0.020771
0.020794
0.020823
0.020780
0.020822
0.020734
0.020840
0.020830
0.027100
0.024933
0.020943
0.020862
0.020936
0.020964
0.020897
0.020408
0.020420
0.020323
0.020341
0.020231
0.020401
0.020303
0.020293
0.028797
0.022551
0.020820
0.020727
0.020761
0.020752
0.020739
0.020709
0.020760
0.020483
0.020291
0.020222
0.020324
0.020360
0.020284
0.020380
0.020334
0.020372
0.020339
0.020260
0.020277
0.020207
0.020351
0.020329
0.020338
0.020326
0.020246
0.020312
0.020344
0.020365
0.020376
0.023408
0.024544
0.021396
0.020223
0.020319
0.020337
0.020343
0.020396
0.020440
0.020304
0.020413
0.020286
0.020343
0.020404
0.020253
0.020936
0.027297
0.030405
0.020394
0.020314
0.020342
0.020365
0.020374
0.020267
0.020361
0.020304
0.020278
0.020357
0.020253
0.020411
0.020389
0.020308
0.020326
0.020324
0.020311
0.020407
0.020315
0.020329
0.020313
0.020479
0.020295
0.020288
0.020465
0.020452
0.020433
0.020477
0.020425
0.027458
0.026871
0.026634
0.026679
0.026695
0.026706
0.026764
0.026687
0.026667
0.026637
0.026726
0.040853
0.027421
0.027229
0.028876
0.020566
0.020509
0.020508
0.020546
0.020642
0.020528
0.020601
0.020419
0.020327
0.020298
0.020405
0.020347
0.020357
0.020352
0.020269
0.020452
0.020362
0.020429
0.020380
0.020394
0.020269
0.020286
0.020390
0.020315
0.020309
0.020497
0.041297
0.024987
0.020455
0.020424
0.020379
0.020300
0.020324
0.020405
0.020445
0.020365
0.020468
0.020393
0.020329
0.020472
0.020343
0.021461
0.026750
0.023249
0.020256
0.020408
0.020430
0.020355
0.020403
0.020319
0.020263
0.020292
0.020349
0.020363
0.020274
0.020398
0.020402
0.020337
0.020377
0.020305
0.020402
0.020289
0.020430
0.020408
0.020452
0.020801
0.020438
0.020460
0.021532
0.026224
0.020846
0.026814
0.021082
0.026654
0.020700
0.026668
0.026575
0.026582
0.026564
0.042849
0.041596
0.024574
0.020549
0.020509
0.020568
0.027036
0.025319
0.020431
0.020482
0.020528
0.020485
0.020583
0.020478
0.020390
0.020432
0.020413
0.020487
0.020470
0.020452
0.020409
0.020659
0.020616
0.020508
0.020381
0.020396
0.020434
0.020545
