0.573062
0.036913
0.030402
0.030554
0.030377
0.030494
0.030370
0.030381
0.030425
0.030612
0.030500
0.030500
0.030411
0.030706
0.030699
0.030532
0.030575
0.030697
0.030548
0.030538
0.065828
0.041404
0.030616
0.030531
0.030601
0.030934
0.030631
0.030608
0.030493
0.030596
0.035207
0.030992
0.030549
0.030624
0.030599
0.030521
0.030553
0.030480
0.030462
0.030326
0.060136
0.030345
0.030587
0.030675
0.030654
0.030652
0.032411
0.030552
0.030496
0.030573
0.030627
0.033625
0.033571
0.030651
0.030553
0.030593
0.030419
0.030338
0.030543
0.030467
0.060332
0.033608
0.034018
0.030500
0.030445
0.030506
0.030445
0.030545
0.030843
0.030551
0.030626
0.030565
0.030661
0.030610
0.030605
0.030573
0.030197
0.030238
0.030324
0.030459
0.060019
0.032439
0.031101
0.030338
0.030308
0.030284
0.030416
0.030309
0.030335
0.031313
0.054641
0.039471
0.041279
0.042705
0.042735
0.064324
0.067461
0.039110
0.039079
0.036872
0.060054
0.030696
0.030254
0.030334
0.030334
0.038329
0.030767
0.030297
0.030276
0.030347
0.030339
0.030254
0.030182
0.030158
0.030185
0.030340
0.043571
0.033042
0.030366
0.030391
0.060174
0.030333
0.030323
0.030232
0.030212
0.030391
0.030175
0.030211
0.030298
0.030430
0.030428
0.030308
0.030368
0.030211
0.030246
0.030314
0.030470
0.073621
0.030338
0.030255
0.059836
0.030254
0.030349
0.030276
0.030397
0.030201
0.035107
0.035606
0.030255
0.030196
0.030201
0.030303
0.030268
0.030372
0.030200
0.030261
0.030226
0.030459
0.030152
0.030196
0.059667
0.030347
0.030264
0.030285
0.030117
0.030240
0.030172
0.055896
0.038528
0.038310
0.038690
0.041424
0.042482
0.042318
0.042692
0.063668
0.045677
0.063217
0.031139
0.041329
0.060637
0.031209
0.031308
0.031196
0.031197
0.031009
0.031007
0.031125
0.031090
0.030986
0.030946
0.031009
0.031828
0.030647
0.040237
0.035671
0.030193
0.030270
0.030290
0.030115
0.059929
0.030165
0.030163
0.046496
0.038383
0.031097
0.031064
0.031155
0.030969
0.030992
0.030997
0.030868
0.030941
0.031016
0.030819
0.031024
0.031035
0.036417
0.038913
0.030973
0.060697
0.030949
0.057935
0.038200
0.030905
0.030934
0.031358
0.030862
0.030871
0.030859
0.030777
0.030248
0.049952
0.039489
0.038381
0.038450
0.040341
0.042407
0.058576
0.030754
0.061062
0.034731
0.030134
0.030259
0.030212
0.030288
0.030282
0.030243
0.030261
0.030333
0.030332
0.039924
0.033404
0.030199
0.030189
0.030463
0.030129
0.030318
0.030241
0.030186
0.059767
0.039545
0.032146
0.030164
0.030199
0.030505
0.030176
0.030224
0.030110
0.030124
0.030302
0.030210
0.030249
0.030117
0.030305
0.030186
0.030685
0.030269
0.030132
0.030083
0.060113
0.030184
0.044365
0.033397
0.029954
0.030147
0.030075
0.030236
0.030026
0.030152
0.030130
0.030144
0.030482
0.045965
0.032170
0.030131
0.030080
0.030194
0.030107
0.030201
0.059465
0.030013
0.030405
0.030088
0.030026
0.030164
0.030225
0.030216
0.029933
0.030095
0.030081
0.030146
0.030162
0.030302
0.036910
0.031033
0.030084
0.030165
0.030371
0.030806
0.060167
0.030185
0.030242
0.030214
0.033471
0.030316
0.030143
0.030085
0.030114
0.030171
0.030105
0.030129
0.030046
0.030164
0.029963
0.029932
0.030016
0.029933
0.030186
0.029933
0.020103
0.019995
0.020163
0.039026
0.039040
0.030564
0.030054
0.019965
0.019915
