0.592607
0.039126
0.036512
0.030187
0.032528
0.037579
0.038769
0.041688
0.042092
0.090268
0.041813
0.041738
0.041781
0.064466
0.041776
0.057718
0.032269
0.059592
0.034810
0.029987
0.053938
0.029977
0.030226
0.030058
0.030094
0.051145
0.033485
0.029826
0.029787
0.029760
0.030056
0.037933
0.037913
0.037889
0.029802
0.045830
0.030877
0.029887
0.029815
0.029859
0.059379
0.029876
0.029777
0.029901
0.029721
0.029929
0.029955
0.029828
0.029822
0.029791
0.029814
0.029813
0.029803
0.029767
0.029785
0.029878
0.029822
0.042065
0.030644
0.029814
0.059249
0.029899
0.029824
0.029840
0.032415
0.033568
0.029805
0.038506
0.031136
0.029912
0.029934
0.029835
0.029936
0.029843
0.029832
0.029854
0.029763
0.029876
0.029925
0.029798
0.059633
0.029735
0.029967
0.031647
0.029899
0.029889
0.029733
0.029822
0.029860
0.038454
0.030718
0.029894
0.029757
0.029778
0.030066
0.029784
0.029821
0.029824
0.029824
0.029810
0.065456
0.029904
0.038033
0.037884
0.038406
0.041805
0.043551
0.042312
0.041827
0.041778
0.041824
0.049508
0.064917
0.059892
0.055152
0.030324
0.030114
0.030075
0.030035
0.030115
0.060019
0.029947
0.029946
0.029833
0.038380
0.031978
0.029837
0.029748
0.030081
0.029888
0.029823
0.029837
0.029794
0.029711
0.029696
0.029830
0.029860
0.029721
0.029807
0.029781
0.059302
0.029740
0.029768
0.029945
0.029795
0.032507
0.034262
0.029764
0.029848
0.029832
0.029805
0.029848
0.029852
0.029791
0.029861
0.029910
0.030142
0.039495
0.038004
0.037946
0.068335
0.050443
0.055183
0.029846
0.029888
0.029913
0.031816
0.030045
0.029925
0.029829
0.030079
0.029846
0.029764
0.029729
0.029929
0.029808
0.033169
0.029844
0.029814
0.029909
0.059664
0.029977
0.029813
0.029842
0.029804
0.029851
0.038237
0.030242
0.029971
0.029951
0.029796
0.029713
0.030009
0.029857
0.029832
0.029782
0.029846
0.029881
0.029904
0.029771
0.059828
0.029849
0.029857
0.029799
0.029750
0.029855
0.029827
0.030150
0.038569
0.030580
0.029814
0.029947
0.029931
0.029817
0.029864
0.029804
0.029737
0.029736
0.029805
0.047935
0.059773
0.029878
0.029695
0.029826
0.019865
0.019836
0.019868
0.019757
0.019888
0.019874
0.019865
0.019881
0.019785
0.019786
0.019852
0.019784
0.021580
0.025811
0.025638
0.019861
0.019891
0.019769
0.019780
0.019848
0.019946
0.019776
0.025047
0.022385
0.019837
0.019747
0.019839
0.019823
0.019754
0.019759
0.019723
0.019958
0.019862
0.019953
0.019826
0.019839
0.019795
0.020091
0.025927
0.020256
0.019733
0.019809
0.019798
0.019786
0.019837
0.019748
0.019756
0.019744
0.019826
0.019785
0.019992
0.019731
0.019821
0.020431
0.019817
0.019696
0.019750
0.019712
0.019719
0.019745
0.019748
0.019798
0.019853
0.019841
0.019751
0.029668
0.030376
0.029768
0.049884
0.030053
0.029879
0.029811
0.029771
0.029814
0.029888
0.019896
0.019794
0.019825
0.019852
0.019905
0.019763
0.024865
0.022242
0.019869
0.019756
0.019728
0.019932
0.019966
0.021085
0.019958
0.019780
0.020302
0.019835
0.019831
0.019850
0.019814
0.019869
0.019826
0.019892
0.019840
0.019840
0.019851
0.019767
0.019818
0.019840
0.019773
0.020016
0.019846
0.019915
0.019866
0.019939
0.019842
0.019682
0.040128
0.020039
0.019804
0.019791
0.019804
0.019837
0.019716
0.019719
0.019821
0.019782
0.019765
0.019771
0.019731
0.019815
0.019978
0.022182
0.025495
0.020190
0.019732
0.036051
0.020036
0.036522
0.041407
0.019993
0.019823
0.020105
0.027195
0.019894
0.019898
0.019868
0.019823
0.019877
0.019910
0.019849
0.019851
0.025053
0.022132
0.019874
0.019861
0.019799
0.019823
0.020061
0.021794
0.019866
0.019837
0.019911
0.019837
0.019826
0.019897
0.019817
0.019955
0.025515
0.020338
0.019994
0.019864
0.019821
0.019782
0.019836
0.019813
0.019983
0.019844
0.019866
0.019917
0.019820
0.019790
0.019822
0.019853
0.019753
0.019737
0.019833
0.019824
0.019875
0.019937
0.019816
0.019707
0.019735
0.019784
0.019863
0.019837
0.023201
0.023122
