0.589379
0.030390
0.030245
0.030357
0.030372
0.030302
0.049501
0.034841
0.030370
0.030422
0.030492
0.033241
0.039702
0.038510
0.038563
0.038828
0.042484
0.042760
0.042951
0.042892
0.068211
0.034301
0.020851
0.031182
0.037170
0.026900
0.026619
0.020641
0.020606
0.020436
0.020587
0.020411
0.021017
0.020430
0.020450
0.020477
0.020521
0.020496
0.033670
0.028404
0.026809
0.026508
0.026572
0.026364
0.020410
0.020366
0.020251
0.020319
0.020244
0.020321
0.020390
0.020397
0.020387
0.020313
0.020319
0.020442
0.020364
0.020307
0.020335
0.020209
0.020421
0.020383
0.020290
0.020438
0.030194
0.020308
0.020216
0.024002
0.027463
0.026398
0.026442
0.026598
0.026552
0.026529
0.026625
0.026471
0.026526
0.026657
0.026510
0.045542
0.027074
0.026550
0.026335
0.026386
0.026619
0.026664
0.026579
0.026541
0.026545
0.026366
0.026669
0.026463
0.026392
0.020937
0.020786
0.020903
0.020799
0.020494
0.020221
0.020236
0.020321
0.020159
0.020290
0.020221
0.020285
0.020343
