361	217	49	168
357	217	60	169
363	219	65	169
368	221	63	169
380	218	51	174
384	216	50	174
389	220	51	173
389	222	58	171
389	220	61	170
399	226	56	169
402	225	58	168
406	225	57	171
408	221	57	169
417	227	53	171
414	225	55	168
413	225	63	170
410	227	60	169
399	226	62	172
387	231	68	168
379	228	65	175
374	224	54	178
366	227	51	174
360	226	49	172
346	227	57	175
330	227	67	172
326	230	65	173
309	231	59	174
307	232	57	166
291	235	56	168
273	231	56	170
267	232	60	178
254	231	64	175
242	232	66	175
226	237	71	171
212	228	62	179
212	231	52	178
198	232	50	174
183	235	58	172
165	238	70	172
150	238	59	171
144	235	55	171
128	236	49	171
114	236	49	172
111	237	49	173
95	241	58	169
80	241	62	168
62	241	81	168
59	239	60	166
50	233	50	176
36	237	51	171
27	238	54	171
27	239	61	167
32	236	55	165
34	233	57	169
40	231	55	173
49	232	53	172
51	228	51	176
58	225	55	177
59	226	58	175
66	228	53	171
75	222	47	174
79	229	50	165
80	226	51	166
88	227	52	168
94	224	55	173
95	226	58	168
98	228	60	169
101	228	57	166
107	223	55	173
120	220	47	178
125	224	48	171
129	227	53	170
133	225	54	169
130	227	64	169
135	225	61	169
141	223	55	170
143	223	50	171
148	222	53	173
154	220	51	175
162	221	51	172
163	223	61	169
166	223	63	167
173	220	59	169
174	224	56	173
185	218	45	172
185	220	50	170
193	219	48	171
194	214	51	171
202	213	52	176
204	217	58	171
199	217	55	175
196	214	51	174
186	217	48	172
175	216	50	173
167	215	52	176
153	211	63	181
132	214	76	179
131	209	76	188
135	205	69	188
144	205	60	190
149	203	65	188
147	200	66	192
156	199	66	196
162	189	61	204
168	186	66	213
175	184	68	215
181	187	62	209
184	188	61	206
192	187	61	200
202	192	55	187
209	183	50	199
215	187	47	195
223	178	50	204
220	175	52	204
213	178	51	205
206	177	56	205
196	175	58	199
190	178	61	200
188	173	55	196
172	177	66	195
161	178	63	194
153	176	67	194
143	172	69	200
137	174	71	200
136	172	73	192
136	202	57	176
143	208	54	161
151	209	59	159
160	208	57	157
164	208	51	161
173	208	46	158
180	207	48	157
187	199	43	170
193	198	43	170
196	198	46	168
203	200	49	170
208	201	52	167
212	202	51	166
219	201	52	165
226	197	50	167
227	197	46	165
221	196	46	164
213	193	48	168
202	196	54	168
194	198	53	164
185	198	52	163
181	197	52	163
182	196	47	164
188	200	46	160
203	197	39	160
217	198	48	160
229	200	50	161
231	195	51	171
245	198	53	169
256	191	54	178
261	189	55	176
279	180	49	182
285	187	51	165
301	191	48	158
316	192	44	156
324	189	44	157
341	191	39	158
345	194	42	156
362	197	38	150
368	197	43	153
365	194	45	148
361	199	49	149
359	192	47	149
353	191	53	150
318	191	68	155
307	188	58	157
319	187	43	165
320	181	42	152
307	182	45	151
301	182	45	154
297	183	47	156
288	184	51	156
285	182	47	153
284	182	44	159
274	178	48	171
274	180	44	175
269	178	43	174
265	175	44	175
263	174	42	173
256	175	45	168
256	180	48	163
266	175	49	162
281	174	48	159
288	170	44	158
302	173	44	155
296	174	44	157
285	170	49	164
282	170	49	163
275	169	52	163
264	170	62	162
266	168	50	160
262	166	43	158
257	162	40	161
257	162	34	157
251	164	38	160
245	164	41	166
238	163	43	170
235	166	42	168
228	164	43	169
223	163	43	167
220	165	41	167
214	162	43	158
209	162	42	156
210	161	37	151
199	162	44	150
196	162	45	155
189	162	44	156
184	163	45	157
178	161	41	154
173	160	43	154
171	159	42	153
165	160	42	152
160	157	37	157
155	157	37	162
150	157	38	161
142	156	42	162
137	157	41	163
131	156	45	161
126	153	42	158
123	153	41	150
117	153	41	147
114	150	41	151
109	150	45	153
105	152	45	154
98	152	48	156
94	152	47	154
89	152	46	156
84	151	47	153
78	150	46	143
72	149	45	146
73	146	40	148
71	149	38	146
67	148	38	146
61	147	42	148
62	149	40	145
56	148	41	143
53	146	38	142
57	145	40	146
63	143	42	143
68	144	40	144
67	141	42	144
72	142	47	142
79	143	48	139
84	140	48	141
91	142	46	138
94	138	45	139
102	141	41	140
105	137	41	142
111	140	39	140
116	133	39	144
118	135	38	140
128	137	35	137
130	135	37	139
134	135	40	137
138	133	44	138
142	132	42	140
150	131	39	139
155	130	37	139
158	132	41	131
162	132	39	132
169	131	39	134
173	134	45	129
169	130	52	135
181	132	46	130
184	127	45	135
188	127	45	135
195	126	39	134
197	125	40	136
204	123	37	134
206	122	37	136
212	121	41	135
214	121	41	134
217	122	42	134
225	122	41	133
227	120	42	137
233	118	43	138
242	114	40	131
247	114	40	122
254	114	38	117
265	113	36	122
273	113	32	113
273	114	36	110
284	112	33	108
290	111	26	92
293	111	28	88
299	110	28	88
304	110	28	91
304	110	28	91
304	110	28	91
304	110	28	91
304	110	28	91
304	110	28	91
304	110	28	91
304	110	28	91
304	110	28	91
304	110	28	91
304	110	28	91
304	110	28	91
304	110	28	91
304	110	28	91
304	110	28	91
304	110	28	91
304	110	28	91
304	110	28	91
304	110	28	91
304	110	28	91
304	110	28	91
304	110	28	91
304	110	28	91
304	110	28	91
304	110	28	91
304	110	28	91
304	110	28	91
304	110	28	91
304	110	28	91
304	110	28	91
304	110	28	91
304	110	28	91
304	110	28	91
304	110	28	91
304	110	28	91
304	110	28	91
304	110	28	91
304	110	28	91
304	110	28	91
188	81	33	96
188	79	38	108
194	65	41	119
197	59	40	127
192	41	40	143
193	40	39	146
191	35	39	147
186	39	41	144
183	38	43	142
178	40	45	137
178	36	46	140
176	37	46	142
166	40	47	132
162	41	43	133
166	43	41	126
170	49	34	124
165	47	37	122
153	42	40	121
151	43	44	119
150	40	41	121
147	37	45	120
145	30	47	128
146	37	44	124
144	35	43	123
138	34	49	120
137	38	51	115
134	34	50	124
130	35	54	122
133	27	46	121
129	30	41	123
127	20	41	127
122	19	42	133
113	19	36	128
107	14	42	130
106	14	40	128
107	16	39	129
106	18	36	126
105	13	36	128
104	20	36	123
99	15	37	124
96	14	36	128
95	16	39	126
92	27	41	120
87	39	42	114
88	36	39	127
87	45	38	125
84	50	38	124
81	55	41	122
78	56	42	128
74	65	41	122
74	70	41	118
75	74	40	122
72	77	39	126
69	82	43	123
70	92	39	121
66	95	39	120
67	97	36	121
63	102	41	121
64	109	39	123
62	111	40	122
62	119	39	122
62	127	36	122
55	136	41	117
52	140	43	118
51	150	38	117
52	152	37	121
51	155	34	117
50	166	34	114
50	165	34	119
45	177	36	119
45	185	36	117
45	189	34	119
42	195	35	117
41	203	35	118
38	210	37	116
37	221	35	116
34	224	38	117
36	231	36	117
34	232	36	116
32	230	35	116
29	232	39	114
32	232	32	114
29	230	35	116
28	230	34	112
28	230	31	117
28	228	33	117
24	232	34	113
21	229	34	111
21	229	37	111
20	233	36	108
29	229	36	108
33	230	38	106
44	229	34	109
49	227	35	110
58	224	38	113
62	228	41	107
75	231	39	103
80	231	39	105
120	224	37	105
133	219	38	105
154	222	37	102
169	219	36	104
184	220	37	105
191	218	36	104
198	222	41	101
204	216	41	102
214	221	38	101
219	219	37	102
231	217	36	100
235	218	39	101
238	216	38	101
252	220	32	97
255	218	34	99
264	218	31	98
263	216	33	97
260	214	32	101
257	213	36	101
254	210	37	105
255	208	34	105
254	208	34	102
254	208	33	102
253	210	32	104
252	207	31	103
251	208	30	104
249	204	31	106
248	206	31	104
247	203	30	107
244	202	31	107
242	202	33	104
242	204	31	104
244	206	32	100
243	204	31	102
242	202	31	102
243	203	31	103
242	199	32	101
240	203	33	100
241	199	33	99
240	203	30	100
240	204	32	95
240	200	31	99
237	203	33	101
238	198	32	100
236	200	33	102
236	197	32	102
237	197	32	98
233	201	34	96
235	199	33	94
234	203	32	93
236	199	30	95
234	199	34	97
234	196	33	97
234	197	31	99
234	198	31	96
234	198	31	94
233	198	31	94
232	197	31	96
234	197	27	96
232	194	29	96
229	195	30	96
228	193	29	96
227	195	31	94
227	193	30	92
226	196	30	94
225	194	30	92
223	195	33	90
224	195	32	95
225	192	31	92
224	193	32	95
221	191	32	92
221	191	30	94
224	192	29	93
223	192	28	92
223	192	29	93
221	194	30	91
