0.559721
0.044773
0.043686
0.057931
0.060086
0.031111
0.031221
0.031991
0.037277
0.031287
0.031167
0.031924
0.032944
0.035187
0.035901
0.031092
0.031247
0.030822
0.030940
0.030605
0.054839
0.030483
0.030583
0.048949
0.034753
0.030520
0.030635
0.030465
0.030431
0.030396
0.030356
0.030375
0.030594
0.030645
0.030447
0.030490
0.030611
0.030791
0.030607
0.030747
0.060352
0.030617
0.030621
0.030602
0.038710
0.031940
0.030531
0.030619
0.020516
0.030484
0.030540
0.030586
0.030513
0.030394
0.035322
0.039541
0.026863
0.020478
0.020447
0.030386
0.060612
0.030310
0.030514
0.030426
0.030378
0.030398
0.030506
0.030684
0.030568
0.030566
0.030437
0.020634
0.030632
0.030616
0.030485
0.020531
0.055290
0.020809
0.030515
0.030591
0.020720
0.030514
0.030656
0.020748
0.030597
0.030574
0.030556
0.020632
0.027737
0.027213
0.039372
0.039678
0.043153
0.026972
0.043064
0.026878
0.042802
0.043145
0.043011
0.027283
0.074023
0.044661
0.037880
0.037920
0.033140
0.030068
0.026904
0.027115
0.043237
0.043373
0.027349
0.027162
0.027179
0.027058
0.027154
0.027722
0.027991
0.027015
0.043360
0.043161
0.028353
0.027974
0.044265
0.043738
0.044452
0.043666
0.067858
0.046369
0.043924
0.032082
0.036050
0.029348
0.021998
0.021568
0.031658
0.021240
0.021294
0.021260
0.021179
0.021174
0.061600
0.031224
0.036872
0.036776
0.044197
0.034675
0.030943
0.030474
0.031202
0.030627
0.030318
0.030324
0.030283
0.030158
0.030384
0.030468
0.030472
0.030818
0.030766
0.030753
0.060430
0.030678
0.032886
0.034287
0.030731
0.030616
0.030508
0.030564
0.046073
0.046031
0.045890
0.064370
0.031827
0.030594
0.031184
0.046339
0.030778
0.031013
0.030967
0.030718
0.060230
0.030657
0.030496
0.030641
0.030781
0.030621
0.030931
0.031201
0.031335
0.031565
0.031334
0.039107
0.033644
0.030919
0.030956
0.030844
0.030921
0.031085
0.030611
0.030597
0.060428
0.036437
0.030979
0.030583
0.030673
0.045990
0.030785
0.031225
0.030729
0.030919
0.031064
0.030900
0.031019
0.047019
0.030947
0.031324
0.030958
0.030910
0.031036
0.030972
0.061790
0.039628
0.033035
0.031561
0.031042
0.031049
0.031035
0.031120
0.031115
0.031157
0.031219
0.041214
0.034279
0.030937
0.031522
0.031258
0.031346
0.031117
0.030697
0.030877
0.060366
0.030679
0.030775
0.030911
0.031016
0.031587
0.031781
0.031737
0.031715
0.031633
0.031837
0.042125
0.031932
0.047264
0.030725
0.030645
0.031403
0.030524
0.030589
0.031361
0.075119
0.032831
0.047192
0.031724
0.031493
0.046684
0.031587
0.031671
0.031655
0.031713
0.031565
0.047677
0.031587
0.032175
0.031625
0.031709
0.031651
0.031626
0.031536
0.031407
0.056661
0.046858
0.046884
0.046917
0.031240
0.030988
0.031137
0.031164
0.031270
0.043110
0.032413
0.031047
0.031227
0.031098
0.031051
0.031238
0.031269
0.031417
0.031376
0.031577
0.047287
0.047041
0.031528
0.031319
0.031643
0.031579
0.031187
0.031488
0.031561
0.040843
0.034325
0.031821
0.031308
0.031255
0.031458
0.031757
0.031668
0.031194
0.031538
0.045659
0.062371
0.031311
0.031221
0.030906
0.030998
0.030594
0.031130
0.031335
0.031436
0.031311
0.031085
0.031223
0.031249
0.031263
0.031344
0.030814
0.046412
0.034410
0.030752
0.031068
0.060724
0.032197
0.032370
0.031607
0.031501
0.031349
0.052419
0.031588
0.031371
0.031036
0.030837
0.030727
0.046810
0.030626
0.031068
0.030640
0.030654
0.030563
0.031094
0.031139
0.060464
0.030492
0.030689
0.030627
0.030684
0.030643
0.040809
0.030623
0.030674
0.030476
0.030529
0.030576
0.030715
0.028737
0.030690
0.030987
0.063930
0.030873
0.030546
0.031127
0.060642
0.031398
0.031514
0.031370
0.030936
0.031464
0.031386
0.031505
0.031517
0.031260
0.031392
0.031315
0.031699
0.031540
0.031321
0.031383
0.057536
0.031545
0.031109
0.031089
0.069913
0.039964
0.040071
0.046862
0.036421
0.031704
0.040317
0.044240
0.043777
0.043982
0.043278
0.043670
0.043261
0.043273
0.038365
0.027848
0.045332
0.027690
0.020800
0.020807
0.020866
0.020802
0.025971
0.028518
0.020754
0.020755
0.020897
0.020686
0.020551
0.020720
0.020594
0.020684
0.020724
0.020556
0.020474
0.020619
0.022062
0.027373
0.021617
0.020520
0.020548
0.020598
0.020635
0.020528
0.021397
0.020716
0.020597
0.020685
0.020593
0.020615
0.020579
0.020651
0.020560
0.020711
0.020528
0.020606
0.020635
0.020582
0.020488
0.020746
0.020602
0.020535
0.020623
0.020579
0.020554
0.022771
0.027462
0.020874
0.020734
0.020698
0.020559
0.020658
0.020555
0.020535
0.020626
0.020578
0.020640
0.020539
0.020632
0.021178
0.025331
0.020916
0.021215
0.020748
0.020614
0.020625
0.020697
0.020565
0.020597
0.020698
0.020549
0.020472
0.023682
0.021467
0.020702
0.021244
0.020607
0.020646
0.020688
0.020611
0.020644
0.020732
0.020662
0.020597
0.020735
0.020596
0.020406
0.020775
0.025032
0.024279
0.020827
0.020597
0.020566
0.020679
0.020594
0.020461
0.020813
0.020551
0.020490
0.020561
0.020563
0.020580
0.020627
0.023685
0.020693
0.020728
0.020596
0.020460
0.020681
0.020711
0.020535
0.021176
0.020629
0.020551
0.020662
0.020657
0.020575
0.020639
0.020652
0.020576
0.020774
0.020573
0.020640
0.020624
0.020587
0.020507
0.020722
0.020634
0.020564
0.020590
0.020550
0.020502
0.020715
0.027272
0.021086
0.020733
0.020770
0.020547
0.020766
0.020614
0.020603
0.020653
0.020695
0.020577
0.020673
0.020672
0.020645
0.021007
0.027184
0.020905
0.020670
0.020793
