0.461091
0.032639
0.032393
0.032421
0.032279
0.032251
0.032244
0.032404
0.032565
0.032373
0.032381
0.032398
0.032324
0.032208
0.032240
0.032216
0.032139
0.032146
0.032206
0.048190
0.056894
0.031939
0.031959
0.031745
0.032039
0.031961
0.032075
0.032269
0.032111
0.045848
0.033199
0.032295
0.032344
0.032440
0.032483
0.032706
0.032599
0.032959
0.032583
0.032764
0.062251
0.032905
0.032798
0.032984
0.033227
0.033371
0.033674
0.030018
0.030156
0.030087
0.043971
0.031390
0.030792
0.030746
0.030928
0.030832
0.030904
0.030931
0.030876
0.030913
0.078830
0.039448
0.030979
0.030988
0.030865
0.030923
0.031145
0.031138
0.030944
0.031030
0.030978
0.031403
0.031157
0.030814
0.030843
0.030825
0.034047
0.030132
0.033584
0.033831
0.064037
0.037990
0.033415
0.033521
0.033252
0.033101
0.033270
0.033074
0.032614
0.032587
0.052633
0.033796
0.022352
0.022348
0.022539
0.022318
0.022367
0.022313
0.022533
0.022336
0.022409
0.022394
0.022268
0.022369
0.022342
0.022346
0.022348
0.022271
0.022315
0.029814
0.029762
0.029739
0.022319
0.022374
0.025113
0.022699
0.022380
0.022375
0.044722
0.023041
0.022381
0.022281
0.022289
0.022386
0.022377
0.022315
0.022395
0.022331
0.022302
0.022536
0.022380
0.022352
0.030245
0.028119
0.022324
0.023036
0.022303
0.022221
0.022313
0.022306
0.022266
0.022264
0.022297
0.022209
0.022388
0.022231
0.022328
0.022326
