0.501240
0.055283
0.033957
0.032422
0.032740
0.032704
0.032549
0.032884
0.032376
0.032557
0.032454
0.032799
0.032686
0.032704
0.032615
0.032976
0.032796
0.032575
0.032953
0.032744
0.056626
0.032596
0.044963
0.033095
0.033021
0.032720
0.032397
0.032394
0.032306
0.032382
0.032696
0.034519
0.039507
0.032468
0.032447
0.032536
0.032461
0.032243
0.032670
0.032856
0.062170
0.032619
0.032632
0.032624
0.032938
0.032678
0.032723
0.032163
0.032514
0.032813
0.032748
0.035248
0.035679
0.032736
0.032353
0.032503
0.032402
0.032347
0.032407
0.032513
0.062112
0.045761
0.032713
0.032506
0.032693
0.032434
0.032476
0.032794
0.032509
0.032574
0.032830
0.032510
0.032763
0.032476
0.032576
0.032614
0.035098
0.044540
0.042470
0.042274
0.081889
0.043452
0.043816
0.046647
0.047043
0.047899
0.057591
0.096073
0.033578
0.033490
0.033461
0.033037
0.032989
0.033027
0.032566
0.032598
0.032823
0.032789
0.032449
0.032654
0.062111
0.032507
0.032710
0.032643
0.032623
0.032813
0.054241
0.035163
0.033139
0.033626
0.033360
0.033680
0.032945
0.032687
0.032564
0.032358
0.035025
0.035361
0.032641
0.032947
0.062121
0.032619
0.032559
0.032555
0.032370
0.032252
0.032499
0.032417
0.032563
0.032338
0.032641
0.032594
0.032486
0.032520
0.032290
0.032177
0.032169
0.043369
0.032487
0.032266
0.061884
0.032075
0.032281
0.031977
0.032159
0.031765
0.031738
0.045116
0.032011
0.031476
0.031649
0.031606
0.031966
0.031546
0.031750
0.031499
0.031588
0.031276
0.031361
0.031290
0.061071
0.031363
0.031370
0.031797
0.031601
0.032781
0.031547
0.031790
0.046146
0.034587
0.031829
0.031508
0.032151
0.032143
0.031818
0.031584
0.031308
0.031619
0.033330
0.039637
0.060674
0.031589
0.031376
0.031604
0.031695
0.031976
0.031989
0.031846
0.031918
0.031492
0.031765
0.032073
0.032297
0.032173
0.031921
0.032182
0.032246
0.032074
0.031853
0.038412
0.075879
0.032382
0.032718
0.032770
0.032537
0.032800
0.032589
0.032867
0.056880
0.044086
0.043081
0.042651
0.045726
0.045972
0.059781
0.061223
0.032899
0.035465
0.032880
0.033107
0.062966
0.033206
0.033092
0.033039
0.032730
0.050441
0.032936
0.033061
0.033370
0.033077
0.032961
0.033000
0.033221
0.033533
0.033422
0.049009
0.030933
0.030408
0.034202
0.030093
0.063704
0.034011
0.034093
0.034225
0.030489
0.033883
0.034004
0.030295
0.034001
0.030318
0.030171
0.033759
0.034068
0.034067
0.030261
0.034749
0.038467
0.030468
0.030547
0.033993
0.063036
0.030177
0.033934
0.030197
0.030427
0.046791
0.038841
0.030176
0.030280
0.034368
0.030263
0.030343
0.030075
0.033914
0.030209
0.030027
0.030374
0.030030
0.030226
0.034042
0.059993
0.030289
0.030748
0.030411
0.030240
0.030272
0.033822
0.037899
0.030369
0.030123
0.030302
0.030433
0.030472
0.030726
0.030715
0.030527
0.030668
0.052789
0.030515
0.030263
0.063746
0.030260
0.030132
0.034123
0.033645
0.034245
0.034857
0.030132
0.033907
0.033930
0.033923
0.030198
0.030451
0.030453
0.030442
0.030544
0.030397
0.048133
0.033058
0.030509
0.060588
0.041452
0.039943
0.039138
0.039355
0.056511
0.040097
0.043509
0.043008
0.043047
0.043141
0.063784
0.048552
0.044847
0.030732
0.030624
0.031949
0.032143
0.030448
0.030669
0.059831
0.030299
0.030389
0.041500
0.032580
0.030173
0.030126
0.030147
0.033782
0.033728
0.033679
0.033486
0.033698
0.036851
0.042658
0.033339
0.033331
0.033167
0.033359
0.033226
0.063388
0.033523
0.033497
0.032770
0.033149
0.033333
0.033195
0.033387
0.032954
0.033271
0.032810
0.032583
0.032895
0.053166
0.033351
0.032870
0.032612
0.032840
0.033153
0.032658
0.061920
0.032638
0.032287
0.046297
0.033032
0.032765
0.032914
0.043461
0.046994
0.046773
0.056776
0.064437
0.032248
0.032036
0.032432
0.032290
0.031840
0.032273
0.032055
0.031725
0.067527
0.042663
0.040871
0.040895
0.045177
0.045033
0.059886
0.031793
0.054080
0.032795
0.031686
0.031759
0.031877
0.031656
0.031723
0.031641
0.031607
0.031636
0.031797
0.031588
0.061376
0.031718
0.031461
0.031566
0.031368
0.031544
0.031538
0.031525
0.057776
0.032643
0.031507
0.031511
0.031434
0.031442
0.031357
0.031601
0.031445
0.031602
0.058753
0.035879
0.061136
0.031442
0.031405
0.031426
0.031380
0.031369
0.031482
0.031416
0.031358
0.031386
0.031500
0.031420
0.031484
0.031296
0.031443
0.031313
0.031325
0.031264
0.031319
0.052901
0.071870
0.041056
0.041306
0.057535
0.032112
0.032151
0.031986
0.038722
0.035008
0.031294
0.031172
0.031366
0.031065
0.031135
0.031135
0.031157
0.031071
0.031268
0.030927
0.030905
0.061072
0.030920
0.031069
0.031063
0.031084
0.031019
0.031054
0.030975
0.052219
0.040082
0.039969
0.039595
0.043412
0.043835
0.043863
0.044051
0.080529
0.031266
0.031152
0.031317
0.060709
0.031237
0.031275
0.031023
0.030735
0.031036
0.031185
0.030808
0.030930
0.031750
0.031620
0.031071
0.030962
0.031100
0.031109
0.031100
0.031192
0.038738
0.030937
0.030764
0.060914
0.030771
0.030768
0.030758
0.030829
0.030810
0.030789
0.043642
0.031052
0.030843
0.030770
0.030767
0.030811
0.030755
0.030789
0.030783
0.030797
0.031056
0.030696
0.030751
0.060662
0.030718
0.030735
0.030853
0.030589
0.030746
0.030618
0.030558
0.051319
0.030658
0.030698
0.045987
0.030587
0.030687
0.030595
0.030653
0.030582
0.030616
0.053702
0.031439
0.061092
0.032007
0.031593
0.030642
0.030588
0.030514
0.030432
0.030602
0.030597
0.030538
0.045771
0.030520
0.030455
0.030488
0.030523
0.030599
0.030480
0.030437
0.030522
0.033803
