0.562205
0.031007
0.042691
0.038887
0.038825
0.030500
0.030335
0.030364
0.030343
0.030401
0.030527
0.030387
0.030358
0.030466
0.030322
0.030441
0.030226
0.030434
0.030502
0.030441
0.054664
0.036057
0.030219
0.030277
0.030162
0.030181
0.030177
0.030227
0.030230
0.030210
0.030259
0.052484
0.030445
0.030230
0.030190
0.030332
0.030246
0.030141
0.030342
0.030322
0.059650
0.030199
0.030411
0.030155
0.030305
0.030217
0.030268
0.030039
0.030210
0.030056
0.030129
0.030109
0.053198
0.038593
0.038238
0.038182
0.038072
0.042087
0.042283
0.026060
0.026209
0.026287
0.026685
0.026356
0.026074
0.037357
0.037068
0.020159
0.020147
0.020098
0.020169
0.020169
0.020184
0.020216
0.020198
0.020148
0.019963
0.020056
0.019982
0.020062
0.019996
0.019995
0.019952
0.020086
0.020078
0.020026
0.020023
0.019945
0.020293
0.020221
0.020012
0.024139
0.020184
0.020090
0.020027
0.020432
0.022711
0.026716
0.026089
0.026114
0.025805
0.023115
0.020038
0.020249
0.048185
0.026223
0.026081
0.020080
0.020614
0.020065
0.019972
0.020010
0.020100
0.020027
0.019980
0.020054
0.020004
0.020105
0.020110
0.020075
0.019966
0.020076
0.019989
0.019997
0.020031
0.020345
0.019998
0.020017
0.019999
0.020077
0.020096
0.020075
0.019996
0.020097
0.020150
0.034851
0.026728
0.026121
0.026037
0.025845
0.026210
0.025960
0.026020
0.025887
0.026012
0.026022
0.026024
0.026251
0.026485
0.026396
0.025919
0.025893
0.025841
0.026007
0.026006
0.026011
0.025922
0.025783
0.025953
0.025868
0.025969
0.026087
0.043498
0.043142
0.021691
0.020195
0.020211
0.020190
0.020165
0.020241
0.020215
0.020177
0.040750
0.026447
0.025923
0.021711
0.020063
0.020072
0.020021
0.020067
0.020008
0.020051
0.019929
0.019957
0.020011
0.020150
0.019914
0.042214
0.025963
0.026028
0.026121
0.020142
0.019984
0.019971
0.019967
0.019933
0.020068
0.019956
0.019941
0.020013
0.020096
0.020187
0.020082
0.019990
0.020013
0.020015
0.020001
0.019989
0.020702
0.020021
0.020018
0.019984
0.020211
0.019978
0.020090
0.019981
0.020001
0.020084
0.021512
0.026142
0.022243
0.019972
0.020034
0.020048
0.020127
0.019934
0.019969
0.020051
0.020064
0.019919
0.019948
0.020051
0.020176
0.020038
0.021573
0.026065
0.022050
0.020005
0.019920
0.020131
0.020071
0.019995
0.020070
0.019993
0.020083
0.020095
0.020063
0.020057
0.020033
0.020099
0.020004
0.019969
0.020108
0.020009
0.020045
0.020017
0.020741
0.019992
0.020035
0.019997
0.019969
0.019904
0.019929
0.019922
0.019977
0.020149
0.019950
0.025187
0.026416
0.020035
0.020006
0.020034
0.020178
0.020099
0.019995
0.019981
0.020035
0.020009
0.020083
0.025692
0.025722
0.024351
0.022292
0.020125
0.019972
0.020071
0.020525
0.020087
0.019962
0.019963
0.020159
0.020093
0.020000
0.019986
0.019941
0.020276
0.019979
0.020029
0.020048
0.019964
0.020014
0.020279
0.020114
0.020061
0.020031
0.020051
0.020361
0.020110
0.020045
0.025877
0.020933
0.020100
0.020015
0.020007
0.020034
0.020107
0.020080
0.020021
0.020091
0.020007
0.020306
0.020050
0.020086
0.020024
0.020245
0.025900
0.020528
0.020053
0.020107
0.020002
0.020050
0.020090
0.020010
0.019939
0.019982
0.019955
0.019965
0.019982
0.020176
0.020007
0.020093
0.020063
0.020376
0.020010
0.019992
0.020064
0.020035
0.019976
0.020020
0.019979
0.020004
0.020041
0.020032
0.020105
0.019992
0.020038
0.019969
0.024303
0.023125
0.020076
0.020016
0.020049
0.021171
0.020033
0.019908
0.020082
0.020060
0.020036
0.019983
0.020004
0.020006
0.020164
0.019965
0.026188
0.021166
0.019904
0.019979
0.020089
0.020145
0.020001
0.019980
0.019998
0.020008
0.019976
0.019961
0.019927
0.020017
0.020001
0.020069
0.020077
0.020057
0.020073
0.020091
