0.450948
0.032217
0.032470
0.030853
0.030860
0.030822
0.030889
0.030828
0.037630
0.038032
0.031003
0.030905
0.030960
0.031086
0.030972
0.030924
0.031016
0.030993
0.030856
0.055146
0.055734
0.030247
0.030296
0.033362
0.039394
0.033131
0.030084
0.029991
0.030172
0.030181
0.030132
0.030175
0.030096
0.029971
0.026227
0.038345
0.038135
0.038360
0.042164
0.079317
0.059886
0.030193
0.030298
0.030307
0.030309
0.030260
0.030234
0.030236
0.032460
0.033588
0.030276
0.030250
0.030284
0.030227
0.030266
0.030233
0.030201
0.030270
0.030318
0.045714
0.060814
0.030485
0.030569
0.030645
0.030401
0.030513
0.030488
0.030499
0.030713
0.030510
0.041461
0.030875
0.030406
0.030493
0.030670
0.030551
0.030656
0.030639
0.030458
0.030542
0.061597
0.034371
0.039135
0.039012
0.039003
0.039882
0.043011
0.037383
0.034744
0.030885
0.031029
0.030979
0.031028
0.031136
0.030502
0.030538
0.030630
0.030579
0.030467
0.030546
0.061458
0.039188
0.030816
0.030564
0.030487
0.030541
0.030639
0.030944
0.030708
0.030813
0.031162
0.034566
0.034285
0.030953
0.030906
0.030877
0.031041
0.031236
0.031282
0.031043
0.060388
0.031164
0.031280
0.031224
0.031088
0.031325
0.031402
0.031698
0.031435
0.040874
0.042062
0.039159
0.031512
0.031630
0.031785
0.031793
0.031768
0.031898
0.031951
0.031937
0.062043
0.042701
0.032392
0.032501
0.032721
0.032637
0.032689
0.032744
0.032717
0.032903
0.034620
0.044003
0.037192
0.033721
0.038804
0.038581
0.038609
0.041100
0.042530
0.077524
0.072519
0.030657
0.030387
0.030331
