0.494158
0.031354
0.031276
0.032145
0.032088
0.031425
0.031319
0.033151
0.031374
0.031372
0.031283
0.031240
0.031291
0.032141
0.031372
0.051141
0.031628
0.030360
0.030459
0.030527
0.054280
0.030366
0.030466
0.030468
0.030314
0.033294
0.032110
0.030378
0.030485
0.030505
0.030463
0.030378
0.030426
0.030556
0.030515
0.030637
0.030471
0.030463
0.030553
0.036218
0.072903
0.030627
0.030357
0.030580
0.030611
0.030523
0.048440
0.039408
0.039368
0.040277
0.043204
0.042890
0.043190
0.043109
0.064998
0.032397
0.031863
0.031655
0.031569
0.031689
0.061175
0.031270
0.030501
0.030456
0.030645
0.030433
0.030462
0.030487
0.030739
0.030570
0.030442
0.030436
0.030513
0.030509
0.051653
0.032105
0.030630
0.030656
0.030568
0.030723
0.060618
0.030519
0.030518
0.030612
0.050727
0.031100
0.030716
0.030747
0.030450
0.030591
0.030529
0.030535
0.030513
0.030633
0.030594
0.030813
0.030595
0.030566
0.030648
0.030784
0.060076
0.030631
0.030585
0.030593
0.030475
0.030510
0.037460
0.030804
0.030627
0.030564
0.030665
0.030475
0.030567
0.030635
0.030837
0.030518
0.051557
0.059791
0.039392
0.038932
0.069556
0.042971
0.043021
0.042921
0.042958
0.043496
0.043047
0.056848
0.064319
0.032771
0.030782
0.030868
0.030742
0.037196
0.033104
0.030901
0.030622
0.030577
0.030638
0.030582
0.060068
0.030572
0.030598
0.032929
0.033618
0.030523
0.030460
0.030441
0.030672
0.030478
0.030520
0.030569
0.030587
0.030598
0.030590
0.030403
0.030487
0.030520
0.030537
0.030525
0.060934
0.040433
0.033599
0.030448
0.031659
0.035075
0.030928
0.030487
0.030661
0.030401
0.030405
0.030411
0.030629
0.030536
0.052439
0.030619
0.030566
0.030528
0.030499
0.030476
0.059938
0.030401
0.030453
0.030518
0.030409
0.030487
0.030810
0.030553
0.030495
0.030576
0.030427
0.030514
0.030597
0.030586
0.030621
0.032945
0.034241
0.030720
0.030587
0.030452
0.060590
0.030616
0.030639
0.030576
0.030809
0.033840
0.038688
0.028734
0.030595
0.030650
0.030771
0.030894
0.031675
0.030729
0.030666
0.030446
0.030560
0.030714
0.030515
0.030385
0.059979
0.030350
0.030288
0.030390
0.030287
0.030242
0.030413
0.038942
0.035042
0.030421
0.030525
0.030523
0.030403
0.030561
0.030522
0.031193
0.030592
0.030598
0.037698
0.031416
0.060656
0.030760
0.030716
0.030709
0.030607
0.030660
0.030505
0.030803
0.030660
0.030742
0.030696
0.030761
0.030677
0.030673
0.030733
0.030685
0.030731
0.030797
0.030617
0.030961
0.067106
0.030673
0.030467
0.030705
0.030700
0.030771
0.031214
0.030926
0.030819
0.036424
0.033277
0.030672
0.030647
0.030844
0.030634
0.030804
0.030700
0.030701
0.031136
0.031137
0.060744
0.031118
0.031048
0.031318
0.031095
0.031200
0.031271
0.046371
0.031199
0.054732
0.043761
0.035951
0.032205
0.032146
0.031955
0.032248
0.032164
0.032139
0.032103
0.057395
0.061734
0.031400
0.031504
0.031241
0.031378
0.031506
0.031381
0.031571
0.031671
0.031716
0.032214
0.031999
0.032023
0.032059
0.031845
0.031218
0.031419
0.031241
0.031169
0.030980
0.074126
0.031008
0.031149
0.031072
0.031067
0.030785
0.030656
0.030736
0.030665
0.030824
0.042387
0.031910
0.030669
0.030783
0.030597
0.030555
0.030536
0.030561
0.030374
0.030490
0.045881
0.046551
0.030511
0.030386
0.030337
0.030400
0.030397
0.030405
0.030303
0.030343
0.030360
0.030276
0.037976
0.030988
0.030293
0.030185
0.030289
0.030321
0.030373
0.030317
0.060616
0.030127
0.035698
0.030852
0.030205
0.030105
0.030097
0.030177
0.030112
0.030066
0.030083
0.045245
0.030015
0.030021
0.030545
0.030091
0.030067
0.030175
0.030080
0.030123
0.060416
0.030158
0.030033
0.049863
0.040170
0.039410
0.030853
0.030965
0.030793
0.031010
0.030831
0.030987
0.030949
0.047037
0.040060
0.038401
0.038478
0.038723
0.042470
0.042796
0.073857
0.042912
0.042541
0.042612
0.042526
0.042675
0.043089
0.042691
0.042785
0.074427
0.057398
0.031521
0.032804
0.037331
0.040610
0.039263
0.041364
0.060285
0.043907
0.043861
0.060062
0.030953
0.031056
0.030956
0.031092
0.031303
0.031316
0.030920
0.031042
0.031279
0.030920
0.031102
0.031111
0.031125
0.030657
0.030602
0.030838
0.050811
0.031054
0.030744
0.060198
0.030781
0.030720
0.030806
0.030784
0.030761
0.030749
0.041747
