0.462301
0.030689
0.030685
0.030591
0.030595
0.030230
0.030269
0.055624
0.039142
0.038451
0.038525
0.050307
0.048904
0.048410
0.070890
0.047106
0.049465
0.048362
0.047602
0.048966
0.074767
0.047448
0.059307
0.066442
0.033476
0.033603
0.045192
0.086410
0.043587
0.045977
0.045774
0.045890
0.067144
0.032552
0.044732
0.033572
0.032420
0.032308
0.032274
0.031994
0.061477
0.031854
0.031797
0.031691
0.031618
0.031805
0.031669
0.040783
0.040472
0.040660
0.042124
0.044512
0.068522
0.045180
0.044885
0.044379
0.044029
0.049021
0.043967
0.044014
0.090750
0.043866
0.043858
0.043902
0.043739
0.040343
0.038047
0.036154
0.031746
0.031659
0.031745
0.031959
0.031593
0.031396
0.031492
0.031336
0.031526
0.031281
0.043773
0.030806
0.060474
0.030653
0.030591
0.030505
0.030489
0.030458
0.030436
0.030496
0.053320
0.033898
0.031239
0.031375
0.031186
0.031208
0.031220
0.031073
0.031208
0.031171
0.031222
0.031200
0.060634
0.031299
0.031358
0.031343
0.031405
0.031224
0.031241
0.031198
0.048051
0.039190
0.038810
0.041822
0.042833
0.042803
0.043043
0.042990
0.056654
0.047440
0.030921
0.030690
0.060430
0.030673
0.032456
0.031370
0.031015
0.030313
0.030360
0.030341
0.030409
0.030331
0.030535
0.030381
0.030359
0.030366
0.030308
0.030313
0.039273
0.034025
0.030246
0.030206
0.059573
0.030240
0.030208
0.030183
0.030435
0.030347
0.037141
0.030798
0.030188
0.030822
0.030054
0.030276
0.030222
0.030202
0.030235
0.030308
0.030263
0.030010
0.030253
0.030112
0.060032
0.030190
0.030152
0.030207
0.030122
0.030169
0.030221
0.030169
0.043654
0.030409
0.030114
0.030263
0.030070
0.030027
0.030004
0.030062
0.030216
0.030066
0.030065
0.042466
0.059866
0.030131
