0.478365
0.030936
0.030438
0.030174
0.031418
0.029761
0.029898
0.029845
0.039357
0.030202
0.029829
0.029874
0.029896
0.029783
0.029941
0.029843
0.029827
0.029926
0.029948
0.029903
0.053679
0.029855
0.030003
0.029855
0.029816
0.029952
0.029866
0.029849
0.029861
0.029874
0.047018
0.039120
0.030733
0.030745
0.030833
0.030718
0.030799
0.030767
0.030771
0.030688
0.061355
0.032318
0.030822
0.030688
0.030753
0.030807
0.030819
0.030709
0.030840
0.030811
0.030901
0.030708
0.030160
0.029983
0.030016
0.030005
0.030216
0.030142
0.030035
0.029978
0.059570
0.030109
0.039282
0.030637
0.030080
0.030032
0.029879
0.030002
0.045202
0.030013
0.030065
0.030140
0.030187
0.037623
0.030488
0.030217
0.030009
0.030255
0.029966
0.045771
0.045565
0.030031
0.030875
0.030620
0.030005
0.030002
0.029970
0.029931
0.045229
0.030012
0.030813
0.029963
0.030033
0.030170
0.033202
0.032877
0.029957
0.045767
0.030046
0.030132
0.059605
0.029935
0.030145
0.030196
0.033210
0.039181
0.038311
0.030186
0.030125
0.030162
0.049410
0.036314
0.030091
0.030197
0.029952
0.030087
0.030103
0.030057
0.030183
0.030045
0.059691
0.030053
0.030202
0.039646
0.038278
0.038285
0.038300
0.039342
0.042596
0.030096
0.030796
0.058834
0.036393
0.030065
0.030039
0.030082
0.029995
0.030018
0.030807
0.029931
0.059979
0.030069
0.030065
0.030018
0.030066
0.029969
0.030040
0.030053
0.029957
0.030092
0.030055
0.030055
0.029938
0.036585
0.031030
0.029977
0.029997
0.030324
0.030047
0.038015
0.075749
0.030229
0.030295
0.035869
0.029907
0.029923
0.029840
0.029923
0.029990
0.030011
0.029931
0.029996
0.030068
0.029993
0.030154
0.030079
0.030099
0.030098
0.030151
0.029986
0.059983
0.030108
0.030020
0.030238
0.050950
0.032637
0.030246
0.030237
0.030245
0.045470
0.030750
0.030661
0.030888
0.030810
0.030904
0.039062
0.030744
0.043993
0.030560
0.030570
0.060337
0.028695
0.030532
0.030784
0.030689
0.030914
0.030700
0.030625
0.031390
0.031630
0.031196
0.030868
0.030627
0.030485
0.030715
0.057407
0.039331
0.032132
0.031776
0.031709
0.061080
0.031442
0.031350
0.051439
0.034884
0.032256
0.032464
0.032597
0.032366
0.032395
0.042217
0.044637
0.044365
0.044370
0.044476
0.044289
0.051894
0.068050
0.061331
0.073828
0.068597
0.031719
0.031491
0.031596
0.031702
0.032130
0.031388
0.037969
0.055475
0.031531
0.030351
0.030671
0.030951
0.030367
0.030662
0.030391
0.030346
0.030497
0.030627
0.030563
0.060917
0.030436
0.030479
0.030435
0.030362
0.030413
0.030411
0.030405
0.030488
0.051424
0.033273
0.030466
0.030498
