0.493497
0.030785
0.030648
0.030577
0.030522
0.030606
0.038253
0.030570
0.030365
0.030432
0.030903
0.030237
0.030498
0.030312
0.030413
0.030383
0.030328
0.030746
0.030405
0.030429
0.054696
0.030168
0.030276
0.030249
0.030245
0.030652
0.031479
0.059123
0.030590
0.030408
0.030313
0.030471
0.030456
0.030495
0.030350
0.030284
0.030400
0.030297
0.051042
0.030566
0.060033
0.030498
0.030500
0.030280
0.030313
0.030404
0.030425
0.030278
0.030273
0.030298
0.030251
0.030482
0.030176
0.030312
0.030183
0.030221
0.038482
0.030139
0.038472
0.044435
0.069293
0.030418
0.031163
0.033306
0.030245
0.030157
0.030205
0.030288
0.036366
0.039902
0.038527
0.038310
0.038607
0.041575
0.042650
0.055219
0.077957
0.044156
0.048260
0.030479
0.060701
0.030432
0.030479
0.031071
0.031319
0.039168
0.030281
0.030213
0.030063
0.030261
0.030449
0.030197
0.030166
0.030859
0.030113
0.050796
0.034698
0.030079
0.030466
0.030332
0.059618
0.030169
0.030091
0.030110
0.030224
0.030487
0.030535
0.030169
0.030042
0.030159
0.030082
0.030212
0.030064
0.030113
0.030084
0.030074
0.030082
0.049457
0.030209
0.030232
0.060012
0.030116
0.029860
0.030054
0.029983
0.045625
0.030012
0.039073
0.030518
0.030286
0.029935
0.030068
0.030053
0.030366
0.030077
0.030113
0.030024
0.030124
0.030090
0.029991
0.060730
0.029944
0.030109
0.029974
0.030048
0.029982
0.030112
