0.532607
0.038410
0.031267
0.029970
0.029962
0.029982
0.029961
0.029987
0.032528
0.039228
0.038083
0.038222
0.041646
0.042655
0.042130
0.042607
0.042283
0.042543
0.042176
0.066879
0.094058
0.033122
0.030260
0.030189
0.061679
0.038382
0.038382
0.030101
0.029860
0.029840
0.030032
0.029896
0.029940
0.029938
0.049879
0.034530
0.030061
0.030085
0.030039
0.030082
0.059835
0.029974
0.030089
0.029958
0.029989
0.029987
0.030048
0.029956
0.029911
0.029915
0.029953
0.030620
0.030067
0.029930
0.030021
0.030093
0.052052
0.038474
0.038476
0.038077
0.069435
0.042167
0.042184
0.054888
0.063392
0.030519
0.030307
0.030248
0.030329
0.030267
0.030232
0.030316
0.030068
0.029961
0.029988
0.029896
0.029922
0.030036
0.029986
0.029888
0.059857
0.029960
0.029990
0.029976
0.041712
0.030410
0.029902
0.029858
0.029918
0.029812
0.030084
0.029963
0.029891
0.029881
0.029955
0.038105
0.034740
0.029910
0.029880
0.029850
0.060261
0.029789
0.029854
0.030161
0.029985
0.029995
0.029929
0.029851
0.029962
0.030008
0.030017
0.030101
0.030116
0.029986
0.048784
0.039035
0.029910
0.029935
0.030035
0.029904
0.060076
0.030045
0.030029
0.029892
0.042233
0.034188
0.029929
0.030011
0.029944
0.029758
0.030030
0.029913
0.029842
0.029882
0.029851
0.029877
0.030152
0.029866
0.029796
0.029831
0.020054
0.030189
0.029812
0.029868
0.029808
0.029929
0.019902
0.019872
0.026713
0.026132
0.025859
0.025920
0.019993
0.020554
0.019906
0.027994
0.032297
0.019924
0.026032
0.034899
0.060232
0.029948
0.030041
0.030083
0.029953
0.029976
0.029922
0.029871
0.030086
0.029958
0.029855
0.029962
0.029869
0.029863
0.029849
0.029960
0.029920
0.030094
0.029903
0.029778
0.071543
0.029900
0.029876
0.029987
0.029931
0.029988
0.029848
0.029864
0.029823
0.029923
0.030744
0.035977
0.030128
0.029882
0.029976
0.029845
0.030179
0.029932
0.029925
0.029836
0.060451
0.029886
0.029882
0.029873
0.030108
0.029934
0.029892
0.029963
0.029985
0.029943
0.029853
0.029893
0.029911
0.039153
0.029955
0.029981
0.030099
0.029988
0.030221
0.030064
0.059731
0.029891
0.029947
0.052082
0.030197
0.029866
0.029824
0.029938
0.029841
0.030143
0.029877
0.030019
0.029919
0.029938
0.029985
0.029852
0.029838
0.029849
0.029867
0.029841
0.060121
0.029879
0.029865
0.029940
0.029967
0.038628
0.030473
0.029978
0.029950
0.030017
0.035019
0.040388
0.038444
0.038241
0.038255
0.040700
0.034772
0.030136
0.030063
0.029959
0.060329
0.029968
0.030009
0.029903
0.029999
0.029952
0.030100
0.029842
0.029952
0.029950
0.029896
0.030250
0.029964
0.029981
0.029980
0.029970
0.029876
0.036456
0.038194
0.038077
0.069192
0.042241
0.042208
0.042245
0.058549
0.047789
0.030324
0.029991
0.030194
0.030010
0.030038
0.029953
0.029948
0.029995
0.030320
0.030097
0.049208
0.030928
0.030788
0.030863
0.061093
0.030784
0.030761
0.030708
0.043008
0.038403
0.030058
0.030169
0.030001
0.030062
0.030066
0.030077
0.030190
0.030090
0.030032
0.058296
0.030299
0.030053
0.029938
0.029986
0.060422
0.030020
0.030676
0.029951
0.030106
0.030276
0.029980
0.030029
0.029903
0.030027
0.030038
0.030031
0.030025
0.030068
0.029974
0.029962
0.030278
0.033558
0.029994
0.030096
0.059984
0.029982
0.030135
0.029976
0.030010
0.030028
0.029958
0.033298
0.029967
