0.480127
0.031372
0.031030
0.031366
0.042798
0.066224
0.033558
0.030839
0.030779
0.040214
0.038888
0.039020
0.043026
0.042902
0.042776
0.042682
0.062302
0.030693
0.030675
0.031219
0.054532
0.030820
0.030650
0.030370
0.030447
0.030387
0.049481
0.038441
0.031175
0.031357
0.031191
0.031270
0.031226
0.031074
0.031168
0.031256
0.033736
0.042443
0.031413
0.031669
0.060948
0.031384
0.031259
0.031625
0.031260
0.031292
0.031373
0.030951
0.030548
0.030617
0.030557
0.030409
0.030597
0.030387
0.030508
0.030438
0.030449
0.047216
0.033798
0.030933
0.058395
0.030534
0.030671
0.030383
0.030761
0.030578
0.030431
0.047765
0.031523
0.030752
0.030607
0.030511
0.030503
0.030559
0.030426
0.030462
0.030773
0.030581
0.030829
0.030498
0.060413
0.030540
0.030543
0.030505
0.030503
0.030522
0.030534
0.030547
0.044652
0.034656
0.030465
0.030431
0.030392
0.030357
0.030463
0.030585
0.038895
0.040063
0.056754
0.030505
0.060042
0.030494
0.030683
0.030571
0.030586
0.030975
0.030513
0.030544
0.030555
0.030604
0.030509
0.030513
0.030506
0.030503
0.030594
0.030465
0.030685
0.030363
0.030506
0.040199
0.060841
0.030536
0.030605
0.030767
0.030607
0.030730
0.030508
0.030455
0.035481
0.032972
0.030386
0.030457
0.030510
0.030619
0.030518
0.030497
0.030654
0.030594
0.030665
0.030605
