0.460198
0.030377
0.030010
0.034652
0.036264
0.030031
0.030082
0.030185
0.030140
0.030090
0.030676
0.030033
0.030076
0.030252
0.043179
0.035744
0.030214
0.029998
0.030119
0.029956
0.053627
0.029999
0.029965
0.029965
0.030166
0.029988
0.030283
0.030080
0.030209
0.030209
0.030293
0.030201
0.030119
0.030191
0.030236
0.030197
0.042582
0.030508
0.030357
0.030293
0.059616
0.030257
0.030177
0.030426
0.030246
0.030332
0.040744
0.030692
0.030299
0.030329
0.030366
0.030324
0.030681
0.030620
0.030471
0.030516
0.030461
0.030228
0.030415
0.030309
0.060067
0.030472
0.030558
0.030702
0.030438
0.030537
0.030581
0.034807
0.040052
0.039072
0.039615
0.039460
0.043185
0.043279
0.065915
0.052076
0.040813
0.039989
0.039094
0.040609
0.073617
0.043277
0.042991
0.043300
0.043076
0.043179
0.043457
0.043435
0.044066
0.043277
0.043161
0.078134
0.045195
0.031249
0.031893
0.031463
0.031418
0.031229
0.031009
0.031389
0.067784
0.031036
0.031185
0.031597
0.031091
0.031290
0.031292
0.031112
0.030919
0.031216
0.031328
0.031286
0.031240
0.031196
0.031596
0.030888
0.031233
0.031439
0.031507
0.031314
0.061681
0.036389
0.031467
0.031465
0.031442
0.031479
0.031543
0.031647
0.031462
0.031657
0.031648
0.040141
0.031571
0.031514
0.031920
0.031732
0.031633
0.031842
0.031807
0.031743
0.061664
0.031708
0.031942
0.032004
0.032355
0.032364
0.031829
0.032274
0.032302
0.031818
0.032146
0.032106
0.046283
0.035010
0.032598
0.032679
0.032396
0.032061
0.032371
0.031978
0.062639
0.052408
0.033910
0.031788
0.031778
0.031674
0.031924
0.031475
0.031569
0.031734
0.031376
0.031562
0.031918
0.031776
0.031578
0.031528
0.031362
0.031452
0.031913
0.031957
0.060862
0.031758
0.044832
0.031731
0.031486
0.031617
0.031440
0.031456
0.031587
0.031956
0.031705
0.031464
0.031602
0.035578
0.031682
0.031328
0.031519
0.031728
0.033213
0.042877
0.071656
0.031512
0.031496
0.031610
0.031388
0.031102
0.031153
0.031083
0.031256
0.031639
0.030967
0.031085
0.031187
0.040826
0.031369
0.030846
0.031165
0.031141
0.031126
0.031121
0.060599
0.030953
0.030908
0.040400
0.030852
0.030495
0.030467
0.030257
0.030318
0.030322
0.030312
0.030279
0.030398
0.030387
0.030380
0.030319
0.030313
0.030331
0.030375
0.030353
0.060168
0.030335
0.030374
0.030507
0.030622
0.037333
0.031470
0.030420
0.030469
0.030397
0.030524
0.030570
0.030407
0.030384
0.045379
0.035005
0.030399
0.030422
0.030371
0.030345
0.059839
0.030319
0.030474
0.030580
0.030491
0.030437
0.030482
0.030517
0.030553
0.030550
0.030480
0.030671
0.030385
0.030414
0.030445
0.020379
0.042387
0.022995
0.030436
0.045917
0.085526
0.038661
0.031605
0.031713
0.044617
0.039660
0.031510
0.031311
0.031447
0.031750
0.031507
0.031228
0.031470
0.031769
0.031738
0.031502
0.031710
0.031570
0.031797
0.031667
0.060655
0.031896
0.031543
0.031503
0.031429
0.040671
0.032232
0.031200
0.031215
0.031087
0.031062
0.031317
0.031078
0.031293
0.031706
0.031465
0.044080
0.032441
0.032040
0.031743
0.061540
0.031981
0.031858
0.031127
0.031544
0.031724
0.032194
0.032807
0.032600
0.031719
0.031616
0.031888
0.032249
0.032501
0.032941
0.033317
0.052441
0.041133
0.042056
0.041863
0.074615
0.045949
0.046746
0.079380
0.032291
0.031832
0.034721
0.032247
0.032267
0.032019
0.031625
0.031971
0.032172
0.031911
0.031930
0.032057
0.032040
0.032026
0.031956
0.031993
0.062082
0.031599
0.031962
0.033545
0.041923
0.033015
0.032688
0.032793
0.032595
0.032798
0.032752
0.032399
0.032670
0.058124
0.032456
0.031748
0.031437
0.031517
0.031806
0.031583
0.061329
0.032032
0.031820
0.032051
0.032253
0.032129
0.032146
0.032060
0.031991
0.032120
0.031994
0.031849
0.032068
0.051994
0.033507
0.031794
0.031921
0.031998
0.031891
0.031805
0.061667
0.031554
0.031286
0.038108
0.032696
0.031420
0.031495
0.031581
0.031498
0.031646
0.031668
0.031242
0.030990
0.030744
0.031057
0.030708
0.030627
0.030604
0.030678
0.030468
0.060020
0.030319
0.030226
0.030318
