271	215	31	77
273	211	30	78
274	214	30	78
275	212	27	78
275	211	27	81
276	210	28	76
277	210	28	77
276	212	29	79
276	210	30	76
278	212	30	78
278	209	29	78
278	210	27	78
278	209	27	78
279	207	27	79
279	208	28	77
278	208	28	79
278	206	27	76
278	207	29	78
279	207	27	75
278	210	28	75
279	205	27	75
280	206	26	76
279	206	29	77
280	205	27	74
281	208	27	75
278	205	30	74
280	206	27	75
279	205	28	75
281	205	27	74
282	203	25	74
281	204	27	73
281	205	26	74
280	204	27	73
282	204	26	74
283	204	25	73
282	203	27	75
282	203	26	75
282	201	27	75
283	202	26	76
282	203	27	74
281	201	27	75
283	202	27	74
283	201	26	73
283	201	26	74
284	201	27	73
281	201	28	74
283	200	27	74
282	200	26	73
283	203	26	72
282	201	28	72
282	201	26	73
282	200	26	69
281	200	25	71
281	201	27	73
281	200	25	70
281	200	27	73
282	201	25	70
281	199	26	72
279	201	26	71
280	199	26	70
279	201	25	69
280	199	25	70
277	197	26	71
279	200	25	73
277	197	29	72
279	199	27	70
278	197	25	72
279	196	26	71
278	198	25	71
278	195	26	73
277	195	26	73
276	195	24	73
277	195	26	73
277	197	25	72
275	195	27	71
277	196	25	72
277	195	26	70
278	195	23	70
278	195	24	71
276	194	26	74
278	193	25	72
277	195	25	71
277	193	24	71
278	195	25	73
279	194	22	71
279	192	24	70
278	194	26	70
277	192	23	71
278	191	25	72
278	193	24	70
278	192	24	73
279	190	24	71
279	192	24	73
280	191	25	72
279	189	24	72
280	192	24	70
280	191	24	69
280	191	23	73
281	191	23	71
279	192	24	71
280	191	23	70
281	190	24	70
280	189	23	70
281	189	23	71
282	190	23	69
281	190	23	71
279	189	24	70
281	190	23	68
280	189	26	70
280	189	23	70
280	189	23	70
280	188	24	69
281	189	23	67
281	189	24	68
280	189	25	68
281	188	24	66
280	190	24	67
279	188	26	68
279	189	25	65
278	189	25	67
279	187	24	67
278	187	23	69
279	187	24	68
270	187	25	63
268	187	25	66
263	186	25	67
261	189	25	64
253	186	27	68
248	184	28	67
246	186	26	68
240	185	24	66
236	185	26	69
231	186	28	68
228	185	25	67
223	187	25	64
219	187	25	67
223	185	28	68
227	185	27	66
232	185	24	67
235	185	25	67
240	185	26	64
242	183	27	67
247	185	26	67
255	184	23	66
258	184	24	67
260	183	26	67
267	184	24	67
270	183	24	67
275	183	24	67
268	182	25	63
268	184	23	66
262	183	24	65
258	181	25	59
254	184	23	65
248	182	28	62
243	183	29	62
237	183	28	62
237	183	25	60
234	183	23	67
227	181	25	66
224	181	23	64
220	180	23	67
223	180	25	64
226	180	25	68
233	178	22	68
235	180	25	68
238	179	24	66
245	180	25	62
249	181	23	61
252	178	24	65
257	178	24	63
262	178	24	63
265	178	23	64
269	177	24	62
275	179	25	62
273	179	23	62
267	179	25	65
264	177	24	64
260	178	24	67
252	177	25	65
251	177	24	66
245	177	26	66
241	177	25	64
238	178	23	62
234	178	23	65
233	177	21	59
225	178	24	63
221	178	23	61
222	178	24	58
225	176	24	61
229	176	26	60
233	177	24	56
241	177	22	62
242	177	26	59
248	176	26	63
252	177	26	62
257	174	25	63
262	174	23	66
266	173	22	65
270	175	24	65
276	174	22	66
276	173	23	65
273	175	22	65
268	174	22	65
265	176	21	66
256	175	23	63
255	173	22	65
249	175	23	65
247	173	20	67
243	173	19	65
239	173	19	63
236	172	20	65
232	173	17	64
228	171	16	63
226	173	16	62
230	172	18	63
232	172	19	54
236	172	21	54
243	172	19	54
244	173	21	48
249	172	19	42
248	179	26	42
257	180	31	46
259	184	33	46
261	170	33	56
260	169	37	57
266	168	35	66
259	166	45	68
251	168	45	66
250	166	40	67
240	168	43	65
238	167	41	66
231	166	40	67
224	167	38	70
219	165	40	69
213	166	39	66
208	166	39	65
196	168	44	65
190	166	44	68
183	187	47	56
180	167	45	64
186	166	43	69
193	166	41	66
196	166	44	67
200	167	45	68
207	165	44	73
213	164	44	73
220	166	44	67
226	164	43	69
232	165	43	69
229	164	52	75
238	165	50	71
243	163	50	73
258	163	42	70
252	163	41	67
245	164	42	67
241	164	41	65
236	165	43	67
230	166	42	63
220	163	44	63
215	164	47	65
212	164	42	66
204	162	44	64
199	162	43	63
191	164	44	64
187	163	42	66
182	165	44	63
184	164	46	63
190	163	45	64
197	164	43	64
204	164	43	65
209	162	41	64
214	163	44	64
218	163	45	64
226	162	45	65
232	164	44	64
236	163	46	63
242	162	44	65
247	159	45	66
258	160	42	66
251	160	45	65
247	159	44	65
241	162	44	64
234	163	46	63
232	162	41	63
225	160	43	66
220	161	40	64
212	161	43	63
209	161	41	62
200	160	44	63
193	161	45	61
189	160	43	63
182	160	44	63
185	159	42	62
189	162	43	61
196	160	43	62
202	159	45	62
209	161	44	59
214	160	44	61
219	160	44	60
227	161	43	61
230	160	47	61
238	158	42	63
244	160	44	63
249	160	45	62
253	157	48	64
257	157	45	64
250	157	40	65
243	158	42	64
231	161	43	61
222	160	45	61
207	158	52	64
205	160	47	59
199	158	44	62
187	161	46	59
183	160	44	61
170	159	48	63
160	158	51	63
151	158	50	64
152	160	46	62
162	159	46	61
169	160	47	61
173	158	53	61
183	155	52	63
196	160	47	62
203	159	52	59
212	160	50	57
219	156	53	61
229	154	53	60
241	155	51	61
247	153	54	62
253	155	56	59
262	157	54	58
254	156	52	58
248	156	53	60
239	155	51	60
227	152	57	60
223	155	54	59
210	156	58	57
202	157	59	57
196	158	55	56
186	155	60	58
175	155	60	58
167	158	58	58
161	157	59	57
156	157	59	56
163	158	62	55
168	156	63	59
180	153	63	59
189	156	64	59
197	156	65	56
206	152	64	58
216	154	65	58
224	155	64	58
232	154	66	56
243	155	65	55
251	153	66	59
263	153	66	57
270	153	66	58
258	153	71	57
253	153	70	56
238	153	76	60
239	153	68	59
229	152	66	57
219	155	72	56
213	155	68	56
202	152	71	58
192	154	75	57
185	155	71	57
175	155	73	55
172	152	68	56
164	153	68	58
165	150	73	59
176	153	68	56
184	153	72	54
192	152	72	54
203	155	72	56
209	153	73	54
219	151	72	55
232	153	69	56
241	153	69	55
250	150	69	57
261	152	67	54
273	149	64	58
281	149	65	59
276	151	70	58
276	151	70	58
224	152	78	54
197	154	81	53
197	154	81	53
197	154	81	53
197	154	81	53
197	154	81	53
197	154	81	53
197	154	81	53
197	154	81	53
197	154	81	53
197	154	81	53
197	154	81	53
197	154	81	53
197	154	81	53
197	154	81	53
197	154	81	53
197	154	81	53
197	154	81	53
197	154	81	53
197	154	81	53
197	154	81	53
197	154	81	53
197	154	81	53
197	154	81	53
282	150	80	54
282	150	80	54
282	150	80	54
282	150	80	54
282	150	80	54
282	150	80	54
282	150	80	54
282	150	80	54
282	150	80	54
282	150	80	54
282	150	80	54
282	150	80	54
282	150	80	54
282	150	80	54
282	150	80	54
282	150	80	54
282	150	80	54
282	150	80	54
282	150	80	54
282	150	80	54
282	150	80	54
282	150	80	54
197	148	78	52
197	148	78	52
197	148	78	52
197	148	78	52
295	147	70	54
295	147	70	54
261	146	64	52
261	146	64	52
261	146	64	52
261	146	64	52
261	146	64	52
261	146	64	52
261	146	64	52
261	146	64	52
261	146	64	52
261	146	64	52
261	146	64	52
261	146	64	52
261	146	64	52
261	146	64	52
261	146	64	52
261	146	64	52
261	146	64	52
142	144	66	54
142	144	66	54
192	147	64	56
209	144	68	54
236	148	69	47
257	147	68	50
294	144	55	51
303	142	65	55
303	142	65	55
262	140	68	53
262	140	68	53
227	148	61	51
222	154	49	40
196	149	47	45
196	149	47	45
196	149	47	45
125	148	47	52
103	150	50	47
77	148	48	49
77	148	48	49
19	147	58	52
19	147	58	52
48	146	61	52
48	146	61	52
87	141	63	53
87	141	63	53
133	146	63	51
133	146	63	51
133	146	63	51
133	146	63	51
133	146	63	51
133	146	63	51
133	146	63	51
133	146	63	51
133	146	63	51
244	146	66	59
244	146	66	59
228	147	62	45
228	147	62	45
189	144	55	44
189	144	55	44
189	144	55	44
189	144	55	44
189	144	55	44
189	144	55	44
189	144	55	44
189	144	55	44
189	144	55	44
189	144	55	44
83	145	45	54
104	148	45	49
133	155	42	46
143	142	51	54
170	144	50	49
184	146	57	46
184	146	57	46
228	145	58	42
246	145	65	44
246	145	65	44
292	142	63	47
312	140	54	52
278	138	47	52
268	139	53	50
234	154	43	42
234	154	43	42
194	140	53	50
194	140	53	50
150	138	50	51
150	138	50	51
107	157	50	39
81	159	47	34
58	167	49	28
32	157	47	36
17	146	49	48
45	137	53	55
61	146	46	48
89	142	50	44
106	137	47	49
136	140	50	48
136	140	50	48
181	144	51	45
202	148	55	44
221	146	60	44
257	152	51	40
279	140	54	42
309	140	43	50
315	139	50	53
309	136	51	53
311	132	53	53
307	133	53	57
311	134	52	56
310	132	51	56
312	135	47	54
313	136	47	51
311	135	49	52
313	133	46	53
313	137	51	50
308	133	48	51
312	138	48	50
311	135	46	50
313	135	45	53
311	135	47	52
312	135	46	51
311	134	45	52
312	137	45	52
313	134	43	51
312	137	45	52
312	135	44	50
313	137	45	51
313	135	44	51
312	137	42	51
313	136	42	51
312	136	43	51
313	134	42	52
313	135	41	51
314	134	37	52
314	134	39	51
316	135	37	50
315	135	37	54
315	136	37	51
316	134	36	50
313	133	38	54
316	135	37	48
316	136	34	51
315	135	35	49
313	136	37	50
314	136	37	50
313	136	37	48
313	137	39	50
312	137	39	47
312	136	40	49
312	135	38	49
312	135	38	48
312	136	38	47
310	137	40	47
311	135	41	48
312	133	38	50
313	135	39	50
311	136	39	48
313	135	38	47
312	134	38	49
312	134	40	49
311	135	40	47
311	132	38	49
311	131	39	52
309	133	41	50
312	133	40	51
312	132	39	52
312	135	38	50
312	134	38	47
313	135	38	48
311	136	41	47
311	135	39	46
312	133	40	51
311	135	41	47
311	136	41	46
310	135	41	47
310	135	41	47
309	135	39	46
309	133	41	48
311	134	40	47
308	134	41	45
309	133	40	47
307	135	42	45
307	132	43	47
308	134	42	46
310	133	41	47
308	131	42	49
308	133	42	46
309	134	42	46
308	132	42	45
308	136	42	45
308	132	42	45
309	130	41	47
307	132	43	48
308	130	43	48
309	132	40	45
309	129	41	46
311	130	40	49
310	133	40	44
309	130	39	49
308	133	43	47
309	130	42	50
309	132	43	47
308	132	43	47
309	129	43	50
310	131	44	48
307	130	49	48
309	129	51	48
307	132	48	44
308	131	44	45
309	129	45	47
308	134	44	43
307	129	48	46
308	128	51	47
309	129	44	46
311	129	44	47
311	133	42	41
309	128	42	45
310	130	45	45
311	130	44	46
310	131	44	44
309	132	47	43
312	130	45	43
312	129	42	46
313	128	42	47
311	128	46	48
313	129	47	46
312	130	45	44
312	133	46	42
311	130	44	44
313	132	45	43
314	131	45	43
314	131	43	44
315	132	43	43
315	132	43	43
314	132	44	43
309	134	49	38
310	140	45	34
310	136	51	37
311	132	49	38
312	137	44	35
315	136	40	38
312	133	46	39
314	134	44	40
316	133	43	41
316	130	42	42
311	133	45	43
311	128	44	44
317	133	40	39
315	135	37	40
315	134	35	49
313	139	33	43
325	129	35	43
321	130	39	41
319	126	40	46
318	128	38	42
322	130	36	43
320	131	38	42
324	132	36	40
321	129	37	42
321	130	37	43
323	133	35	42
322	132	37	41
322	132	35	40
324	128	31	44
324	128	27	43
323	129	23	44
327	130	23	41
335	128	27	42
323	128	21	42
328	131	20	40
340	128	22	41
329	128	18	41
334	129	23	43
332	129	31	42
330	131	32	37
330	131	36	37
330	131	36	39
328	128	38	41
326	134	40	37
322	142	43	30
327	130	40	36
326	135	40	35
323	133	41	37
323	131	42	37
325	131	41	40
326	135	36	36
329	137	40	33
328	143	40	29
330	136	39	31
331	140	38	32
333	131	36	37
331	134	37	36
333	135	38	34
332	134	37	35
330	134	40	35
333	135	38	34
329	138	40	32
326	128	44	40
327	131	44	37
331	137	40	33
330	140	43	30
332	131	39	36
336	130	34	38
