0.529011
0.031078
0.031106
0.030984
0.029919
0.039819
0.030666
0.032419
0.029960
0.029898
0.029803
0.029983
0.029959
0.029815
0.029885
0.029961
0.035926
0.031628
0.029867
0.029970
0.042510
0.029921
0.029952
0.019986
0.020009
0.020010
0.020024
0.020010
0.019889
0.020026
0.020044
0.019922
0.020012
0.020022
0.020020
0.029849
0.030020
0.030047
0.030208
0.029942
0.057161
0.035553
0.032459
0.029883
0.029947
0.029898
0.029950
0.030013
0.030018
0.030028
0.029985
0.030186
0.039576
0.031041
0.029922
0.029940
0.030017
0.030060
0.030079
0.029966
0.059864
0.030073
0.030047
0.030101
0.030174
0.030001
0.029916
0.029952
0.030015
0.030685
0.020688
0.026026
0.025818
0.025870
0.038647
0.026057
0.025677
0.025746
0.025748
0.025757
0.025842
0.025906
0.025803
0.025722
0.036237
0.066480
0.022608
0.030191
0.030242
0.030307
0.031954
0.030275
0.030522
0.030358
0.030375
0.030106
0.030199
0.030338
0.030103
0.030096
0.059552
0.030043
0.030202
0.029998
0.030064
0.030255
0.050185
0.030553
0.030537
0.030143
0.030076
0.030042
0.030038
0.029969
0.030017
0.030061
0.030405
0.052527
0.031302
0.029998
0.080506
0.030072
0.029878
0.030226
0.029957
0.030065
0.030047
0.030027
0.030104
0.030089
0.030075
0.030123
0.030135
0.030288
0.030069
0.030127
0.030087
0.030010
0.047984
0.031369
0.059327
0.030274
0.030050
0.029999
0.030154
0.030021
0.030036
0.030045
0.050291
0.030667
0.030145
0.030018
0.030100
0.038269
0.038247
0.038200
0.038201
0.042213
0.042274
0.042117
0.087842
0.054182
0.030179
0.030254
0.030239
0.030329
0.039558
0.038150
0.038017
0.038167
