0.491608
0.030930
0.030628
0.030581
0.030521
0.030630
0.030718
0.030379
0.030394
0.030368
0.030512
0.030344
0.030279
0.030302
0.030387
0.030380
0.030423
0.030430
0.032396
0.031955
0.054060
0.030432
0.030364
0.030683
0.030430
0.030397
0.030329
0.030347
0.020377
0.042713
0.030415
0.020365
0.030158
0.030160
0.030120
0.030128
0.030122
0.030257
0.030309
0.030325
0.060118
0.030331
0.030342
0.030270
0.030438
0.030435
0.030509
0.030216
0.030249
0.030469
0.030645
0.041692
0.031098
0.030422
0.030623
0.030571
0.030432
0.030264
0.030399
0.030351
0.059883
0.035043
0.039352
0.038605
0.038573
0.039912
0.046870
0.057031
0.030327
0.030622
0.030489
0.021030
0.020285
0.030344
0.020458
0.030369
0.020489
0.020385
