0.517781
0.043333
0.042271
0.047210
0.039492
0.050956
0.045386
0.035315
0.031392
0.032148
0.030861
0.031446
0.030615
0.030537
0.030681
0.053271
0.030683
0.030487
0.030785
0.030427
0.054373
0.030476
0.030317
0.030425
0.030288
0.030532
0.030823
0.030487
0.030454
0.030398
0.030389
0.030361
0.030452
0.030412
0.030253
0.030434
0.034034
0.031026
0.030407
0.030488
0.060157
0.030354
0.030363
0.030295
0.030541
0.030516
0.032454
0.033983
0.030394
0.030479
0.030397
0.030396
0.030360
0.030478
0.030331
0.030219
0.030365
0.030253
0.030385
0.030382
0.060662
0.030572
0.030308
0.030409
0.030507
0.030346
0.030434
0.030276
0.036546
0.030757
0.030363
0.030473
0.030299
0.030440
0.031184
0.030415
0.030298
0.030391
0.030216
0.052148
0.060321
0.030350
0.030370
0.030313
0.030413
0.030272
0.030293
0.030532
0.030349
0.030407
0.030520
0.030733
0.030290
0.030366
0.030414
0.030309
0.030510
0.030292
0.030494
0.030299
0.065207
0.030591
0.030320
0.030381
0.030311
0.030324
0.030617
0.030300
0.030403
0.030420
0.030234
0.041625
0.030548
0.030258
0.030125
0.030320
0.030299
0.030193
0.030413
0.030300
0.060075
0.030190
0.030134
0.030279
0.030258
0.030281
0.030203
0.030227
0.030500
0.030334
0.030312
0.030256
0.030722
0.038108
0.031422
0.030908
0.030353
0.030188
0.030325
0.030274
0.060784
0.030423
0.030298
0.042060
0.031220
0.030277
0.030190
0.030325
0.030381
0.030204
0.030284
0.030277
0.030307
0.030252
0.030300
0.030625
0.030339
0.030391
0.030204
0.030312
0.060377
0.030217
0.030275
0.030359
0.052732
0.030789
0.030262
0.030323
0.030507
0.030221
0.030281
0.030879
0.030250
0.030318
0.030334
0.033798
0.039234
0.038637
0.038545
0.038553
0.073422
0.042466
0.042669
0.042902
0.042463
0.042450
0.068275
0.068784
0.044463
0.030510
0.059477
0.038631
0.030490
0.030442
0.030291
0.045651
0.030370
0.045893
0.030403
0.030204
0.085554
0.030205
0.030117
0.030347
0.030414
0.030372
0.030191
0.030144
0.030136
0.030252
0.030157
0.030198
0.030128
0.030342
0.030013
0.030031
0.030111
0.030090
0.030028
0.030124
0.060690
0.039509
0.038304
0.038632
0.036159
0.030401
0.030792
0.030505
0.030705
0.030457
0.030767
0.042191
0.030745
0.030729
0.030613
0.030955
0.030575
0.030703
0.030616
0.031265
0.060297
0.030623
0.031370
0.030679
0.031017
0.030753
0.030846
0.028738
0.030753
0.030828
0.030690
0.032327
0.039510
0.030980
0.030666
0.030737
0.030743
0.031161
0.031762
0.031287
0.060898
0.031391
0.041250
0.039288
0.039351
0.039295
0.042735
0.043158
0.043462
0.051646
0.068704
0.069981
0.058728
0.030910
0.031181
0.030833
0.032250
0.043712
0.037774
0.030839
0.060858
0.030599
0.030806
0.030739
0.030805
0.030600
0.061404
0.039480
0.039251
0.039192
0.035449
0.030775
0.030724
0.030767
0.031118
0.030661
0.030599
0.031002
0.030644
0.030671
0.061186
0.031306
0.030829
0.030734
0.030802
0.030755
0.031975
0.038170
0.030702
0.030679
0.030783
0.030677
0.030703
0.031226
0.030755
0.030787
0.030800
0.043895
0.033949
0.031079
0.060639
0.030791
0.030572
0.028739
0.028695
0.031071
0.030834
0.030804
0.028758
0.030743
0.030722
0.030746
0.030807
0.030802
0.031036
0.030724
0.032008
0.037444
0.037703
0.030709
0.061259
0.030650
0.031118
0.031183
0.030877
0.030761
0.033691
0.041108
0.039798
0.039726
0.037370
0.031397
0.031229
0.030998
0.031070
0.031103
0.030904
0.046372
0.030946
0.031235
0.061445
0.031070
0.031297
0.031193
0.031149
0.031496
0.048369
0.040429
0.039716
0.032006
0.031946
0.031924
0.031945
0.032288
0.031783
0.031921
0.050230
0.042724
0.040177
0.039852
0.070781
0.054594
0.031101
0.031344
0.031008
0.031668
0.021168
0.031064
0.031202
0.021143
0.021074
0.021101
0.021285
0.021138
0.021242
0.021092
0.021091
0.021090
0.021092
0.021718
0.028427
0.022269
0.021166
0.021100
0.021150
0.021085
0.021293
0.021202
0.021095
0.021095
0.021023
0.031003
0.021080
0.039400
0.021505
0.021061
0.021095
0.021093
0.021127
0.021087
0.021105
0.021004
0.021163
0.021073
0.020994
0.021100
0.021129
0.020971
0.021051
0.021104
0.021100
0.021075
0.021161
0.031067
0.020956
0.021000
0.020970
0.031037
0.020918
0.030970
0.020685
0.020760
0.020661
0.027858
0.021221
0.020742
0.020618
0.020635
0.020745
0.020580
0.020729
0.020649
0.020648
0.020733
0.020683
0.020720
0.030650
0.020962
0.040759
0.032431
0.062311
0.031527
0.031550
0.031523
0.021012
0.032073
0.021083
0.031788
0.031574
0.031581
0.020415
0.020440
0.031342
0.031356
0.031775
0.020699
0.031460
0.022010
0.040284
0.026602
0.072114
0.021438
0.030958
0.020678
0.020709
0.020536
0.020603
0.020899
0.020663
0.020733
0.020704
0.030887
0.021101
0.033576
0.023663
0.030985
0.020786
0.020505
0.020632
0.020535
0.021079
0.020558
0.020475
0.020481
0.020511
0.030600
0.030526
0.030783
0.030519
0.030693
0.030674
0.020911
0.030709
0.030674
0.020619
0.030692
0.031623
0.030692
0.030597
0.035116
0.023564
0.030566
0.020624
0.030968
0.020700
0.030609
0.030481
0.030328
0.030329
0.030428
0.030551
0.045172
0.030970
0.030499
0.030593
0.020506
0.032848
0.040465
0.040980
0.040088
0.070332
0.039949
0.040101
0.040363
0.039985
0.066634
0.040658
0.031799
0.031863
0.035527
0.031819
0.031381
0.031506
0.031777
0.030774
0.030652
0.030694
0.034959
0.048518
0.030976
0.060475
0.030711
0.030559
0.030648
0.030643
0.030898
0.030516
0.030521
0.030851
0.031057
0.030513
0.031369
0.030623
0.030593
0.030737
0.030566
0.030895
0.030539
0.030638
0.030934
0.068312
0.030439
0.030551
0.030454
0.030640
0.030447
0.030493
0.030463
0.030457
0.030403
0.043713
0.030839
0.030827
0.030399
0.030512
0.030428
0.030451
0.030523
0.030589
0.030389
0.061245
0.030450
0.030622
0.030572
0.030566
0.030378
0.031477
0.030527
0.030483
0.030427
0.031282
0.030690
0.039929
0.031305
0.031299
0.031278
0.031219
0.030762
0.030486
0.030775
0.060057
0.052988
0.037619
0.030608
0.030592
0.030512
0.030515
0.030480
0.030576
0.030617
0.030457
0.030446
0.030924
0.030514
0.030552
0.030630
0.030428
0.030564
0.030717
0.030593
0.060917
0.030524
0.039788
0.034192
0.030711
0.030726
0.030612
0.030511
0.030914
0.030507
0.030561
0.030720
0.030630
0.034046
0.033325
0.030820
0.030621
0.030557
0.030964
0.032002
0.062513
0.030421
0.030585
0.040226
0.040430
0.038673
0.036846
0.030489
0.030538
0.030513
0.031404
0.030550
0.030544
0.030672
0.037297
0.030638
0.030603
0.030895
0.030464
0.030378
0.060312
0.030576
0.030439
0.030416
0.039043
0.030840
0.030433
0.030261
0.030618
0.030511
0.030514
0.031241
0.030540
0.030380
0.030410
0.030383
0.030380
0.030400
0.030567
0.030312
0.060606
0.030427
0.030433
0.030280
0.030252
0.030208
0.043384
0.030522
0.030372
0.030240
0.030120
0.030600
0.030269
0.030290
0.030360
0.030308
0.030478
0.057409
0.038472
0.038650
0.069864
0.042613
0.042662
0.066307
0.036909
0.030334
0.030297
0.030317
0.030869
0.031276
0.030314
0.030437
0.030388
0.030268
0.030281
0.057338
0.031901
0.030460
0.030357
0.030394
0.060064
