0.366085
0.030569
0.030498
0.030579
0.030195
0.030102
0.038723
0.030489
0.030149
0.030110
0.030230
0.030071
0.030223
0.030195
0.030056
0.030217
0.030134
0.044438
0.030402
0.030070
0.053857
0.030914
0.031316
0.030731
0.030553
0.030624
0.030522
0.030563
0.030596
0.030646
0.030596
0.030628
0.030576
0.030688
0.030714
0.030630
0.030182
0.030205
0.030261
0.033337
0.059757
0.030241
0.030078
0.030341
0.030143
0.030218
0.030295
0.030203
0.030333
0.043374
0.031944
0.030231
0.030114
0.030310
0.030265
0.030246
0.030300
0.030204
0.030259
0.030161
0.059852
0.030199
0.030309
0.030258
0.030261
0.030280
0.030375
0.030319
0.030296
0.030233
0.032540
0.035450
0.030236
0.031347
0.030333
0.030321
0.030914
0.030693
0.030189
0.030434
0.060043
0.037054
0.030248
0.030324
0.030215
0.030346
0.030443
0.030331
0.030250
0.030329
0.030383
0.030312
0.030451
0.030362
0.030396
0.030403
0.030321
0.030379
0.030199
0.030360
0.059879
0.030200
0.035192
0.032338
0.030386
0.030280
0.030454
0.030485
0.030402
0.030417
0.030292
0.030493
0.030393
0.033630
0.034729
0.030199
0.030244
0.030175
0.030365
0.030302
0.060080
0.030311
0.030391
0.030223
0.030245
0.030289
0.030340
0.030394
0.030357
0.030368
0.030355
0.030244
0.030313
0.030390
0.030301
0.034954
0.031046
0.030412
0.030508
0.030451
0.059870
0.030451
0.030414
0.030431
0.030306
0.052823
0.030643
0.030344
0.030345
0.030446
0.030495
0.030530
0.030510
0.030498
0.030479
0.035594
0.039927
0.036540
0.030562
0.030373
0.060180
0.030501
0.030804
0.030617
0.030504
0.032198
0.033572
0.030499
0.030593
0.030482
0.030453
0.030697
0.030387
0.030351
0.030372
0.030343
0.043119
0.032891
0.030642
0.030499
0.060069
0.030551
0.030470
0.030350
0.030463
0.030454
0.030528
0.030524
0.030582
0.030521
0.030478
0.030400
0.030902
0.030376
0.030399
0.030525
0.030419
0.030670
0.039276
0.030725
0.060334
0.030515
0.030493
0.030538
0.030657
0.030624
0.030552
0.030864
0.040698
0.031086
0.030658
0.030635
0.030541
0.030727
0.030608
0.030584
0.030497
0.030622
0.030606
0.030546
0.060242
0.030565
0.030483
0.030576
0.030578
0.030584
0.030598
0.030624
0.030628
0.030949
0.037171
0.030983
0.030755
0.030783
0.030706
0.030810
0.030705
0.030685
0.030660
0.030600
0.061493
0.031011
0.030758
0.030658
0.030642
0.030676
0.030607
0.030630
0.030607
0.030649
0.030698
0.030703
0.030655
0.030797
0.030770
0.030878
0.030938
0.030730
0.030738
0.030689
0.060373
0.047085
0.039141
0.031626
0.031542
0.031533
0.031571
0.031514
0.031620
0.031762
0.031573
0.031774
0.039454
0.031440
0.031435
0.029604
0.031684
0.031541
0.031503
0.031744
0.061306
0.031473
0.031495
0.031455
0.031551
0.032289
0.041145
0.040748
0.040291
0.035570
0.080735
0.040581
0.040203
0.054493
0.031818
0.031580
0.031559
0.031604
0.031671
0.048565
0.068329
0.031359
0.032968
0.031368
0.031234
0.031474
0.031660
0.021071
0.021175
0.021265
0.021027
0.021115
0.021091
0.021065
0.021035
0.021109
0.021028
0.021137
0.031917
0.047676
0.048239
0.032313
0.051851
0.040609
0.048869
0.033485
0.033641
0.033513
0.033396
0.033098
0.022326
0.046328
0.030885
0.043397
0.042667
0.040761
0.040910
0.042144
0.041710
0.029177
0.028521
0.041668
0.041794
0.042907
0.043512
0.029184
0.042584
0.043375
0.042397
0.047951
0.050938
0.053052
0.033736
0.033396
0.033553
0.033660
0.033975
0.060401
0.033548
0.032765
0.063368
0.032369
0.032365
0.032924
0.033509
0.033362
0.032264
0.031729
0.031704
0.031831
0.031600
0.031287
0.044091
0.029882
0.029862
0.046650
0.030873
0.050819
0.032315
0.031549
0.062061
0.031572
0.031502
0.020774
0.020662
0.020701
0.020706
0.020686
0.022255
0.038520
0.032059
0.047486
0.032309
0.032092
0.031947
0.031878
0.031975
0.031785
0.031790
0.032598
0.062249
0.032757
0.032645
0.032259
0.032209
0.032244
0.032160
0.034218
0.062793
0.039421
0.031670
0.031577
0.031639
0.031623
0.031603
0.031691
0.031545
0.031874
0.049155
0.040100
0.069729
0.043592
0.049577
0.070963
0.070945
0.058562
0.031717
0.031412
0.031069
0.031327
0.044316
0.030944
0.040534
0.032413
0.046299
