0.495565
0.031406
0.031711
0.031370
0.051532
0.032176
0.030237
0.030165
0.030329
0.030425
0.030206
0.030219
0.030428
0.030147
0.030143
0.030168
0.030201
0.030239
0.030235
0.030318
0.053806
0.030128
0.030120
0.030247
0.030141
0.031393
0.036434
0.030545
0.030353
0.030272
0.030382
0.030256
0.030301
0.030204
0.030338
0.030230
0.030445
0.037890
0.030528
0.030144
0.059804
0.030307
0.030290
0.030292
0.030209
0.030124
0.030285
0.030283
0.030331
0.030334
0.030416
0.030277
0.030303
0.030248
0.030281
0.030361
0.030175
0.030659
0.036344
0.030576
0.060316
0.030561
0.030326
0.030434
0.030424
0.020282
0.020259
0.020232
0.020271
0.023279
0.021954
0.020281
0.020335
0.020202
0.020169
0.020184
0.020240
0.020283
0.020298
0.020278
0.020260
0.020181
0.020316
0.030255
0.020253
0.020360
0.030286
0.030044
0.030582
0.020243
0.030055
0.030210
0.030140
0.030395
0.030257
0.030499
0.033572
0.030466
0.030390
0.030358
0.060243
0.030451
0.030485
0.030352
0.030318
0.030564
0.034638
0.030577
0.030319
0.030607
0.030488
0.020480
0.030258
0.030404
0.020434
0.020379
0.020456
0.020454
0.020489
0.020396
0.059916
0.020536
0.020576
0.020393
0.020450
0.029571
0.030612
0.020648
0.030491
0.020728
0.020643
0.027052
0.021077
0.020606
0.026945
0.025813
0.020622
0.020585
0.020656
0.020678
0.020610
0.020537
0.020807
0.020632
0.020478
0.043097
0.020918
0.026958
0.027134
0.039055
0.026540
0.026459
0.026513
0.026309
0.026438
0.026582
0.029012
0.068757
0.044430
0.035042
0.060237
0.020370
0.030493
0.030356
0.020247
0.058471
0.031235
0.030852
0.030850
0.030699
0.020086
0.030864
0.030776
0.030828
0.031189
0.030934
0.047786
0.037768
0.020205
0.020172
0.060655
0.031119
0.030744
0.030867
0.030834
0.046556
0.031123
0.030787
0.031357
0.046441
0.031007
0.030835
0.030920
0.046207
0.030948
0.030731
0.052259
0.030212
0.034724
0.029940
0.060972
0.030267
0.030027
0.030093
0.030128
0.038948
0.030914
0.030182
0.029989
0.030364
0.029989
0.030011
0.030319
0.030054
0.030153
0.030129
0.030030
0.030203
0.030094
0.030043
0.060018
0.030045
0.029950
0.030034
0.030011
0.029984
0.046599
0.032153
0.038228
0.029979
0.030272
0.029978
0.029918
0.029990
0.030318
0.030030
0.029999
0.034799
0.033937
0.030249
0.060132
0.030008
0.030088
0.030077
0.029965
0.029990
0.030013
0.030279
0.030148
0.030172
0.030765
0.030776
0.020314
0.030359
0.020375
0.030297
0.029456
0.046517
0.029732
0.044441
0.060932
0.030354
0.030165
0.030056
0.030181
0.030187
0.037374
0.055267
0.065002
0.055339
0.055855
0.055200
0.039222
0.055329
0.054693
0.039394
0.055585
0.039231
0.039259
0.039166
0.081088
0.050616
0.053644
0.030659
0.030416
0.030377
0.030284
0.045415
0.036264
0.030196
0.029973
0.030152
0.030454
0.039496
0.029688
0.030099
0.029292
0.030118
0.029464
0.030251
0.059764
0.045455
0.030466
0.030181
0.030268
0.030485
0.030184
0.030312
0.030238
0.030157
0.030703
0.030286
0.030282
0.030179
0.039299
0.038162
0.038369
0.039342
0.042414
0.042214
0.072868
0.040115
0.042989
0.042562
0.046587
0.068383
0.036370
0.030368
0.030502
0.030437
0.030473
0.030796
0.030192
0.030276
0.030247
0.030261
0.030253
0.030252
0.045322
0.030177
0.065159
0.030613
0.030389
0.030309
0.030169
0.030302
0.030259
0.030137
0.030198
0.030247
0.030322
0.039699
0.031987
0.030236
0.030170
0.045690
0.030150
0.030533
0.030369
0.030327
0.060125
0.030211
0.030183
0.030288
0.030161
0.030333
0.030393
0.030232
0.030262
0.030174
0.030373
0.030218
0.037562
0.033303
0.030259
0.030215
0.030438
0.030224
0.030132
0.030232
0.059708
0.030297
0.032002
0.031724
0.031032
0.031080
0.031070
0.031024
0.030240
0.030300
0.030223
0.030185
0.030203
0.030177
0.030252
0.030255
0.030276
0.030085
0.030156
0.030238
0.059955
0.030262
0.030279
0.030366
0.043410
0.030666
0.030367
0.030155
0.030155
0.030154
0.030234
0.030549
0.030338
0.030245
0.030223
0.035254
0.032067
0.030161
0.030180
0.030246
0.059898
0.030381
0.030175
0.030283
0.030294
0.030295
0.030164
0.030257
0.030141
0.030138
0.030180
0.030231
0.030082
0.030554
0.030159
0.030087
0.030067
0.044569
0.030796
0.030087
0.059869
0.030023
0.030145
0.030172
0.030144
0.030184
0.030134
0.056778
0.030416
0.030148
0.030304
0.030031
0.030131
0.030064
0.030137
0.030047
0.030119
0.030203
0.030095
0.030212
0.059730
0.030151
0.030019
0.030233
0.030397
0.030159
0.030218
0.030054
0.030088
0.038166
0.030691
0.030075
0.029928
0.030258
0.030080
0.030036
0.030005
0.030977
0.030014
0.030096
0.075250
0.038421
0.037452
0.030284
0.030136
0.030187
0.031049
0.030082
0.030154
0.030077
0.030147
0.030343
0.030257
0.030042
0.030057
0.030295
0.030057
0.030150
0.030055
0.029980
0.074161
0.030511
0.030124
0.029967
0.030172
0.030062
0.029953
0.030141
0.029945
0.030051
0.030075
0.055348
0.038304
0.038160
0.038156
0.041974
0.059607
0.043634
0.038440
0.038739
0.099055
0.033020
0.030055
0.030014
0.030001
0.030103
0.030118
0.030060
0.058272
0.035553
0.030539
0.030366
0.030262
0.030059
0.030369
0.030427
0.030106
0.030340
0.030258
0.040817
0.060380
0.030217
0.030273
0.045840
0.030280
0.030305
0.030268
0.045450
0.030579
0.030454
0.030862
0.030720
0.030381
0.030362
0.030521
0.030334
0.030491
0.030346
0.030619
0.047096
0.063351
0.030368
0.030474
0.030432
0.030400
0.030860
0.030568
0.030320
0.030524
0.042811
0.033442
0.031362
0.030540
0.030564
0.030514
0.030637
0.030664
0.030681
0.030494
0.030739
0.060483
0.030582
0.030664
0.030579
0.030616
0.030541
0.030787
0.030756
0.030613
0.030482
0.046949
0.032976
0.030700
0.030444
0.030736
0.030588
0.030509
0.030418
0.030448
0.030408
0.061113
0.033717
0.030612
0.030463
