0.530265
0.032231
0.032301
0.031629
0.031342
0.031433
0.031341
0.048330
0.031437
0.036668
0.046463
0.050611
0.031882
0.032027
0.032079
0.032048
0.044416
0.030815
0.030942
0.030788
0.054721
0.030765
0.039535
0.039686
0.039257
0.039264
0.043432
0.043568
0.043570
0.044361
0.043614
0.043486
0.043369
0.055348
0.046708
0.065767
0.036049
0.031817
0.031787
0.030005
0.061320
0.048589
0.033060
0.031482
0.029673
0.030864
0.030786
0.028645
0.030677
0.030672
0.030657
0.030644
0.028667
0.030637
0.030723
0.030928
0.030570
0.030739
0.028768
0.030663
0.060366
0.030715
0.031192
0.034374
0.030630
0.030650
0.030678
0.030995
0.031161
0.030695
0.030801
0.030796
0.030503
0.033901
0.040174
0.039594
0.036672
0.043319
0.043513
0.043393
0.074012
0.043734
0.043417
0.043811
0.043430
0.043445
0.052009
0.068232
0.040262
0.043935
0.043747
0.043602
0.043653
0.043726
0.046084
0.085303
0.031399
0.030939
0.031013
0.030920
0.060470
0.031141
0.031217
0.030737
0.030976
0.030818
0.030991
0.031105
0.030759
0.030723
0.030725
0.030779
0.030999
0.030818
0.030980
0.054293
0.033335
0.030784
0.030748
0.030778
0.060427
0.030710
0.030644
0.030663
0.030570
0.047729
0.038744
0.031365
0.031386
0.031497
0.031560
0.031474
0.031381
0.031476
0.031415
0.031502
0.031644
0.031509
0.031717
0.032306
0.061085
0.031356
0.031526
0.031457
0.031410
0.031393
0.038461
0.035623
0.030594
0.030561
0.030655
0.030553
0.030661
0.030689
0.030506
0.030501
0.030567
0.041457
0.034954
0.030614
0.060410
0.030559
0.030711
0.030697
0.031614
0.031600
0.030701
0.030637
0.030631
0.030538
0.030662
0.030697
0.030445
0.030629
0.030491
0.030485
0.030619
0.030703
0.032030
0.036981
0.060188
0.030684
0.030593
0.030993
0.030643
0.030719
0.030622
0.030646
0.030746
0.040644
0.033428
0.030921
0.030571
0.030469
0.030670
0.030519
0.030524
0.030421
0.030516
0.030508
0.060466
0.030472
0.030537
0.030735
0.030636
0.030598
0.030680
0.030677
0.030591
0.030603
0.055698
0.031559
0.031440
0.031391
0.031348
0.030668
0.033175
0.030957
0.031404
0.030553
0.075652
0.030655
0.030710
0.030467
0.030471
0.030474
0.030446
0.030417
0.031174
0.030606
0.030507
0.030433
0.030451
0.030569
0.030612
0.030555
0.030573
0.030447
0.030552
0.030566
0.060305
0.049651
0.030821
0.031169
0.030636
0.030639
0.030661
0.030524
0.030620
0.030579
0.030634
0.030531
0.039512
0.034832
0.030575
0.030576
0.030694
0.030680
0.030569
0.030564
0.060221
0.030512
0.030792
0.030467
0.030521
0.030536
0.030562
0.030519
0.030537
0.030682
0.030810
0.030661
0.030494
0.033944
0.037767
0.030386
0.030374
0.030359
0.030475
0.030312
0.060358
0.030294
0.030418
0.030600
0.036806
0.030683
0.030327
0.030441
0.030358
0.030387
0.030448
0.030302
0.030333
0.030413
0.030494
0.030304
0.030372
0.037524
0.031334
0.030519
0.059915
0.030316
0.030382
0.030415
0.030436
0.050657
0.031517
0.030421
0.030432
0.030522
0.030585
0.031940
0.030782
0.030460
0.030431
0.030388
0.045104
0.031241
0.030344
0.030309
0.060288
0.030342
0.030363
0.030510
0.030290
0.030373
0.030476
0.030373
0.030394
0.030379
0.030282
0.030418
0.030294
0.030441
0.030537
0.030467
0.030368
0.036100
0.031398
0.030323
0.060082
0.030741
0.030476
0.030462
0.030512
0.030376
0.030377
0.055451
0.038875
0.038647
0.038603
0.042460
0.042548
0.043728
0.061931
0.030282
0.030380
0.030461
0.030425
0.030463
0.060099
0.030418
0.030367
0.030364
0.030336
0.051541
0.030826
0.030365
0.030183
0.030304
0.030262
0.030206
0.030511
0.030377
0.030214
0.030228
0.033952
0.033446
0.030354
0.030328
0.059785
0.030352
0.030308
0.030279
0.030153
0.030261
0.030255
0.030323
0.030271
0.030267
0.030314
0.030346
0.030478
0.030477
0.030516
0.030745
0.030583
0.030714
0.050911
0.031147
0.060795
0.030846
0.030876
0.030608
0.030620
0.031044
0.030731
0.030679
0.045110
0.035488
0.030666
0.030626
0.030767
0.030632
0.030728
0.030653
0.030677
0.030753
0.031181
0.031417
0.060865
0.031596
0.031580
0.032734
0.032578
0.031620
0.034532
0.042463
0.040164
0.040199
0.040322
0.044491
0.044505
0.037855
0.032548
0.044294
0.032714
0.034878
0.031629
0.031382
0.061503
0.031725
0.031582
0.031463
0.031100
0.032079
0.031301
0.031396
0.031502
0.031359
0.031551
0.031433
0.031541
0.031589
0.031583
0.031680
0.053139
0.031734
0.031872
0.031567
0.061054
0.031583
0.031646
0.031702
0.031763
0.031782
0.035572
0.031727
0.031752
0.031703
0.031484
0.031704
0.031612
0.031684
0.031680
0.031718
0.031662
0.031642
0.031529
0.031621
0.061498
0.031586
0.031521
0.032041
0.031862
0.031688
0.051956
0.032838
0.031578
0.031343
0.031673
0.031876
0.031815
0.031624
0.031772
0.031406
0.031580
0.047082
0.035257
0.031837
0.061336
0.031699
0.031513
0.031523
0.031896
0.032272
0.031629
0.031798
0.031407
0.031555
0.031530
0.031404
0.031579
0.031106
0.031184
0.031276
0.030993
0.031108
0.042228
0.036932
0.061407
0.031821
0.031986
0.031787
0.032152
0.031885
0.031920
0.031955
0.040132
0.031877
0.031711
0.031804
0.031703
0.031897
0.031699
0.031605
0.031207
0.030637
0.031048
0.031235
0.061128
0.031903
0.032328
0.032410
0.032674
0.032348
0.032144
0.031988
0.057102
0.032367
0.032708
0.032629
0.032059
0.032115
0.032219
0.032030
0.032311
0.032296
0.032042
0.065123
0.094513
0.034088
0.031910
0.031984
0.032284
0.031898
0.031675
0.031369
0.031106
0.031163
0.031340
0.031929
0.031338
0.031240
0.031642
0.031293
0.031187
0.030785
0.039530
0.036158
0.060537
0.030859
0.030756
0.030674
0.030716
0.030774
0.030765
0.030957
0.052576
0.039468
0.039893
0.040270
0.031595
0.031206
0.031487
0.031239
0.031586
0.031248
0.031482
0.031981
0.062432
0.032196
0.031428
0.031574
0.031523
0.031634
0.031547
0.032193
0.035609
0.032151
0.031582
0.031656
0.031630
0.031850
0.031829
0.031801
0.031656
0.031722
0.039527
0.046428
0.083655
0.039779
0.031394
0.031481
0.031510
0.031544
0.032024
0.031907
0.031712
0.032254
0.031946
0.031750
0.031790
0.031813
0.032922
0.032037
0.031810
0.049160
0.035445
0.031866
0.061757
0.032080
0.032217
0.032422
0.031770
0.031643
0.031724
0.042876
0.036661
0.031860
0.031675
0.031596
0.031852
0.031701
0.031584
0.031834
0.031729
0.031532
0.031739
0.031529
0.061032
0.031502
0.031545
0.031477
0.031506
0.031489
0.031712
0.031654
0.043387
0.035045
0.031652
0.031533
0.031476
0.031895
0.031611
0.042635
0.042480
0.043825
0.046484
0.044244
0.074624
0.042412
0.048949
0.054051
0.033957
0.033659
0.033108
0.033376
0.033692
0.034076
