0.481666
0.030824
0.042485
0.030945
0.030499
0.030359
0.030387
0.030342
0.030348
0.030611
0.030511
0.030359
0.030647
0.030504
0.030334
0.030437
0.030415
0.030418
0.032393
0.039704
0.063086
0.038847
0.061519
0.033793
0.030336
0.030439
0.030577
0.030425
0.030476
0.030510
0.030478
0.030659
0.030550
0.051685
0.030578
0.030517
0.030560
0.030714
0.030426
0.030404
0.059900
0.030478
0.030521
0.030568
0.031083
0.031261
0.031500
0.031423
0.031575
0.031522
0.031485
0.031410
0.031570
0.031658
0.044830
0.032430
0.032394
0.032937
0.033078
0.033353
0.062975
0.032812
0.032461
0.033057
0.036422
0.032559
0.032456
0.033167
0.033679
0.033830
0.033479
0.033843
0.033452
0.033657
0.033883
0.030044
0.030294
0.029917
0.048665
0.033374
0.064152
0.033343
0.033389
0.053468
0.036874
0.033392
0.029957
0.033134
0.033464
0.030108
0.030088
0.033743
0.033564
0.033486
0.043782
0.033750
0.029980
0.033710
0.030175
0.033572
0.059320
0.030037
0.029993
0.030044
0.030211
0.030141
0.029952
0.030073
0.030146
0.030253
0.030299
0.030495
0.030582
0.030824
0.030607
0.042929
0.031320
0.031037
0.031152
0.030674
0.060971
0.029819
0.029895
0.029859
0.030914
0.035937
0.032327
0.030318
0.030970
0.029977
0.029863
0.030842
0.030653
0.030302
0.030397
0.030214
0.030149
0.030065
0.033269
0.033026
0.062485
0.033410
0.032620
0.032725
0.032769
0.033048
0.041024
0.033737
0.031609
0.031325
0.031417
0.031340
0.031449
0.031202
0.031328
0.031418
0.031356
0.041745
0.031599
0.031294
0.061216
0.031406
0.031414
0.031348
0.031423
0.031326
0.031540
0.031337
0.031262
0.031252
0.031428
0.031322
0.031459
0.031361
0.031354
0.031399
0.031112
0.031253
0.048798
0.032017
0.061313
0.031328
0.031328
0.031387
0.031317
0.031440
0.031433
0.031381
0.042501
0.031640
0.031277
0.031470
0.031661
0.031531
0.049866
0.040473
0.040207
0.040875
0.041072
0.044798
0.075328
0.044860
0.045294
0.044914
0.044892
0.054821
0.047749
0.050426
0.042857
0.047190
0.046883
0.047215
0.061011
0.040744
0.041583
0.042380
0.042269
0.041674
0.041876
0.041792
0.072603
0.042434
0.042435
0.042548
0.041701
0.060355
0.063150
0.055843
0.042131
0.046305
0.044802
0.044844
0.044090
0.044351
0.072592
0.049098
0.048341
0.048434
0.048280
0.048123
0.081063
0.048003
0.048134
0.048148
0.047848
0.047457
0.047545
0.047502
0.041709
0.041843
0.042869
0.047807
0.047104
0.041038
0.047025
0.047917
0.033720
0.026962
0.026810
0.026907
0.026932
0.030773
0.026668
0.026724
0.026942
0.026767
0.027209
0.026894
0.026896
0.026892
0.026913
0.026907
0.045356
0.026750
0.026850
0.026793
0.039981
0.035519
0.046412
0.043660
0.027458
0.027191
0.043765
0.027616
0.027487
0.043548
0.028613
0.029035
0.045416
0.043985
0.043735
0.044248
0.043960
0.028027
0.028492
0.036494
0.027826
0.028050
0.043973
0.034815
0.027837
0.037088
0.028098
0.027998
0.027904
0.028086
0.028269
0.028496
0.028141
0.028104
0.027907
0.027826
0.042096
0.044196
0.027938
0.027734
0.027810
0.028251
0.054138
0.027906
0.027901
0.027840
0.027861
0.027704
0.027857
0.027780
0.027989
0.027971
0.027697
0.027842
0.027922
0.027921
0.028077
0.027812
0.044066
0.043857
0.043917
0.084065
0.047881
0.047448
0.079346
0.042822
0.039677
0.047792
0.048614
0.046145
0.047893
0.047647
0.047608
0.047621
0.047439
0.047304
0.047515
0.047448
0.047242
0.047337
0.047453
0.047483
0.074328
0.046921
0.079024
0.040961
0.031651
0.031754
0.029752
0.039711
0.048969
0.033089
0.031005
0.030799
0.030861
0.030588
0.030859
0.030776
0.030676
0.030647
0.031111
0.030751
0.030874
0.031002
0.060719
0.031345
0.031168
0.031253
0.031246
0.031130
0.031518
0.036561
0.038533
0.031168
0.031184
0.031152
0.031071
0.031088
0.031424
0.031134
0.031223
0.031326
0.041017
0.031821
0.061502
0.031442
0.031382
0.031342
0.031287
0.031239
0.031118
0.031149
0.031113
0.031322
0.031227
0.031282
0.031278
0.031292
0.031207
0.031202
0.031146
0.031692
0.031546
0.043773
0.061412
0.031498
0.031612
0.031543
0.031371
0.031600
0.031489
0.031410
0.031976
0.053893
0.031848
0.031554
0.031482
0.031430
0.031447
0.031476
0.031396
0.031345
0.031620
0.031336
0.061190
0.031506
0.031476
0.032959
0.031711
0.031553
0.031427
0.031490
0.031457
0.034261
0.034858
0.031430
0.031365
0.031495
0.031736
0.031504
0.031337
0.031464
0.031433
0.031656
0.065341
0.031398
0.031348
0.031510
0.031361
0.031318
0.031364
0.031364
0.031356
0.031740
0.031466
0.031307
0.031391
0.031452
0.031461
0.031391
0.031407
0.031469
0.031536
0.031356
0.061182
0.041957
0.031849
0.031399
0.031341
0.031288
0.031458
0.031509
0.031342
0.031340
0.031609
0.031340
0.053061
0.040373
0.040171
0.042646
0.040420
0.040004
0.044353
0.043922
0.074357
0.050346
0.071239
0.071173
0.053989
0.031485
0.035000
0.035282
0.031474
0.031769
0.032492
0.031318
0.031258
0.031074
0.031144
0.031467
0.031527
0.044388
0.033792
0.030998
0.061077
0.031209
0.031292
0.031211
0.031204
0.031280
0.031716
0.031397
0.031268
0.031231
0.031136
0.031155
0.031234
0.031324
0.031205
0.031130
0.031379
0.031180
0.041366
0.031576
0.060953
0.031458
0.031250
0.031201
0.031197
0.031209
0.031117
0.030895
0.043760
0.032934
0.031823
0.032252
0.031973
0.032170
0.032213
0.032303
0.031835
0.032145
0.032316
0.032584
0.062094
0.032611
0.032874
0.032183
0.032610
0.032635
0.033979
0.033501
0.034549
0.038472
0.030552
0.030563
0.030823
0.030919
0.031439
0.032470
0.035118
0.033845
0.035095
