0.452786
0.033914
0.030120
0.034043
0.030106
0.034290
0.053068
0.037162
0.033551
0.034064
0.034258
0.033994
0.033551
0.033592
0.033715
0.033585
0.033532
0.033703
0.033372
0.033149
0.056884
0.032957
0.032849
0.033039
0.032798
0.032842
0.047315
0.034153
0.031909
0.031985
0.031859
0.032309
0.022064
0.031926
0.031728
0.031694
0.032759
0.038760
0.031833
0.031507
0.061027
0.031416
0.031483
0.031477
0.031494
0.031365
0.031327
0.031333
0.031428
0.031478
0.031547
0.031625
0.031722
0.031847
0.031674
0.031881
0.031621
0.033603
0.032699
0.031358
0.062109
0.040761
0.031429
0.031596
0.031751
0.031577
0.021730
0.026155
0.025314
0.031899
0.031499
0.031238
0.031054
0.031113
0.031002
0.030985
0.030952
0.021179
0.021110
0.021318
0.021180
0.021122
0.021149
0.021205
0.021408
0.021150
0.021001
0.021096
0.021280
0.021151
0.021221
0.021224
0.021386
0.021321
0.028236
