0.495337
0.032296
0.038871
0.032023
0.031863
0.039614
0.039790
0.043533
0.057752
0.040861
0.040984
0.040821
0.040739
0.040732
0.040694
0.040494
0.054237
0.046518
0.067053
0.035990
0.055937
0.032146
0.032131
0.032063
0.031840
0.031756
0.031602
0.031736
0.032370
0.032065
0.032220
0.032204
0.031742
0.031826
0.032055
0.043149
0.033750
0.040191
0.055846
0.060263
0.073941
0.043899
0.061095
0.040753
0.042757
0.059923
0.032278
0.031982
0.031599
0.031410
0.047436
0.031539
0.031392
0.031195
0.031216
0.031380
0.031229
0.031362
0.031220
0.030984
0.074280
0.040483
0.031446
0.031638
0.031526
0.031641
0.031553
0.031266
0.031014
0.031244
0.031195
0.057068
0.032070
0.032224
0.032174
0.031872
0.031931
0.032086
0.032102
0.032353
0.063115
0.032416
0.032368
0.032154
0.032046
0.032115
0.032336
0.032170
0.032183
0.032526
0.032368
0.050319
0.041778
0.041708
0.041359
0.041729
0.042095
0.042494
0.042507
0.063672
0.087071
0.031562
0.031478
