0.588605
0.030589
0.030493
0.030338
0.040685
0.040154
0.036026
0.029938
0.029987
0.032582
0.030146
0.030020
0.030156
0.029967
0.029884
0.030597
0.046772
0.035078
0.020535
0.020526
0.053614
0.020633
0.020661
0.020547
0.029705
0.020728
0.030728
0.020224
0.020037
0.025259
0.020605
0.030092
0.019979
0.029932
0.030006
0.030005
0.030102
0.020204
0.020148
0.020120
0.020090
0.030074
0.030072
0.030079
0.030031
0.030101
0.030056
0.029928
0.020138
0.020049
0.020048
0.020041
0.029983
0.031674
0.033149
0.030160
0.030211
0.030257
0.030226
0.030158
0.059542
0.030162
0.030222
0.030905
0.039269
0.038778
0.038398
0.036233
0.030253
0.030093
0.030063
0.030165
0.030278
0.030165
0.030082
0.030198
0.020221
0.030225
0.020547
0.020356
0.020474
0.020376
0.020417
0.020355
0.020341
0.020539
0.020290
0.020332
0.027376
0.026650
0.038691
0.030249
0.030196
0.030013
0.030128
0.020147
0.020031
0.020041
0.020024
0.020006
0.021024
0.040435
0.020126
0.030032
0.020087
0.020066
0.020119
0.030049
0.020079
0.030072
0.030000
0.020062
0.019974
