331	82	37	110
332	81	35	111
332	81	36	109
332	81	36	112
332	81	36	109
333	81	36	109
332	81	36	111
333	79	36	110
333	80	35	107
333	78	36	109
335	76	35	108
335	76	36	105
332	77	38	105
333	74	39	106
333	74	37	110
333	76	37	107
333	76	37	107
332	76	38	104
334	76	37	105
332	77	36	103
333	75	36	103
332	73	34	104
331	74	35	103
333	73	33	102
335	71	30	105
332	70	34	105
332	71	34	102
332	70	34	103
331	70	33	103
330	71	34	104
330	68	33	108
331	71	33	105
331	70	32	104
330	73	34	100
331	78	33	97
331	77	34	101
332	75	31	103
331	83	34	101
332	84	32	103
330	88	32	100
331	93	31	103
331	95	31	103
331	100	30	103
331	102	31	105
330	103	32	107
330	110	31	105
329	114	32	103
327	117	32	102
327	115	33	99
329	117	29	98
326	118	31	99
323	114	32	100
323	114	33	98
323	114	34	99
322	115	35	101
322	111	33	102
320	117	34	97
322	114	32	101
321	112	32	100
320	113	33	99
318	112	34	99
319	117	34	96
319	112	32	98
320	112	31	101
321	108	29	104
319	109	32	101
318	105	34	102
317	107	33	104
316	105	32	105
318	106	30	107
316	108	32	102
315	112	31	98
314	108	31	99
313	108	30	102
312	110	34	99
311	108	34	97
310	106	31	100
309	102	34	102
308	104	34	104
310	102	34	102
309	101	34	105
309	106	33	100
306	104	37	101
308	101	32	103
308	104	33	100
307	105	34	100
306	106	35	99
305	106	35	97
303	100	38	101
304	103	36	98
306	101	34	102
303	98	36	102
303	105	36	99
303	101	35	98
301	102	35	100
302	103	35	98
302	104	34	98
301	103	33	97
299	103	34	99
301	103	34	96
299	102	34	99
298	100	37	97
299	101	36	95
299	99	34	98
298	98	34	98
297	97	35	101
296	96	35	101
297	97	34	98
297	97	34	100
297	100	34	98
295	100	33	98
294	98	34	99
293	98	35	96
294	97	35	99
294	98	37	96
294	95	35	97
294	96	34	99
294	95	33	99
295	95	33	100
294	96	33	96
294	99	33	93
293	97	33	96
291	97	33	97
290	99	32	93
290	97	32	95
289	94	31	95
288	95	31	96
288	94	31	95
287	95	32	95
285	94	34	94
284	95	34	93
284	96	34	89
283	95	34	92
284	95	34	91
281	98	34	89
282	93	31	92
282	94	32	94
281	93	32	93
279	93	35	91
278	93	33	89
277	92	34	95
277	90	33	93
277	92	32	92
276	91	33	91
274	91	32	93
276	90	31	92
275	93	31	91
274	97	30	91
275	100	29	90
274	102	30	91
274	105	30	90
271	106	30	93
272	110	31	90
271	110	31	95
271	111	30	94
270	111	31	92
269	113	33	93
270	113	32	90
268	113	32	89
268	113	33	90
267	113	32	91
267	114	34	92
268	111	33	92
266	112	32	91
268	110	32	89
268	110	31	92
267	110	32	89
268	111	31	90
267	111	30	89
267	111	30	90
267	111	30	88
266	113	30	85
268	111	30	86
266	112	28	88
267	113	28	86
265	113	29	87
264	120	29	85
265	122	28	86
263	124	31	88
263	128	31	89
264	130	30	84
263	128	30	86
263	129	30	88
262	127	30	85
262	130	30	85
261	129	30	85
262	129	29	85
261	128	29	85
262	129	30	81
260	127	29	84
261	125	29	85
261	127	29	85
262	129	29	83
262	128	29	83
260	128	30	82
260	127	28	85
262	126	27	85
259	127	30	84
260	127	29	82
260	126	28	85
259	124	27	85
259	125	27	86
256	126	30	81
256	122	29	85
256	120	29	88
254	121	31	86
256	121	31	84
254	121	30	84
253	124	32	81
254	127	30	80
254	124	29	83
253	124	30	83
253	125	33	79
251	126	31	77
254	125	30	80
252	120	31	84
252	126	31	77
253	123	31	80
254	121	29	82
253	119	29	84
254	121	28	82
252	122	29	81
253	124	29	79
257	122	27	79
261	123	28	80
269	124	28	75
272	126	29	75
280	124	27	76
284	122	27	75
289	121	30	77
293	123	31	75
298	121	32	77
307	121	30	74
310	122	29	74
315	121	29	74
322	127	30	67
328	125	30	70
332	125	31	70
338	122	29	72
343	122	31	70
348	119	27	73
358	117	25	77
360	116	31	77
365	115	28	80
373	113	28	79
377	112	28	82
385	116	27	77
389	114	30	76
394	118	27	75
400	120	29	72
405	117	31	75
412	113	27	78
416	113	28	77
422	112	27	80
423	113	33	75
431	108	30	79
437	108	31	80
442	109	27	78
445	109	30	78
454	112	26	75
461	110	26	75
464	111	26	76
471	111	27	77
478	111	24	76
483	110	27	73
487	107	27	77
494	110	26	72
498	112	25	72
504	107	27	77
511	107	25	76
510	106	25	77
511	106	26	76
512	106	24	76
512	104	23	78
513	108	23	76
510	106	22	76
511	107	23	74
508	108	24	72
510	108	24	71
508	108	26	71
507	107	26	73
506	107	28	73
507	105	26	72
508	105	26	74
505	108	28	69
506	110	27	67
508	110	25	68
507	105	24	71
507	107	23	70
507	108	24	70
506	104	25	70
496	107	25	68
492	108	25	68
484	105	29	69
487	105	25	69
486	100	23	75
478	105	24	71
470	99	25	76
466	99	21	78
458	94	22	81
456	97	20	78
449	94	20	82
443	93	21	82
435	94	21	79
431	90	21	82
423	88	22	87
417	88	20	87
413	88	20	86
403	90	21	83
400	89	21	85
393	94	23	80
387	94	20	78
388	96	23	78
385	98	24	74
387	98	23	75
389	95	21	75
388	94	21	76
387	99	22	71
386	98	21	71
388	95	21	75
388	96	19	74
388	93	19	77
389	90	19	80
389	94	18	76
389	92	18	80
389	89	18	80
387	91	19	80
387	93	21	77
386	94	20	75
386	93	21	75
385	93	21	75
383	94	23	74
383	94	24	74
383	93	23	73
383	96	24	72
384	97	21	68
385	95	20	72
384	97	21	70
384	93	19	73
383	97	22	71
383	97	21	69
382	95	26	71
382	95	23	69
383	93	26	73
380	98	25	66
382	95	24	68
381	97	21	67
381	97	22	68
381	97	20	66
381	96	21	69
382	100	21	64
380	100	20	63
380	98	21	65
380	97	23	65
380	100	21	64
380	96	19	67
379	97	21	66
378	96	22	66
378	94	21	67
379	95	20	66
379	97	22	65
377	97	21	65
378	95	22	67
379	95	19	68
378	95	22	67
378	95	21	65
380	96	21	66
379	95	19	65
379	91	21	67
379	92	20	69
379	91	19	68
379	91	21	68
379	90	19	68
379	92	19	67
379	91	20	68
380	90	20	68
380	93	20	68
378	93	22	64
379	94	20	62
376	90	24	64
367	91	23	65
367	90	19	66
358	90	22	65
353	90	16	65
346	90	21	65
340	90	20	64
335	88	21	64
329	93	23	62
323	93	20	62
316	91	21	65
311	89	22	64
306	90	26	66
300	92	25	63
294	89	28	66
287	89	36	68
283	87	43	68
278	89	37	64
264	86	35	69
261	90	39	65
256	89	42	66
254	89	44	64
255	91	42	64
258	92	40	64
256	93	41	62
256	95	43	62
251	93	48	61
249	93	49	61
253	89	45	66
255	88	39	67
254	93	45	65
253	90	46	64
253	91	43	62
250	93	42	60
213	99	48	56
220	99	46	53
204	102	44	54
210	89	53	60
189	97	66	58
176	94	79	61
167	95	83	60
138	96	95	63
128	101	105	57
122	97	107	59
116	98	106	58
141	96	98	58
142	94	85	59
146	97	75	59
146	96	77	60
150	95	71	64
131	98	77	63
128	98	85	61
143	92	82	59
141	91	82	64
142	94	80	63
138	93	80	62
132	93	88	66
123	97	96	60
124	94	89	64
128	97	85	64
125	93	89	66
125	89	92	71
124	97	92	66
124	95	83	68
132	97	75	65
130	95	77	67
124	96	80	64
128	98	78	67
125	93	82	72
130	93	71	71
128	95	84	69
123	95	86	68
127	92	87	67
125	92	86	70
122	96	89	66
124	92	90	71
124	91	88	72
131	92	84	74
124	90	88	75
128	88	80	76
128	91	81	72
130	87	78	77
126	86	82	78
127	86	82	77
127	87	84	79
127	88	84	76
123	88	89	75
125	88	85	75
127	89	83	78
126	89	81	77
130	90	76	75
123	94	82	73
123	97	81	71
125	87	79	79
127	89	79	79
125	89	80	78
127	89	78	77
127	88	77	79
127	89	78	77
128	89	76	78
125	88	78	78
126	89	79	79
126	89	79	78
126	89	78	80
126	84	79	84
128	85	77	83
127	84	75	83
130	88	74	81
131	84	71	84
156	86	61	80
146	89	74	80
162	85	78	85
168	86	76	84
191	85	72	83
194	88	75	83
220	86	67	80
229	84	67	91
239	84	65	89
242	84	76	88
258	82	76	88
266	84	75	85
280	84	74	85
300	87	69	82
314	82	64	88
313	83	73	89
332	83	70	87
335	86	73	87
350	80	71	91
372	79	60	92
377	78	67	93
393	80	62	91
412	80	54	90
412	79	63	92
437	79	51	90
445	82	49	90
459	80	54	89
477	80	45	88
481	81	48	91
480	80	55	94
491	78	65	93
506	78	66	95
508	79	68	97
519	77	76	95
533	80	70	95
543	75	76	101
553	76	69	101
561	77	69	100
558	75	66	102
561	77	69	98
559	76	68	99
563	75	64	99
562	75	64	102
564	76	65	100
561	73	68	103
566	73	61	101
573	66	47	110
577	63	40	112
561	66	26	117
572	66	35	112
570	70	43	109
561	64	54	115
560	58	55	124
561	51	64	129
563	43	61	140
564	37	65	145
563	42	61	139
559	50	57	135
560	59	59	125
562	62	59	120
560	69	55	115
560	74	55	110
540	65	56	116
534	71	54	109
518	77	61	106
503	74	62	105
500	68	53	114
485	72	56	112
478	69	53	111
478	78	42	108
465	72	42	110
452	66	42	117
442	65	37	116
424	58	48	126
411	65	50	119
400	66	51	118
383	77	55	107
384	71	39	113
370	76	45	109
358	69	36	115
353	71	35	113
355	63	40	123
355	64	31	125
358	77	39	116
352	67	37	121
353	63	43	123
349	57	36	130
357	62	34	125
355	59	26	129
356	64	37	124
353	59	25	131
355	63	33	127
372	82	30	109
356	61	24	127
357	57	23	134
358	56	23	135
357	55	24	135
358	57	23	135
369	71	28	122
358	67	31	123
357	66	25	126
365	74	35	123
356	60	34	130
358	69	43	125
353	62	32	132
357	62	39	131
353	63	33	129
356	77	45	118
353	77	37	116
359	81	44	115
350	71	51	120
371	61	66	129
345	52	53	140
350	55	35	140
355	68	47	127
350	55	36	139
358	64	40	135
351	54	37	142
358	55	44	144
352	49	35	147
357	54	41	143
353	54	29	142
359	59	31	139
354	58	30	140
357	58	34	142
354	56	32	141
362	62	32	136
356	57	31	142
365	69	32	130
356	58	35	141
368	76	44	125
357	78	44	119
357	81	33	119
366	78	34	125
356	86	38	114
365	90	43	109
356	78	40	123
351	67	41	133
351	59	43	142
350	55	43	145
346	48	52	153
347	42	45	158
358	60	43	141
355	47	40	156
349	43	42	158
361	43	38	161
350	40	45	163
351	55	44	150
365	46	54	155
359	43	37	159
352	48	43	155
364	42	38	162
353	40	44	164
350	35	46	170
347	40	52	165
362	36	37	174
362	37	34	172
361	34	35	175
366	35	32	173
366	38	31	171
366	37	32	173
364	38	34	172
362	39	35	168
361	34	37	174
363	37	36	171
366	35	32	173
364	34	36	176
365	36	35	172
368	32	30	176
364	40	36	169
366	42	34	165
368	40	32	169
369	37	32	170
370	37	31	174
371	37	31	175
371	40	32	168
371	38	31	172
369	35	33	179
370	37	34	171
373	37	33	177
373	37	33	175
371	35	34	178
373	36	33	175
373	36	34	175
374	35	39	178
376	40	36	171
376	40	40	171
376	39	52	172
353	33	73	177
364	31	77	182
370	28	75	181
378	34	78	176
356	31	85	178
369	33	88	181
380	25	71	185
382	31	73	183
372	32	72	177
380	32	63	179
382	29	64	185
365	33	75	177
376	32	76	184
385	29	64	183
