0.451718
0.029096
0.030969
0.030808
0.030611
0.030694
0.030617
0.030525
0.030534
0.041106
0.033434
0.039447
0.039346
0.039424
0.043926
0.043376
0.043827
0.043495
0.043100
0.049245
0.087715
0.059143
0.030890
0.030816
0.030828
0.037662
0.031526
0.030997
0.030758
0.030757
0.030639
0.030451
0.030575
0.030613
0.030604
0.030610
0.035595
0.032534
0.030610
0.030626
0.060385
0.030669
0.030587
0.030591
0.030469
0.030648
0.030691
0.030734
0.030839
0.030607
0.030621
0.030626
0.030636
0.030653
0.030658
0.030623
0.030609
0.030581
0.042796
0.030930
0.060061
0.030819
0.030601
0.030641
0.030653
0.030627
0.030903
0.031916
0.036250
0.033365
0.030963
0.036495
0.039288
0.042291
0.043267
0.043121
0.043003
0.043031
0.043099
0.043024
0.074008
0.043116
0.043012
0.043241
0.079307
0.042926
0.030912
0.030936
0.030862
0.030834
0.030869
0.030828
0.030604
0.030584
0.043399
0.031150
0.030675
0.030732
0.031207
0.030615
0.059967
0.030553
0.030463
0.030527
0.030681
0.030437
0.030535
0.030550
0.030718
0.030499
0.030466
0.030483
0.030473
0.030553
0.030526
0.030513
0.052382
0.030631
0.030544
0.030451
0.060560
0.030688
0.030625
0.030488
0.030670
0.030462
0.042565
0.030900
0.030463
0.030433
0.030667
0.030686
0.030518
0.030457
0.030536
0.030606
0.030453
0.030398
0.030516
0.030344
0.059985
0.030631
0.030555
0.030697
0.042523
0.040534
0.057760
0.031451
0.031290
0.031313
0.031215
0.030740
0.030664
0.030480
0.030426
0.030477
0.051421
0.039372
0.038906
0.030591
0.060251
0.030423
0.030447
0.030427
0.030438
0.030359
0.030461
0.030497
0.030424
0.030409
0.030475
0.030531
0.030588
0.030419
0.030435
0.031896
0.030388
0.058754
0.033102
0.030426
0.059864
0.030468
0.030240
0.030374
0.030453
0.030485
0.030299
0.035852
0.039843
0.031479
0.039967
0.040665
0.039805
0.039837
0.039795
0.039804
0.055836
0.051951
0.031335
0.031166
0.061153
0.031184
0.031326
0.031283
0.031194
0.057290
0.038879
0.031280
0.031430
0.031032
0.031156
0.031044
0.031175
0.031126
0.031321
0.054804
0.031220
0.030383
0.030595
0.030447
0.060172
0.030302
0.030292
0.030271
0.030317
0.030226
0.030263
0.030285
0.030294
0.030293
0.030229
0.030389
0.030294
0.030385
0.030451
0.030394
0.030425
0.038708
0.030585
0.030545
0.060205
0.030453
0.030498
0.030510
0.030513
0.030421
0.053883
0.039086
0.038943
0.036868
0.030362
0.030338
0.030443
0.030403
0.030379
0.030430
0.030284
0.030384
0.030433
0.030439
0.060056
0.030394
0.030404
0.030283
0.030535
0.031184
0.049349
0.041480
0.039770
0.040662
0.030781
0.030720
0.030467
0.030363
0.031181
0.030437
0.060221
0.031400
0.030384
0.030661
0.060214
0.030291
0.030410
0.030486
0.030375
0.030470
0.030511
0.030406
0.030554
0.030458
0.030575
0.030565
0.030462
0.030493
0.030528
0.030428
0.020480
0.030391
0.041825
0.033854
0.059866
0.030409
0.020435
0.030372
0.030527
0.030478
0.030385
0.030529
0.052585
0.038791
0.031366
0.031260
0.031223
0.031299
0.031299
0.031248
0.038258
0.040009
0.039760
0.039963
0.076575
0.036573
0.031832
0.031405
0.031155
0.031158
0.020423
0.041919
0.027022
0.026470
0.026552
0.039676
0.053332
0.059468
0.031175
0.020308
0.020302
0.022752
0.027081
0.023941
0.046431
0.031279
0.031199
0.031161
0.031065
0.031104
0.031179
0.039783
0.039813
0.039820
0.065471
0.039062
0.031198
0.031274
0.031195
0.031234
0.031325
0.048160
0.030817
0.030542
0.060508
0.030426
0.030379
0.030336
0.030443
0.030349
0.030377
0.054884
0.030748
0.030358
0.045531
0.030460
0.030401
0.030662
0.030455
0.030349
0.030365
0.030324
0.030313
0.030500
0.060083
0.030267
0.030564
0.030346
0.030302
0.030398
0.030576
0.030380
0.031563
0.033624
0.030307
0.030387
0.030621
0.030386
0.030465
0.030264
0.030428
0.045795
0.030453
0.037369
0.060715
0.031032
0.030291
0.030383
0.030416
0.030272
0.030347
0.030298
0.030377
0.030365
0.030410
0.030302
0.030413
0.030339
0.030431
0.030421
0.030473
0.030314
0.030398
0.030355
0.060725
0.039415
0.036575
0.030383
0.030484
0.030437
0.030625
0.030353
0.030258
0.030373
0.030230
0.053299
0.035051
0.030770
0.030811
0.030710
0.030694
0.030654
0.032096
0.040199
0.060601
0.030365
0.030344
0.031772
0.040020
0.039366
0.035298
0.030343
0.030719
0.030473
0.030378
0.040986
0.038517
0.031645
0.031613
0.031158
0.031144
0.031131
0.031110
0.031183
0.060793
0.057986
0.031209
0.031264
0.031136
0.031233
0.031146
0.031014
0.031261
0.031224
0.031261
0.031130
0.031102
0.031166
0.031119
0.031468
0.031353
0.031229
0.031118
0.031060
0.061258
0.031212
0.042939
0.033517
0.030599
0.030359
0.030580
0.030363
0.030397
0.030323
0.030507
0.030250
0.030357
0.037198
0.031105
0.030554
0.030462
0.030361
0.030396
0.030670
0.060218
0.030627
0.030401
0.030527
0.030478
0.030323
0.030454
0.030459
0.030323
0.030287
0.030456
0.030255
0.030508
0.030408
0.030336
0.033364
0.030213
0.030520
0.030269
0.030351
0.059998
0.030293
0.030801
0.030271
0.030221
0.035417
0.030102
0.030152
0.030434
0.030207
0.030608
0.030236
0.030243
0.030405
0.030347
0.030226
0.030197
0.030325
0.030172
0.030220
0.059791
0.030232
0.030222
0.030320
0.030273
0.049582
0.039161
0.039236
