0.467786
0.030406
0.030028
0.030018
0.029833
0.029809
0.029880
0.029864
0.039135
0.038981
0.037953
0.037788
0.029869
0.030034
0.029883
0.029902
0.029686
0.037382
0.030499
0.029830
0.019848
0.019844
0.029758
0.029774
0.029739
0.030943
0.029899
0.029890
0.031006
0.032756
0.030073
0.029843
0.029856
0.029901
0.029929
0.030171
0.029734
0.029988
0.029834
0.029823
0.060356
0.029750
0.029860
0.019898
0.019840
0.019946
0.019861
0.029843
0.019918
0.019966
0.020034
0.029891
0.020787
0.025802
0.032132
0.019807
0.030141
0.020125
0.020029
0.019949
0.019958
0.020505
0.019952
0.020012
0.019885
0.020024
0.020012
0.022561
0.026194
0.020688
0.020021
0.020025
0.019939
0.019955
0.020024
0.019984
0.020033
0.020066
0.020046
0.020019
0.019994
0.020012
0.019948
0.020005
0.020094
0.019952
0.020066
0.019948
0.019992
0.020008
0.020033
0.019957
0.019914
0.019953
0.020094
0.020195
0.020000
0.021141
0.026047
0.022370
0.020077
0.020025
0.020020
0.020003
0.020002
0.019973
0.019926
0.020049
0.019966
0.020066
0.020046
0.019974
0.019991
0.024515
0.026532
0.019981
0.020047
0.020020
0.020046
0.020000
0.019975
0.020015
0.020036
0.020009
0.019958
0.020067
0.020079
0.020026
