0.515821
0.035051
0.031932
0.031558
0.031798
0.031334
0.031276
0.031272
0.031358
0.031138
0.031267
0.031428
0.048420
0.038777
0.031338
0.031282
0.031371
0.031270
0.031248
0.031358
0.054998
0.031252
0.036016
0.038439
0.030426
0.030516
0.020482
0.020539
0.030444
0.030476
0.020646
0.030879
0.020920
0.021027
0.030803
0.030532
0.030535
0.030523
0.030482
0.030455
0.060308
0.028730
0.030583
0.030528
0.030627
0.061213
0.030596
0.030569
0.030562
0.030582
0.030630
0.030641
0.030534
0.030587
0.030656
0.031896
0.033569
0.030547
0.030858
0.030866
0.060199
0.030495
0.030637
0.030646
0.030589
0.030530
0.030530
0.030629
0.030502
0.030614
0.030597
0.030565
0.030575
0.030506
0.030565
0.030489
0.030459
0.044934
0.030734
0.030646
0.060298
0.030626
0.030527
0.030463
0.030858
0.030633
0.030613
0.039283
0.031510
0.030448
0.030524
0.030685
0.030504
0.030434
0.030338
0.030408
0.030544
0.030382
0.030346
0.030509
0.059925
0.030531
0.030423
0.030589
0.030476
0.030550
0.030500
0.030571
0.030392
0.041928
0.030840
0.031247
0.031336
0.031308
0.030521
0.030477
0.030494
0.030532
0.030511
0.030838
0.082067
0.031088
0.030617
0.030575
0.028569
0.030592
0.030691
0.028654
0.030606
0.030647
0.030939
0.030535
0.030649
0.030544
0.030442
0.030447
0.030484
0.030395
0.030400
0.030395
0.060118
0.033561
0.030334
0.030284
0.030265
0.030185
0.030183
0.030433
0.030380
0.030332
0.030336
0.031011
0.037918
0.030396
0.030332
0.046054
0.030241
0.030484
0.030298
0.030279
0.059901
0.030215
0.030392
0.030364
0.030703
0.030396
0.030507
0.030528
0.030420
0.030613
0.030549
0.030574
0.030513
0.039204
0.030883
0.030334
0.030311
0.030353
0.030263
0.030393
0.059638
0.030339
0.030182
0.050595
0.030681
0.030252
0.030491
0.030402
0.030333
0.030364
0.030372
0.030643
0.030545
0.030576
0.030392
0.030514
0.030452
0.030366
0.030406
0.030308
0.059725
0.030361
0.030323
0.030459
0.030351
0.039120
0.030768
0.030382
0.030343
0.030355
0.030492
0.030365
0.030296
0.030358
0.045556
0.030319
0.033278
0.030432
0.030172
0.030260
0.059730
0.030396
0.030735
0.030324
0.030320
0.030247
0.030397
0.030326
0.030282
0.030222
0.030349
0.030288
0.030327
0.030161
0.030185
0.030304
0.030279
0.049744
0.030792
0.030425
0.059671
0.030367
0.030243
0.030277
0.038662
0.039785
0.055508
0.038401
0.031007
0.031227
0.031183
0.031130
0.031104
0.031204
0.030704
0.030325
0.030150
0.030297
0.030262
0.030316
0.059579
0.030280
0.030320
0.030285
0.030223
0.030340
0.030254
0.048675
0.032338
0.030492
0.031175
0.031687
0.030900
0.030190
0.030296
0.030226
0.030394
0.030355
0.031754
0.033426
0.059433
0.030201
0.030203
0.030088
0.030169
0.030248
0.030110
0.030157
0.030192
0.030160
0.030268
0.030040
0.030166
0.030292
0.030095
0.030124
0.030226
0.030161
0.030301
0.030282
0.064095
0.030667
0.030283
0.030329
0.030217
0.030401
0.030207
0.030149
0.030162
0.030161
0.030210
0.038729
0.031002
0.030231
0.030272
0.030280
0.030323
0.030366
0.030245
0.030262
0.059770
0.030310
0.030257
0.030349
0.030280
0.030264
0.042882
0.035386
0.031826
0.030268
0.030307
0.030145
0.038404
0.030542
0.030169
0.030315
0.030257
0.030588
0.030181
0.030391
0.059550
0.030243
0.048403
0.038458
0.030451
0.030261
0.030262
0.030141
0.030145
0.030252
0.030195
0.030112
0.030209
0.030159
0.030257
0.030147
0.030193
0.030210
0.030156
0.030156
0.059624
0.030214
0.030083
0.039044
0.038301
0.030986
0.030972
0.031012
0.030999
0.030912
0.030934
0.030971
0.030912
0.030892
0.055524
0.031902
0.031731
0.031953
0.031045
0.030857
0.060357
0.031015
0.031023
0.030911
0.031022
0.030927
0.030936
0.030873
0.031010
0.030804
0.030878
0.031026
0.030411
0.030223
0.057312
0.030155
0.030237
0.030073
0.030180
0.030152
0.059443
0.030169
0.030169
0.030135
0.043044
0.033303
0.030126
0.030094
0.030014
0.030091
0.030128
0.030008
0.030080
0.029998
0.030088
0.030192
0.030145
0.030120
0.030160
0.030200
0.059545
0.030161
0.030111
0.030179
0.030183
0.030105
0.053147
0.039083
0.038608
0.030674
0.030504
0.030436
0.030421
0.030428
0.030432
0.030487
0.035495
0.033706
0.030335
0.030439
0.059581
0.030407
0.030320
0.030280
0.030293
0.030406
0.030340
0.030349
0.030391
0.030308
0.030266
0.030201
0.029949
0.030016
0.030318
0.030273
0.030171
0.030080
0.048142
0.030433
0.059432
0.030208
0.030018
0.030119
0.030121
0.030056
0.030233
0.030048
0.043271
0.039045
0.038269
0.030161
0.030112
0.030127
0.030128
0.030099
0.029966
0.030075
0.030120
0.030091
0.059509
0.030223
0.030171
0.029973
0.029982
0.030066
0.030063
0.030100
0.030003
0.030270
0.039489
0.030021
0.029980
0.030098
0.030131
0.030118
0.030116
0.030094
0.030162
0.030105
0.072133
0.031608
0.030878
0.030925
0.030948
0.031007
0.030953
0.031697
0.032032
0.036261
0.039294
0.039428
0.039407
0.039429
0.039638
0.039277
0.039643
0.039294
0.039302
0.075338
0.052425
0.030704
0.034530
0.034263
0.030558
0.030371
0.030086
0.029884
0.054442
0.030685
0.030013
0.029977
0.030083
0.045283
0.029994
0.030047
0.030058
0.029933
0.030000
0.030096
0.059602
0.029972
0.030007
0.030008
0.030197
0.029971
0.029972
0.030050
0.029960
0.029917
0.042413
0.032671
0.030036
0.029933
0.030015
0.029973
0.030057
0.030285
0.030018
0.030121
0.060230
0.036420
0.030230
0.030176
0.030059
0.030257
0.030152
0.030118
0.030252
0.030022
0.030187
0.030905
0.030281
0.030249
0.030208
0.030284
0.030229
0.030280
0.030345
0.030263
0.059696
0.030226
0.052001
0.038934
0.038602
0.037053
0.030402
0.030411
0.030367
0.030308
0.030396
0.030299
0.054583
0.030834
0.030437
0.030240
0.030258
0.030336
0.030276
0.045843
0.060970
0.030112
0.030155
0.030080
0.030174
0.030322
0.030152
0.030103
0.030157
0.030576
0.030334
0.030486
0.030253
0.053636
0.038600
0.038418
0.038248
0.039258
0.042458
0.042101
0.073024
0.044030
0.042536
0.042358
0.042400
0.042256
0.042113
0.042159
0.042261
0.042584
0.043949
0.042990
0.042446
0.049010
0.067947
0.088390
0.038132
0.037696
0.032707
0.031220
0.061439
0.031297
0.031188
0.031054
0.049353
0.035795
0.030157
0.030254
0.030081
0.030262
0.030560
0.030239
0.030117
0.030102
0.030113
0.030156
0.030174
0.030217
