0.579964
0.032955
0.033029
0.032489
0.032212
0.032049
0.032168
0.032089
0.032039
0.031999
0.032062
0.032034
0.032311
0.032012
0.031907
0.031941
0.031836
0.031730
0.031868
0.031775
0.055886
0.040590
0.032125
0.032003
0.031866
0.031887
0.031851
0.031584
0.031724
0.031689
0.031645
0.031738
0.042066
0.031863
0.031884
0.031991
0.031741
0.031900
0.031957
0.031782
0.061311
0.031958
0.031925
0.031535
0.031695
0.031679
0.031824
0.031771
0.031781
0.031855
0.031979
0.032094
0.036342
0.031857
0.031848
0.031662
0.031793
0.031759
0.031860
0.032018
0.062311
0.032024
0.045318
0.032083
0.031942
0.031813
0.031888
0.031887
0.032103
0.031919
0.031981
0.031856
0.031919
0.031928
0.031964
0.031632
0.032135
0.031945
0.031814
0.032163
0.061760
0.031811
0.045048
0.032106
0.032067
0.031921
0.032031
0.032082
0.032068
0.031867
0.031852
0.032025
0.046150
0.032472
0.032071
0.032175
0.032257
0.032139
0.032088
0.032164
0.062535
0.031926
0.032178
0.032103
0.032225
0.032233
0.032245
0.032284
0.032158
0.032415
0.032268
0.032334
0.059549
0.032585
0.032262
0.032022
0.032265
0.032233
0.037390
0.034887
0.062222
0.053305
0.032555
0.032536
0.032632
0.032518
0.032442
0.032237
0.032252
0.032335
0.032537
0.032353
0.032576
0.032287
0.032161
0.032248
0.032389
0.032271
0.032239
0.032043
0.062428
0.049123
0.033272
0.032075
0.032245
0.032187
0.032185
0.032225
0.032268
0.032002
0.053349
0.032295
0.032153
0.032124
0.032070
0.032103
0.032136
0.032017
0.032040
0.032053
0.061898
0.032022
0.032019
0.031822
0.031971
0.031833
0.031860
0.031878
0.031887
0.031738
0.031872
0.040142
0.032037
0.031881
0.031961
0.031930
0.031925
0.031921
0.031807
0.031825
0.062363
0.035554
0.031521
0.031696
0.031850
0.031770
0.032003
0.031718
0.031868
0.031743
0.031745
0.031941
0.032009
0.031757
0.031777
0.031887
0.031829
0.031874
0.031841
0.031911
0.061791
0.047842
0.032034
0.031680
0.031720
0.031744
0.031740
0.031884
0.031815
0.031896
0.031693
0.031644
0.043522
0.032079
0.031781
0.031881
0.031916
0.031850
0.031858
0.031667
0.062365
0.031830
0.031667
0.032544
0.031847
0.032051
0.031943
0.032199
0.032125
0.031934
0.031790
0.031886
0.035161
0.034418
0.031970
0.031925
0.032085
0.031962
0.032188
0.032028
0.061814
0.032173
0.049291
0.046448
0.042027
0.041860
0.041612
0.039853
0.033503
0.033159
0.034031
0.033642
0.032818
0.033087
0.032894
0.032524
0.032145
0.032210
0.039728
0.042562
0.063387
0.033643
0.032154
0.032226
0.032057
0.032136
0.032148
0.032068
0.032052
0.032012
0.031996
0.040533
0.032392
0.032034
0.031894
0.031974
0.031841
0.032491
0.031669
0.031692
0.061648
0.031644
0.031713
0.031715
0.031554
0.031520
0.031413
0.031526
0.031458
0.031341
0.031358
0.035129
0.034841
0.031262
0.031173
0.031086
0.031121
0.030964
0.031107
0.030946
0.061049
0.034586
0.040421
0.039699
0.039317
0.039499
0.030786
0.030944
0.030539
0.030864
0.030713
0.030785
0.030837
0.030772
0.030608
0.030658
0.030581
0.030927
0.030758
0.030674
0.060570
0.030484
0.061059
0.030589
0.030532
0.030544
0.030608
0.030538
0.030519
0.030688
0.030552
0.030586
0.033123
0.033720
0.039188
0.039301
0.039198
0.040330
0.043075
0.043072
0.073904
0.043130
0.043271
0.043089
0.043121
0.043273
0.043109
0.043181
0.083407
0.042528
0.030891
0.030905
0.030899
0.030792
0.030726
0.030895
0.030614
0.030635
0.038765
0.030772
0.060376
0.030623
0.030495
0.039987
0.039994
0.038937
0.030606
0.030614
0.028730
0.030701
0.030577
0.030493
0.030521
0.030556
0.030849
0.030506
0.030488
0.030454
0.049440
0.030818
0.060769
0.030688
0.030464
0.030805
0.030532
0.030418
0.030339
0.030415
0.048850
0.030780
0.030459
0.030449
0.030351
0.030310
0.030371
0.030480
0.030186
0.030488
0.030410
0.030315
0.060247
0.030142
0.030227
0.030152
0.030328
0.030313
0.030318
0.030416
0.030385
0.030293
0.039533
0.030684
0.030466
0.030427
0.030710
0.031587
0.030814
0.030950
0.064657
0.058602
0.064946
0.030389
0.030543
0.030468
0.030303
0.030484
0.030789
0.038702
0.045606
0.030520
0.030551
0.041315
0.039482
0.034864
0.030136
0.043626
0.031947
0.030311
0.030240
0.030140
0.060211
0.030329
0.030202
0.030179
0.030267
0.036726
0.030743
0.030291
0.030281
0.030228
0.030213
0.030269
0.030205
0.030194
0.030256
0.030285
0.030314
0.030171
0.030228
0.030360
0.060645
0.030287
0.030556
0.030286
0.030291
0.030269
0.030199
0.042678
0.030375
0.030208
0.030363
0.030277
0.030282
0.030080
0.030191
0.030278
0.030106
0.030066
0.039632
0.030181
0.059994
0.030174
0.030356
0.030197
0.030091
0.030196
0.030242
0.030159
0.030626
0.034768
0.038753
0.038503
0.038439
0.038487
0.042498
0.045072
0.070296
0.038877
0.042282
0.043331
0.097054
0.047973
0.030415
0.039109
0.038484
0.040473
0.057205
0.064217
0.030416
0.030413
0.030868
0.030499
0.030702
0.030653
0.030844
0.030447
0.030441
0.026640
0.026569
0.026377
0.020387
0.020357
0.030376
0.053765
0.038478
0.038338
0.040401
0.042167
0.052149
0.061979
0.056296
0.038948
0.030458
0.030375
0.030393
0.030120
0.030097
0.030179
0.030200
0.030102
0.060097
0.030154
0.030040
0.030085
0.030157
0.029971
0.030072
0.030027
0.030128
0.030251
0.030132
0.030040
0.038597
0.039376
0.030901
0.030773
0.030892
0.030907
0.030976
0.030864
0.061188
0.046877
0.038502
0.038310
0.038170
0.041068
0.042422
0.042448
0.042251
0.042339
0.042446
0.043578
0.042381
0.042686
0.042290
0.041909
0.042274
0.077817
0.043517
0.030312
0.060780
0.032678
0.030369
0.030472
0.030288
0.030365
0.048636
0.032316
0.030211
0.030097
0.030092
0.030069
0.030085
0.030009
0.030283
0.030094
0.030121
0.030234
0.030100
